Component_ID,RA,DEC,ASKAP_flux,ASKAP_flux_SNR,RA_comp,DEC_comp,Comp_flux,Flux_Ratio_AlphaCorr,Flux_Ratio_NOAlphaCorr
SB74739_component_6a,3.249401,-39.907186,645.2310180664062,992.6631469726562,3.24976,-39.90762,286.2,9.347754321126532,2.2544759541104344
SB74739_component_7a,8.237197,-37.330894,571.2579956054688,1163.458251953125,8.23741,-37.33154,2858.3,0.828678678016672,0.19985935542296776
SB74739_component_8a,4.940933,-36.033059,509.3340148925781,1358.2239990234375,4.9414,-36.03315,1794.2,1.177046202390078,0.2838780597996757
SB74739_component_10a,3.168725,-40.558325,502.45098876953125,587.6619873046875,3.16912,-40.5589,381.3,5.463721851559999,1.3177314156032816
SB74739_component_11a,8.135176,-40.960841,466.0419921875,958.9341430664062,8.13584,-40.96102,2109.9,0.9158510761725822,0.22088345048935967
SB74739_component_13a,5.399549,-33.576462,442.5320129394531,314.0752258300781,5.40015,-33.57651,1443.9,1.2707767456774781,0.3064838374814413
SB74739_component_14a,11.527835,-35.074712,429.15899658203125,755.5615844726562,11.52736,-35.07436,1316.0,1.3521473273069788,0.32610866001674105
SB74739_component_16a,8.517931,-41.272214,394.6499938964844,652.3140258789062,8.51867,-41.27142,269.7,6.06726321270978,1.4632925246439912
SB74739_component_17a,3.434379,-38.335504,373.68701171875,791.7097778320312,3.43414,-38.33561,1319.2,1.1745162850534703,0.28326789851330353
SB74739_component_18a,9.428418,-35.393654,356.4620056152344,1070.4564208984375,9.42659,-35.39387,840.6,1.75826990541215,0.4240566328993985
SB74739_component_20a,6.20826,-37.465554,346.2900085449219,983.7784423828125,6.20906,-37.4658,1139.8,1.2597170010211194,0.3038164665247604
SB74739_component_22a,7.866482,-41.137866,347.2690124511719,691.77099609375,7.86726,-41.13775,160.1,8.993658280058785,2.169075655535115
SB74739_component_25a,5.349892,-39.440714,344.9949951171875,1011.715576171875,5.35054,-39.44066,953.8,1.4997440886073887,0.3617058032262398
SB74739_component_27a,6.382563,-37.30255,284.5899963378906,912.1473999023438,6.38313,-37.30302,33.6,35.1189914103166,8.469940367199126
SB74739_component_28a,5.381523,-34.877816,277.4219970703125,762.1483764648438,5.38216,-34.87822,1118.5,1.0284107020973925,0.2480303952349687
SB74739_component_29a,4.406709,-36.786468,283.4599914550781,1019.6402587890625,4.4073,-36.78644,1355.9,0.8668137486388096,0.20905670879495397
SB74739_component_30a,4.257229,-36.688792,271.66900634765625,1021.3120727539062,4.25763,-36.68896,748.1,1.505712728392024,0.3631453099153272
SB74739_component_31a,4.024404,-33.770969,276.05999755859375,198.3189697265625,4.02464,-33.77102,639.9,1.7887640244280827,0.4314111541781431
SB74739_component_33a,11.299828,-37.0969,253.0399932861328,965.801513671875,11.29922,-37.09722,108.2,9.696691723039244,2.3386321006112087
SB74739_component_35a,9.077173,-33.687061,255.375,249.87770080566406,9.07771,-33.68753,744.8,1.4216752204371448,0.34287728249194416
SB74739_component_36a,6.051802,-38.476047,234.81500244140625,795.9830932617188,6.05265,-38.4761,586.6,1.659760650831637,0.40029833351756944
SB74739_component_37a,10.504637,-40.51124,234.8489990234375,724.8425903320312,10.50419,-40.51174,95.6,10.185738055623942,2.456579487692861
SB74739_component_38a,5.36698,-35.820437,230.93800354003906,747.3721923828125,5.36718,-35.82079,651.3,1.4701986207318387,0.3545800760633181
SB74739_component_40a,3.145834,-34.759875,237.31900024414062,254.36119079589844,3.14666,-34.75998,1213.1,0.8111433079118991,0.19563020381183796
SB74739_component_42a,5.521607,-34.59524,219.42799377441406,601.1725463867188,5.52223,-34.59578,706.4,1.2879619233429729,0.31062853025823056
SB74739_component_48a,9.062093,-39.152744,202.9340057373047,491.3656311035156,9.06252,-39.15248,384.9,2.186092826210082,0.527238258605624
SB74739_component_50a,7.887714,-33.660991,212.41099548339844,246.41647338867188,7.88799,-33.66091,627.4,1.403764198744833,0.3385575318511292
SB74739_component_51a,7.442717,-33.967588,184.697998046875,349.14556884765625,7.44289,-33.96724,447.3,1.7120836192821236,0.4129175006637044
SB74739_component_53a,10.68515,-34.57552,173.82200622558594,421.8980712890625,10.68491,-34.57583,399.0,1.8063152338045163,0.43564412587866147
SB74739_component_58a,4.821198,-35.454,176.03700256347656,654.4126586914062,4.82147,-35.45384,401.3,1.8188483376884745,0.438666839181352
SB74739_component_59a,8.921264,-33.773575,174.47799682617188,228.3743438720703,8.92101,-33.77342,750.4,0.9640721190436701,0.2325133219964977
SB74739_component_61a,12.285459,-37.357133,174.19200134277344,304.5314636230469,12.28505,-37.35742,248.5,2.9064542955134667,0.700973848461865
SB74739_component_62a,5.771631,-40.033459,167.17599487304688,690.8098754882812,5.77241,-40.03348,607.5,1.141009646873801,0.27518682283629115
SB74739_component_69a,2.568365,-36.32485,158.30999755859375,140.84519958496094,2.56888,-36.32515,407.1,1.6123856411531372,0.38887250689902664
SB74739_component_72a,2.708172,-38.258886,153.6179962158203,203.1984100341797,2.70788,-38.25911,448.7,1.4195402414134553,0.342362371775842
SB74739_component_80a,5.859292,-40.260025,136.73399353027344,569.7249755859375,5.86008,-40.25999,513.6,1.103857887787996,0.26622662291719906
SB74739_component_82a,6.788571,-36.397354,135.5780029296875,564.9083862304688,6.78845,-36.39791,39.1,14.377194801553879,3.467468105618606
SB74739_component_83a,6.782429,-39.730651,146.1060028076172,649.3600463867188,6.78323,-39.73044,626.6,0.96680603123517,0.23317268242517902
SB74739_component_84a,8.960443,-41.238672,147.8730010986328,311.31158447265625,8.96131,-41.23843,436.9,1.4033581606514727,0.33845960425413785
SB74739_component_85a,12.669878,-36.151509,141.3090057373047,107.70503234863281,12.66948,-36.15121,172.5,3.3965844999006993,0.8191826419553895
SB74739_component_87a,8.264585,-36.212377,138.92599487304688,571.7119140625,8.26402,-36.21218,354.0,1.6272037469920588,0.3924463132006974
SB74739_component_88a,2.929851,-38.820327,138.67599487304688,241.17564392089844,2.92992,-38.82082,399.4,1.43964333786378,0.3472108033876988
SB74739_component_89a,4.434108,-35.301658,133.9720001220703,505.55474853515625,4.4346,-35.30149,364.9,1.5223056524339866,0.3671471639409984
SB74739_component_92a,10.530602,-36.786863,134.7220001220703,585.747802734375,10.53063,-36.78766,449.8,1.2418832024240707,0.2995153404225663
SB74739_component_100a,7.562296,-33.851738,116.572998046875,195.2646484375,7.56258,-33.85147,179.9,2.6867575915910593,0.647987760127154
SB74739_component_101a,6.375977,-41.703891,121.48100280761719,292.7253112792969,6.37607,-41.70381,264.3,1.9057805367803293,0.45963300343404156
SB74739_component_107a,3.74106,-40.603922,113.66799926757812,237.30270385742188,3.74122,-40.60439,487.6,0.966576430785507,0.23311730776779763
SB74739_component_108a,2.696761,-36.81359,118.86399841308594,144.42770385742188,2.69692,-36.81359,201.9,2.441044509921565,0.5887270847602077
SB74739_component_110a,11.994727,-38.734568,118.13099670410156,282.61004638671875,11.99509,-38.73513,409.3,1.196695907270667,0.28861714318128895
SB74739_component_113a,12.479359,-35.104599,120.94100189208984,81.114013671875,12.47944,-35.10467,500.4,1.0021158775447807,0.24168865286189017
SB74739_component_116a,11.809395,-40.883462,107.38999938964844,152.3262481689453,11.80939,-40.88334,327.5,1.3596095853145922,0.327908395082896
SB74739_component_121a,7.409665,-38.665961,102.88800048828125,494.6538391113281,7.41023,-38.66589,584.0,0.7304888011375846,0.17617808302787885
SB74739_component_122a,3.066182,-37.687269,104.8290023803711,223.99359130859375,3.06572,-37.68727,552.2,0.7871304849831482,0.1898388308228379
SB74739_component_123a,3.857264,-36.27172,98.7020034790039,368.2910461425781,3.85732,-36.27162,424.7,0.9636190771861239,0.2324040581092628
SB74739_component_129a,5.375062,-36.071391,94.2699966430664,399.4491271972656,5.37473,-36.07153,216.0,1.8095951458215571,0.43643516964382595
SB74739_component_132a,9.722297,-34.3759,92.03299713134766,259.980224609375,9.7232,-34.37615,44.6,8.55599237465628,2.063520115052638
SB74739_component_141a,8.024121,-40.564026,86.23100280761719,329.1259765625,8.02526,-40.56477,104.2,3.431289804638514,0.8275528100539077
SB74739_component_142a,6.11127,-34.448012,83.31500244140625,257.941162109375,6.11149,-34.44726,37.4,9.236624561134041,2.227673862069686
SB74739_component_146a,9.585354,-35.664309,82.72699737548828,314.5513000488281,9.58301,-35.66439,241.3,1.4215155731033475,0.34283877901155524
SB74739_component_148a,6.5114,-39.24392,86.58200073242188,435.0854187011719,6.51226,-39.24288,260.3,1.379161519621416,0.3326238983189469
SB74739_component_150a,8.564852,-34.867157,81.33999633789062,387.33331298828125,8.56362,-34.86733,192.3,1.7538261709278684,0.42298490035304537
SB74739_component_151a,5.979905,-36.402438,82.12899780273438,408.6019592285156,5.9798,-36.40242,204.7,1.6635672529453984,0.4012164035307004
SB74739_component_152a,4.195096,-36.950446,84.93199920654297,398.7417907714844,4.19525,-36.95026,231.1,1.5238179450492484,0.3675118961771656
SB74739_component_153a,7.936896,-40.698256,81.74299621582031,306.153564453125,7.93795,-40.69773,98.0,3.4584870893737625,0.8341122062838807
SB74739_component_156a,10.080494,-40.473048,86.30899810791016,328.17108154296875,10.08031,-40.47314,265.6,1.3473787284341945,0.3249585772135171
SB74739_component_157a,2.810478,-36.344019,87.31099700927734,120.26307678222656,2.81073,-36.34345,135.4,2.673695624112041,0.6448374963757558
SB74739_component_158a,8.449699,-36.898532,76.22200012207031,348.045654296875,8.44969,-36.89896,182.0,1.7364833957686578,0.4188021984729138
SB74739_component_164a,10.790063,-34.455189,78.09400177001953,191.8771514892578,10.78984,-34.45555,423.4,0.7647658848092989,0.184444973476664
SB74739_component_166a,6.728243,-40.314832,78.18000030517578,388.9552307128906,6.72884,-40.31444,304.9,1.0631631752808988,0.256411939341344
SB74739_component_170a,6.286799,-40.861859,72.63400268554688,232.80128479003906,6.28732,-40.86198,86.6,3.4776331565636003,0.83872982315874
SB74739_component_174a,7.689983,-40.119587,70.55899810791016,379.3494567871094,7.69046,-40.11932,191.0,1.5317247164985937,0.3694188382613097
SB74739_component_177a,6.217063,-34.479613,68.7969970703125,220.50318908691406,6.21751,-34.47901,328.2,0.8691457032060639,0.2096191257474482
SB74739_component_179a,12.681986,-36.94201,75.45800018310547,85.16704559326172,12.682,-36.94287,118.6,2.638045514986568,0.6362394619148859
SB74739_component_180a,3.900842,-35.517389,68.22100067138672,212.52647399902344,3.90111,-35.51716,381.2,0.7420392461744987,0.17896380029220021
SB74739_component_181a,2.974115,-38.124683,69.5260009765625,129.23048400878906,2.97369,-38.12462,74.4,3.8746813894270753,0.9344892604376679
SB74739_component_182a,4.108935,-34.550982,68.66799926757812,176.07179260253906,4.10973,-34.5511,310.8,0.9160835103600286,0.2209395085829412
SB74739_component_183a,9.257981,-41.584379,74.94300079345703,94.98479461669922,9.25866,-41.58446,189.9,1.6363183327318553,0.3946445539413219
SB74739_component_185a,6.827513,-40.810802,71.42500305175781,267.5093994140625,6.82777,-40.80998,205.0,1.4446348541015066,0.34841464903296493
SB74739_component_186a,11.862074,-40.804406,72.7979965209961,109.47066497802734,11.86149,-40.80407,237.6,1.270382998746151,0.30638887424661654
SB74739_component_189a,3.068775,-39.074634,67.12300109863281,146.87747192382812,3.0693,-39.07514,305.7,0.9104112363265099,0.2195714788964109
SB74739_component_191a,5.041038,-33.50135,66.18399810791016,46.93900680541992,5.04164,-33.50202,114.9,2.3883317513865734,0.5760139086850318
SB74739_component_193a,5.70638,-36.636365,65.15899658203125,344.756591796875,5.70651,-36.63646,87.7,3.0806082669182637,0.7429760157586232
SB74739_component_194a,11.524299,-35.135087,66.21499633789062,139.9894256591797,11.52378,-35.13458,283.4,0.9687644547619129,0.23364501177801916
SB74739_component_196a,7.252028,-36.650081,63.499000549316406,314.3514709472656,7.2522,-36.65004,230.9,1.1402619672447776,0.27500649869777566
SB74739_component_198a,3.008077,-38.997979,61.98400115966797,124.2164306640625,3.00798,-38.99816,193.6,1.3275042994608017,0.32016529524621884
SB74739_component_203a,12.727151,-40.516409,65.447998046875,55.890689849853516,12.72725,-40.51639,90.7,2.9919254071933357,0.721587630064774
SB74739_component_206a,6.255492,-33.828125,60.99399948120117,103.2047348022461,6.25581,-33.82767,155.8,1.6232347839427748,0.3914890852451936
SB74739_component_215a,7.34223,-41.497562,63.16899871826172,94.42301177978516,7.34225,-41.49731,254.3,1.029957525044195,0.24840345543948766
SB74739_component_229a,6.62416,-35.059487,57.36199951171875,273.1523742675781,6.62438,-35.05918,142.8,1.6655503120511468,0.40169467445181195
SB74739_component_231a,10.459951,-38.336289,51.39899826049805,249.50970458984375,10.46015,-38.33636,70.2,3.035842418728607,0.732179462400257
SB74739_component_233a,12.525315,-35.634749,55.14699935913086,42.51888656616211,12.52535,-35.63459,150.2,1.522346931541989,0.3671571195681149
SB74739_component_235a,7.65078,-34.794041,50.72700119018555,234.84722900390625,7.65046,-34.79382,231.8,0.9073763165667832,0.21883952195938544
SB74739_component_238a,12.40378,-36.655002,56.590999603271484,74.55994415283203,12.40332,-36.65489,200.1,1.172632586560536,0.28281359122074706
SB74739_component_239a,4.064634,-38.897967,49.520999908447266,197.29483032226562,4.06498,-38.89839,149.5,1.3734406421885168,0.3312441465447978
SB74739_component_242a,11.211938,-34.965894,49.255001068115234,127.60363006591797,11.21115,-34.96616,20.8,9.8185799315585,2.36802889750554
SB74739_component_244a,7.635845,-36.007621,49.20000076293945,240.0,7.63595,-36.00819,30.0,6.799947143557891,1.6400000254313152
SB74739_component_246a,9.568981,-34.194097,49.790000915527344,127.34015655517578,9.56964,-34.19408,91.2,2.263648435849405,0.5459429924948174
SB74739_component_249a,10.254817,-37.34656,49.90599822998047,239.93267822265625,10.25511,-37.34672,190.5,1.0862241368925427,0.26197374398939877
SB74739_component_253a,10.788234,-40.783937,49.249000549316406,141.11460876464844,10.78824,-40.78368,57.5,3.5513318707878083,0.8565043573794158
SB74739_component_254a,12.907817,-39.076838,49.625999450683594,40.37916946411133,12.90829,-39.07743,475.8,0.4324605644639753,0.10430012494889364
SB74739_component_256a,4.122152,-39.882557,46.803001403808594,187.9638671875,4.12283,-39.88328,67.4,2.8792242416097062,0.6944065490179316
SB74739_component_259a,7.489655,-37.792043,50.946998596191406,256.01507568359375,7.49029,-37.79183,279.5,0.7557853575741907,0.18227906474487085
SB74739_component_260a,12.293418,-40.427035,48.95199966430664,63.906005859375,12.29301,-40.4271,81.8,2.4812973725844683,0.5984352037201301
SB74739_component_261a,3.809885,-36.027849,45.42900085449219,168.88104248046875,3.81007,-36.02766,116.3,1.6196275391904997,0.3906190959113688
SB74739_component_265a,8.26067,-34.088777,45.821998596191406,114.26932525634766,8.26036,-34.08811,181.9,1.044486932093936,0.25190763384382303
SB74739_component_271a,2.803189,-40.644531,45.887001037597656,38.52812957763672,2.80362,-40.64441,145.4,1.3085398429624129,0.31559147893808565
SB74739_component_272a,12.504052,-36.757527,46.94900131225586,58.98115539550781,12.50387,-36.75761,152.5,1.2764922927452262,0.3078623036869237
SB74739_component_273a,10.509981,-36.258718,44.779998779296875,157.67604064941406,10.50842,-36.25824,141.0,1.3168207060453627,0.3175886438248005
SB74739_component_276a,10.547781,-37.008972,47.54600143432617,212.25892639160156,10.54788,-37.00961,176.4,1.1175760868709055,0.26953515552339097
SB74739_component_278a,5.047568,-40.021583,43.308998107910156,195.96832275390625,5.0479,-40.02134,107.2,1.675116566979165,0.40400184802155
SB74739_component_285a,9.808258,-38.559976,42.53499984741211,130.0764617919922,9.80858,-38.56007,147.8,1.1932561562613273,0.28778754971185455
SB74739_component_287a,7.278913,-40.673616,44.68000030517578,199.4642791748047,7.27928,-40.67295,135.9,1.3631868650640455,0.3287711575068122
SB74739_component_289a,7.090461,-38.730728,43.12799835205078,245.04544067382812,7.09083,-38.73074,176.6,1.0125821915784539,0.24421290120074055
SB74739_component_291a,8.559976,-33.906038,42.13600158691406,81.18690490722656,8.55999,-33.90579,155.3,1.1249767530539247,0.27132003597497784
SB74739_component_297a,6.615287,-40.270619,44.763999938964844,215.21153259277344,6.6159,-40.27027,109.4,1.6965757167643944,0.40917733033788706
SB74739_component_300a,10.686393,-37.72,41.20500183105469,197.15310668945312,10.68639,-37.72005,120.2,1.4213700243317615,0.34280367579912385
SB74739_component_301a,8.966476,-40.950252,42.89699935913086,129.2078399658203,8.96712,-40.95028,175.0,1.0163669816585557,0.24512571062360491
SB74739_component_303a,2.436861,-36.945126,41.25600051879883,99.89346313476562,2.43712,-36.94518,79.2,2.1598501673144925,0.5209090974595811
SB74739_component_304a,6.215219,-39.139755,38.82600021362305,201.1709747314453,6.21559,-39.13899,91.5,1.7593945432117422,0.4243278711871371
SB74739_component_306a,10.487905,-39.984501,41.84400177001953,180.36207580566406,10.48797,-39.98465,124.0,1.3991787760562011,0.3374516271775769
SB74739_component_308a,8.784178,-34.482422,38.62900161743164,142.54244995117188,8.78427,-34.48257,45.5,3.520171068529484,0.8489890465369592
SB74739_component_309a,7.410301,-36.508725,43.887001037597656,222.7766571044922,7.41078,-36.50881,87.8,2.0725407155760145,0.4998519480364198
SB74739_component_312a,6.148351,-35.83853,38.2400016784668,154.1935577392578,6.14814,-35.83851,69.2,2.291255341101089,0.5526011803246647
SB74739_component_313a,3.809127,-39.180314,38.32899856567383,129.0538787841797,3.80933,-39.1805,55.1,2.884280911319165,0.6956261082699424
SB74739_component_314a,7.97547,-39.621697,39.207000732421875,195.05970764160156,7.97636,-39.62151,119.2,1.3637948544344367,0.32891779137937815
SB74739_component_316a,6.564177,-39.725526,37.893001556396484,184.8439178466797,6.56498,-39.7253,125.2,1.2549209250495985,0.3026597568402275
SB74739_component_317a,2.626315,-40.385902,40.60599899291992,37.49399948120117,2.62724,-40.38644,104.9,1.6050050139591503,0.3870924594177304
SB74739_component_318a,2.878179,-37.198044,39.417999267578125,68.19722747802734,2.87798,-37.19831,161.0,1.0151503839110014,0.24483229358744177
SB74739_component_322a,10.896173,-35.22697,37.42399978637695,107.54022979736328,10.89475,-35.22702,107.2,1.4474950884013835,0.349104475619188
SB74739_component_325a,8.191662,-33.859416,37.68899917602539,62.91986846923828,8.1915,-33.85921,69.2,2.2582405039864284,0.5446387164165518
SB74739_component_326a,11.381152,-34.560975,37.73099899291992,65.61913299560547,11.38069,-34.56026,114.1,1.371116451373982,0.33068360204136654
SB74739_component_328a,6.821452,-34.438055,37.40299987792969,135.02886962890625,6.82156,-34.43748,119.0,1.303230263560278,0.31431092334394695
SB74739_component_330a,8.461354,-39.278266,37.74399948120117,173.1376190185547,8.4621,-39.27791,104.7,1.494730574455978,0.3604966521604696
SB74739_component_332a,4.637826,-39.343583,37.479000091552734,186.46267700195312,4.63821,-39.34354,148.5,1.0464614259010665,0.2523838390003551
SB74739_component_335a,5.897723,-40.755346,39.284000396728516,139.80072021484375,5.89865,-40.7558,90.3,1.8038052166417948,0.4350387640833723
SB74739_component_339a,3.555671,-35.310454,38.91600036621094,94.0,3.55613,-35.31051,130.0,1.2412136089370247,0.2993538489708534
SB74739_component_340a,12.056557,-40.420265,39.00699996948242,66.33843231201172,12.05643,-40.42003,80.9,1.9991975482235589,0.4821631640232685
SB74739_component_343a,12.710367,-37.4511,39.94300079345703,45.5450439453125,12.71086,-37.45188,99.6,1.6628115507074963,0.4010341445126208
SB74739_component_351a,9.980894,-37.252695,34.529998779296875,168.43902587890625,9.98114,-37.25338,147.7,0.9693436057156222,0.23378469044886174
SB74739_component_352a,12.395742,-34.915068,31.697999954223633,23.03633689880371,12.39577,-34.91519,143.0,0.9190888662066811,0.2216643353442212
SB74739_component_353a,3.57496,-35.776954,37.34400177001953,109.5132064819336,3.57522,-35.7767,94.8,1.6333309806736003,0.39392406930400353
SB74739_component_354a,10.296691,-41.051394,37.125999450683594,87.35529327392578,10.29669,-41.05132,115.4,1.333933032514774,0.32171576647039507
SB74739_component_355a,8.208317,-35.724767,35.099998474121094,173.76235961914062,8.20755,-35.72457,140.8,1.0336324256072802,0.24928976189006458
SB74739_component_361a,3.724745,-37.333784,33.053001403808594,117.20922088623047,3.72487,-37.33351,78.0,1.7570251641380024,0.4237564282539563
SB74739_component_365a,7.540299,-37.046764,33.51499938964844,178.2712860107422,7.54049,-37.04718,97.1,1.4311385096578744,0.34515962296239383
SB74739_component_366a,6.08269,-40.15296,34.185001373291016,155.38636779785156,6.08323,-40.1527,103.0,1.3761318898659598,0.3318932172164176
SB74739_component_368a,10.489593,-38.561068,32.45500183105469,147.52273559570312,10.48972,-38.56115,94.8,1.4194986465279487,0.34235233999002834
SB74739_component_377a,4.209997,-39.094246,32.1870002746582,144.98648071289062,4.21025,-39.09433,111.4,1.1980004881517143,0.28893177984432855
SB74739_component_379a,4.425393,-34.155907,33.61399841308594,68.5999984741211,4.42624,-34.15588,82.5,1.6893821799568245,0.40744240500710227
SB74739_component_380a,10.553366,-40.098514,30.895999908447266,136.7079620361328,10.55339,-40.09863,111.6,1.14788859967517,0.2768458773158357
SB74739_component_381a,4.423563,-35.159929,32.07500076293945,119.6828384399414,4.42408,-35.15999,82.7,1.6081362730069286,0.3878476513051929
SB74739_component_387a,9.398383,-37.602148,32.42100143432617,93.16380310058594,9.40004,-37.60272,20.1,6.687935101200234,1.6129851459863767
SB74739_component_388a,10.786985,-36.749952,33.54899978637695,144.60775756835938,10.78678,-36.74984,94.5,1.4720055602593058,0.35501587075531166
SB74739_component_391a,6.451193,-39.498246,34.51599884033203,170.87127685546875,6.45174,-39.49762,63.9,2.2396557509999044,0.5401564763745232
SB74739_component_393a,8.243335,-34.564404,30.57200050354004,132.3463134765625,8.2433,-34.56409,24.6,5.152884797570876,1.2427642481113836
SB74739_component_394a,8.871516,-34.992668,31.097000122070312,153.18719482421875,8.87025,-34.99267,70.6,1.8263141183085243,0.4404674238253586
SB74739_component_395a,4.935956,-39.820776,31.472000122070312,148.4528350830078,4.93636,-39.82085,90.2,1.4467033557779871,0.34891352685222077
SB74739_component_399a,11.084979,-36.884163,31.184999465942383,145.7242889404297,11.08447,-36.88442,141.2,0.9157411419192326,0.2208569367276373
SB74739_component_401a,9.989662,-39.778697,29.607999801635742,129.29257202148438,9.98969,-39.77863,85.8,1.430814930891094,0.34508158276964734
SB74739_component_405a,10.582693,-36.320508,29.375,124.4703369140625,10.58117,-36.32025,73.8,1.6503771254257884,0.39803523035230354
SB74739_component_406a,8.716863,-35.372828,30.73200035095215,160.90052795410156,8.71523,-35.37306,108.8,1.1711799159439324,0.2824632385197808
SB74739_component_407a,7.995793,-34.779449,30.975000381469727,146.8009490966797,7.99537,-34.77961,187.3,0.6857016983953187,0.16537640353160557
SB74739_component_409a,3.307476,-35.066217,29.062000274658203,55.04166793823242,3.30835,-35.06612,47.1,2.5583872234641687,0.6170276066806413
SB74739_component_413a,5.573212,-39.153358,28.666000366210938,147.00514221191406,5.57398,-39.15306,90.3,1.3162580307155534,0.3174529387177291
SB74739_component_418a,7.414362,-34.398818,28.93400001525879,103.3357162475586,7.41433,-34.39806,48.2,2.4889898252262634,0.6002904567481077
SB74739_component_420a,7.63989,-37.686006,29.606000900268555,166.3258514404297,7.64017,-37.68677,27.9,4.3998434769673125,1.061146985672708
SB74739_component_421a,5.580502,-36.124796,29.604000091552734,135.7981719970703,5.58021,-36.12469,61.7,1.989421994098266,0.4798055120186829
SB74739_component_422a,9.850536,-37.723006,29.15399932861328,147.24241638183594,9.85089,-37.72352,87.7,1.3783522776074002,0.33242872666605794
SB74739_component_423a,7.271989,-37.642583,29.118000030517578,153.2526397705078,7.27217,-37.64209,66.9,1.8046671229652664,0.4352466372274675
SB74739_component_426a,6.999348,-35.585698,29.0310001373291,141.61463928222656,6.99977,-35.58604,71.7,1.6788215072733117,0.4048953994048689
SB74739_component_431a,6.393276,-35.311661,28.530000686645508,129.09503173828125,6.3937,-35.31169,72.5,1.6316441855885842,0.3935172508502829
SB74739_component_433a,8.956666,-37.137518,30.347000122070312,140.495361328125,8.9567,-37.13893,49.2,2.5574805868983037,0.6168089455705348
SB74739_component_436a,6.637973,-37.489448,28.433000564575195,145.81027221679688,6.63854,-37.48958,86.1,1.3692451911681973,0.3302322945943693
SB74739_component_451a,6.767664,-39.145248,28.290000915527344,144.3367462158203,6.76822,-39.14475,115.8,1.0129455112563723,0.24430052604082336
SB74739_component_452a,9.042873,-39.7509,30.84600067138672,134.113037109375,9.04365,-39.75103,168.9,0.7572353785000167,0.18262877839778993
SB74739_component_454a,6.489999,-34.794254,27.259000778198242,138.3705596923828,6.49025,-34.79413,108.6,1.0407389031329801,0.251003690406982
SB74739_component_455a,10.252178,-41.317345,28.131000518798828,41.92399597167969,10.2519,-41.31816,60.3,1.9343254626959463,0.46651742153895237
SB74739_component_459a,4.391953,-39.718107,27.92099952697754,126.33936309814453,4.3924,-39.71844,110.1,1.05149043017762,0.2535967259489332
SB74739_component_460a,7.925376,-36.377853,27.23900032043457,153.8926544189453,7.92526,-36.37747,61.8,1.8275293980391638,0.4407605229843782
SB74739_component_463a,12.002735,-35.206297,26.957000732421875,37.18206787109375,12.00242,-35.206,115.3,0.9694020756394224,0.23379879212855054
SB74739_component_465a,12.245966,-36.651329,28.718000411987305,51.008880615234375,12.24533,-36.65188,75.4,1.5792269023903927,0.38087533702900933
SB74739_component_467a,4.398265,-38.786532,26.072999954223633,119.05479431152344,4.39886,-38.78685,47.8,2.2616468365829676,0.5454602500883605
SB74739_component_468a,6.535208,-37.26637,26.954999923706055,125.3720932006836,6.53571,-37.26688,102.0,1.095723170095102,0.2642647051343731
SB74739_component_471a,11.071123,-38.174004,27.261999130249023,122.80179595947266,11.07099,-38.17437,66.1,1.7100858846421094,0.4124356903214679
SB74739_component_475a,5.345062,-35.938069,27.709999084472656,106.1685791015625,5.34523,-35.938,90.0,1.2766024810334717,0.30788887871636283
SB74739_component_477a,7.227598,-37.913029,27.895000457763672,150.78378295898438,7.22771,-37.91245,82.2,1.4070717297259605,0.33935523671245343
SB74739_component_478a,6.327141,-35.922751,27.062000274658203,125.28703308105469,6.32732,-35.92282,45.6,2.460689032587755,0.5934649183039079
SB74739_component_479a,6.243649,-33.693125,27.277999877929688,33.34718704223633,6.24407,-33.6917,99.0,1.1424547577946658,0.27553535230232007
SB74739_component_485a,2.576006,-40.336407,28.78499984741211,24.047618865966797,2.57698,-40.33695,124.1,0.9617365738412103,0.23195003906053271
SB74739_component_489a,6.453653,-34.150173,25.35700035095215,70.63231658935547,6.45399,-34.15012,143.0,0.7352305109664713,0.17732168077588914
SB74739_component_492a,4.838379,-36.032788,24.579999923706055,80.85526275634766,4.83879,-36.03317,57.2,1.7817531306284449,0.4297202783864695
SB74739_component_496a,3.281374,-35.503324,25.766000747680664,52.15789794921875,3.28117,-35.50143,132.9,0.803866103563001,0.19387509968157007
SB74739_component_502a,4.162814,-35.976641,24.804000854492188,109.7522201538086,4.16261,-35.97683,68.7,1.4970168294797688,0.3610480473725209
SB74739_component_503a,10.503726,-40.555673,26.54400062561035,86.74510192871094,10.50321,-40.55639,96.3,1.1428830030250792,0.2756386357799621
SB74739_component_512a,5.938786,-40.189257,23.589000701904297,108.705078125,5.9389,-40.1892,39.8,2.457469595767423,0.5926884598468417
SB74739_component_517a,10.104288,-41.178317,24.701000213623047,47.139312744140625,10.10467,-41.17795,72.7,1.4087755664862691,0.3397661652492854
SB74739_component_518a,11.455995,-34.153282,25.94099998474121,27.774089813232422,11.45613,-34.15296,70.4,1.5278324730797805,0.36848011341961945
SB74739_component_519a,11.406465,-38.441109,23.264999389648438,95.34835815429688,11.40673,-38.44196,84.6,1.1402349917208143,0.2749999927854425
SB74739_component_520a,8.337556,-37.231495,22.26799964904785,76.78620910644531,8.33785,-37.23161,56.8,1.6255283650186518,0.3920422473423918
SB74739_component_522a,12.117786,-35.668838,22.92799949645996,30.57066535949707,12.11737,-35.66882,253.3,0.3753121774666636,0.09051717132435831
SB74739_component_523a,12.137145,-40.149214,24.91699981689453,46.661048889160156,12.13736,-40.14968,66.9,1.544298726744724,0.37245141729289283
SB74739_component_524a,8.643883,-41.218991,23.434999465942383,51.39254379272461,8.64455,-41.21838,72.3,1.3439661573270794,0.32413553894802744
SB74739_component_529a,3.876835,-35.675425,22.466999053955078,81.40217590332031,3.87639,-35.67598,33.9,2.7479387666775015,0.6627433349249285
SB74739_component_530a,9.314838,-39.215402,24.41699981689453,49.527381896972656,9.31555,-39.21523,114.1,0.8872956199336709,0.21399649269846216
SB74739_component_534a,7.858313,-33.880993,24.47100067138672,44.33152389526367,7.85842,-33.8806,70.9,1.4310907541971505,0.34514810537922025
SB74739_component_535a,3.637416,-39.404131,24.656999588012695,86.51579284667969,3.63771,-39.405,78.1,1.3090338474534735,0.3157106221256427
SB74739_component_537a,9.810533,-41.477659,22.659000396728516,28.112903594970703,9.81043,-41.47787,45.4,2.0694101567947256,0.49909692503807307
SB74739_component_538a,6.518311,-35.363892,22.458999633789062,98.93832397460938,6.51869,-35.36405,84.3,1.1046495388040525,0.26641755200224276
SB74739_component_546a,8.222846,-34.654231,22.06999969482422,98.9686050415039,8.22184,-34.65442,70.5,1.298000597266461,0.3130496410613364
SB74739_component_547a,6.838673,-35.013002,22.597000122070312,104.61573791503906,6.83872,-35.01292,72.8,1.2870075386146806,0.31039835332514165
SB74739_component_548a,5.957682,-34.615114,21.4689998626709,84.52362060546875,5.95812,-34.61534,41.9,2.1245133888379932,0.5123866315673246
SB74739_component_551a,12.611886,-37.896713,23.288999557495117,33.70332717895508,12.61257,-37.8971,37.0,2.6098214166377036,0.629432420472841
SB74739_component_553a,12.04077,-34.797661,23.475000381469727,26.52542495727539,12.04053,-34.79702,58.8,1.6553504989386134,0.3992347003651314
SB74739_component_554a,7.805457,-36.337818,21.966999053955078,116.84574127197266,7.8054,-36.33801,23.2,3.925946965757634,0.9468534074980638
SB74739_component_555a,9.8641,-38.406333,21.273000717163086,77.35636138916016,9.86478,-38.40703,26.3,3.3537809101925076,0.808859342857912
SB74739_component_557a,11.725021,-40.382583,24.225000381469727,57.405216217041016,11.72457,-40.38181,76.2,1.3181672075429884,0.317913390832936
SB74739_component_561a,7.449807,-38.853535,21.514999389648438,106.50989532470703,7.45097,-38.85452,25.4,3.512119655622648,0.8470472200648992
SB74739_component_563a,9.996692,-41.696839,24.336000442504883,41.60000228881836,9.9974,-41.69734,82.0,1.230543680313046,0.2967804932012791
SB74739_component_564a,5.106154,-38.751787,22.16200065612793,109.7128677368164,5.10697,-38.75181,65.9,1.3943931189188052,0.3362974302902569
SB74739_component_568a,11.272414,-39.641896,21.28700065612793,83.15234375,11.27233,-39.64258,22.2,3.9757876582597502,0.9588739034291861
SB74739_component_570a,6.471051,-36.300264,20.67799949645996,106.04102325439453,6.47133,-36.29975,20.0,4.2868689460375045,1.033899974822998
SB74739_component_574a,7.292053,-37.961778,21.393999099731445,114.40641021728516,7.29247,-37.96116,90.7,0.9780169199692451,0.23587650606098615
SB74739_component_577a,11.709333,-38.174026,20.885000228881836,76.2226333618164,11.70927,-38.17517,65.1,1.330194592253468,0.32081413562030475
SB74739_component_579a,5.734501,-41.203792,22.7189998626709,43.43976974487305,5.73491,-41.20398,87.6,1.0753424366927782,0.25934931350080936
SB74739_component_581a,4.487639,-35.95529,22.253999710083008,99.34821319580078,4.48806,-35.95541,102.0,0.9046270888015286,0.21817646774591185
SB74739_component_582a,10.117057,-35.551706,20.988000869750977,78.60675048828125,10.11531,-35.55079,56.0,1.55397750816802,0.3747857298169817
SB74739_component_584a,9.390724,-34.690991,21.128999710083008,87.3099136352539,9.39062,-34.69125,108.8,0.8052147540622979,0.19420036498238058
SB74739_component_586a,6.16057,-35.084368,22.503999710083008,105.65258026123047,6.1606,-35.08418,78.8,1.1841185323623227,0.28558375266602803
SB74739_component_587a,11.774983,-41.171049,22.235000610351562,22.4823055267334,11.77509,-41.17076,67.2,1.3719224243500843,0.3308779852730887
SB74739_component_588a,3.461581,-36.306631,20.92799949645996,64.79256439208984,3.46191,-36.30693,58.5,1.4833154908229942,0.3577435811360677
SB74739_component_589a,10.597635,-38.885634,21.165000915527344,85.00000762939453,10.59763,-38.88557,33.7,2.604054521371745,0.6280415701936897
SB74739_component_591a,11.79198,-35.361313,21.768999099731445,35.45439529418945,11.79147,-35.36023,80.9,1.115710761184217,0.2690852793539115
SB74739_component_592a,3.811491,-41.094486,21.840999603271484,27.47295570373535,3.81176,-41.09546,28.2,3.211331096732115,0.7745035320309037
SB74739_component_596a,5.788484,-39.51096,22.701000213623047,111.82759094238281,5.78897,-39.51023,63.8,1.4753192060249378,0.3558150503702672
SB74739_component_598a,12.436008,-36.006683,20.259000778198242,23.611888885498047,12.4363,-36.00597,65.8,1.2765969710209588,0.307887549820642
SB74739_component_603a,11.205693,-36.050948,19.90399932861328,67.01683807373047,11.20418,-36.05085,56.0,1.473716695134833,0.3554285594395229
SB74739_component_608a,10.286022,-40.695092,20.38599967956543,68.40939331054688,10.28555,-40.69446,29.8,2.836465013504849,0.6840939489787057
SB74739_component_613a,3.922281,-40.904612,21.871999740600586,40.72998046875,3.9224,-40.90534,69.6,1.3029895557688442,0.31425286983621536
SB74739_component_614a,3.553189,-40.420669,21.927000045776367,50.52304458618164,3.55271,-40.42099,46.6,1.9509897285663433,0.47053648166902073
SB74739_component_615a,5.563255,-34.00181,21.80299949645996,41.37191390991211,5.56395,-34.00147,90.8,0.9956164838824668,0.2401211398288542
SB74739_component_618a,8.955411,-35.236667,20.934999465942383,99.69047546386719,8.95327,-35.23533,40.8,2.1275240257548265,0.5131127320083918
SB74739_component_619a,7.349134,-38.308834,19.61400032043457,105.45161437988281,7.34981,-38.30844,66.5,1.2229429982070683,0.2949473732396176
SB74739_component_621a,10.338325,-36.984726,20.854999542236328,102.73399353027344,10.33828,-36.98529,67.9,1.2735092169892308,0.3071428504011241
SB74739_component_623a,6.99385,-38.583001,21.231000900268555,110.578125,6.99428,-38.58289,111.3,0.790928065697686,0.19075472506979835
SB74739_component_624a,12.726908,-38.016551,20.826000213623047,26.130489349365234,12.7276,-38.01703,73.0,1.1828908993346279,0.2852876741592198
SB74739_component_625a,7.391523,-40.951371,21.2189998626709,71.92881774902344,7.39201,-40.95157,64.0,1.3746958390612003,0.3315468728542328
SB74739_component_626a,8.804263,-35.19852,19.13599967956543,93.34634399414062,8.80284,-35.19926,25.3,3.136117428477037,0.7563636236982383
SB74739_component_627a,3.622922,-38.264849,20.211999893188477,57.748573303222656,3.62265,-38.2646,31.4,2.6689554297033347,0.6436942641142828
SB74739_component_628a,3.21485,-36.494503,20.753000259399414,50.24939727783203,3.21485,-36.49443,55.4,1.553219409239196,0.3746028927689425
SB74739_component_633a,3.487424,-40.070736,20.18899917602539,56.710670471191406,3.48788,-40.07213,48.8,1.7153654182009115,0.41370899950871703
SB74739_component_634a,9.798191,-37.054014,19.288999557495117,95.96517181396484,9.7981,-37.0535,41.9,1.9087865331091547,0.4603579846657546
SB74739_component_637a,2.63362,-39.900029,19.91200065612793,21.737991333007812,2.63425,-39.90063,51.3,1.6093822788536736,0.3881481609381663
SB74739_component_643a,11.460918,-34.777673,18.95599937438965,40.59100341796875,11.46055,-34.77802,68.4,1.1490852927571844,0.2771344937776264
SB74739_component_645a,7.931177,-39.673573,19.280000686645508,101.47368621826172,7.93091,-39.67487,24.9,3.2104756480543766,0.7742972163311449
SB74739_component_647a,7.932926,-34.665238,18.64900016784668,81.43668365478516,7.93282,-34.66575,35.6,2.1720370898721466,0.523848319321536
SB74739_component_649a,4.218897,-36.001122,18.350000381469727,83.03167724609375,4.21894,-36.00213,28.5,2.669641222578635,0.6438596625077097
SB74739_component_652a,6.660642,-38.665821,19.624000549316406,96.66996002197266,6.66134,-38.6658,110.8,0.734360770951992,0.17711191831513
SB74739_component_653a,8.919074,-34.387547,19.764999389648438,69.84098815917969,8.91852,-34.3872,77.8,1.053365015501923,0.2540488353425249
SB74739_component_655a,2.798101,-36.77625,18.472999572753906,27.44873809814453,2.79761,-36.77626,53.9,1.4210532007080456,0.3427272648006291
SB74739_component_657a,4.050264,-40.388588,18.722999572753906,55.889549255371094,4.05041,-40.38973,42.6,1.8223320378065433,0.43950703222427007
SB74739_component_661a,5.626614,-40.145425,18.184999465942383,79.06521606445312,5.62732,-40.14539,47.3,1.5940936582336345,0.38446087665840134
SB74739_component_664a,5.018453,-38.20587,19.118000030517578,103.34053802490234,5.01937,-38.20591,83.8,0.9459324442789105,0.22813842518517397
SB74739_component_665a,12.657759,-36.432848,17.61199951171875,15.952898979187012,12.65726,-36.43284,54.0,1.3523110198163766,0.3261481391059028
SB74739_component_675a,3.09312,-35.81363,18.187000274658203,31.851139068603516,3.09359,-35.81349,90.1,0.8369470144947381,0.20185349916379805
SB74739_component_676a,4.913527,-34.499411,17.423999786376953,54.11180114746094,4.91391,-34.50059,36.7,1.96853651457823,0.4747683865497807
SB74739_component_677a,7.968901,-37.700239,19.250999450683594,103.49999237060547,7.96947,-37.70082,63.0,1.2669935800945384,0.30557141985212055
SB74739_component_678a,12.57538,-37.974321,19.57900047302246,30.544464111328125,12.57608,-37.97528,29.6,2.7425874727199764,0.6614527186831912
SB74739_component_681a,6.480783,-38.18056,19.1560001373291,116.09696960449219,6.48142,-38.18067,96.4,0.823928413090149,0.19871369437063383
SB74739_component_682a,7.316368,-34.028579,18.131999969482422,44.55036926269531,7.31657,-34.02765,81.1,0.9270145220258427,0.22357583192949967
SB74739_component_689a,11.504755,-35.820802,16.929000854492188,49.645164489746094,11.50347,-35.82004,61.3,1.1450713128028511,0.2761664087192853
SB74739_component_693a,12.212321,-40.601392,17.06800079345703,22.311113357543945,12.21204,-40.601,45.3,1.5622341765191128,0.37677705945821266
SB74739_component_698a,12.474914,-37.7384,18.589000701904297,31.137353897094727,12.47518,-37.73841,46.1,1.6719250339184728,0.4032321193471648
SB74739_component_699a,10.625372,-35.283978,17.989999771118164,73.13008117675781,10.62451,-35.28359,78.2,0.9538631842932976,0.23005114796826295
SB74739_component_705a,5.36054,-36.425881,17.823999404907227,88.23761749267578,5.36104,-36.42667,55.5,1.3316002193002123,0.3211531424307608
SB74739_component_706a,10.527103,-35.376565,17.666000366210938,73.60833740234375,10.52555,-35.37669,56.2,1.3033576389364852,0.314341643526885
SB74739_component_708a,9.568593,-36.508941,16.927000045776367,82.97549438476562,9.56753,-36.50933,71.4,0.982977247945235,0.23707282977277824
SB74739_component_709a,5.030568,-36.320605,16.833999633789062,80.16190338134766,5.03096,-36.32064,42.3,1.650093783505723,0.3979668944158171
SB74739_component_710a,3.108987,-40.19585,17.39699935913086,32.88657760620117,3.10987,-40.19701,40.7,1.772317886141228,0.42744470169854687
SB74739_component_712a,7.299488,-35.404111,17.391000747680664,83.61058044433594,7.29945,-35.40344,56.9,1.2672841101632213,0.30564148941442293
SB74739_component_713a,6.76556,-35.291536,16.827999114990234,85.85713958740234,6.76501,-35.29076,36.1,1.932800194907874,0.4661495599720286
SB74739_component_719a,6.859105,-34.367141,16.34600067138672,54.48666763305664,6.85981,-34.36693,36.4,1.8619662766411411,0.44906595251062414
SB74739_component_721a,6.605441,-35.100143,18.27199935913086,86.18867492675781,6.60511,-35.0991,67.4,1.1240557639366588,0.27109791334022043
SB74739_component_727a,9.0211,-41.234384,17.45599937438965,37.14042282104492,9.02128,-41.23358,47.0,1.539956814260019,0.3714042420082904
SB74739_component_730a,11.026043,-39.231496,15.805000305175781,58.10661697387695,11.02618,-39.23181,24.1,2.7191874560402813,0.6558091412936008
SB74739_component_732a,6.149835,-34.057498,16.731000900268555,37.597755432128906,6.15042,-34.05681,28.8,2.4087466128139177,0.5809375312593248
SB74739_component_735a,3.980237,-40.260048,16.726999282836914,56.894554138183594,3.98017,-40.26094,42.5,1.6318896589644907,0.3935764537138097
SB74739_component_738a,10.669169,-36.879989,16.520999908447266,73.42666625976562,10.66897,-36.88018,87.1,0.7864658256145953,0.189678529373677
SB74739_component_748a,7.483024,-39.217113,16.26099967956543,93.45402526855469,7.48302,-39.21785,29.1,2.3169461195163397,0.5587972398476092
SB74739_component_755a,9.061609,-34.419471,16.7549991607666,59.41489028930664,9.06124,-34.41923,38.8,1.7905001715618007,0.4318298752774898
SB74739_component_757a,4.800679,-37.89894,15.909000396728516,75.0424575805664,4.80142,-37.89689,20.9,3.1561547475508656,0.7611961912310296
SB74739_component_762a,7.178828,-40.301604,15.295000076293945,77.24747467041016,7.17901,-40.30228,51.8,1.2242818352330107,0.29527027174312637
SB74739_component_764a,11.611855,-40.538883,16.135000228881836,32.92856979370117,11.61202,-40.53902,61.6,1.0860503149382146,0.2619318218974324
SB74739_component_768a,6.639944,-39.525964,15.666999816894531,78.33499908447266,6.6407,-39.52557,50.7,1.2812667652979028,0.30901380309456666
SB74739_component_769a,8.092516,-41.047039,15.574000358581543,39.62849807739258,8.09397,-41.0468,42.3,1.5265867729038896,0.3681796775078379
SB74739_component_771a,12.912526,-38.420499,16.801000595092773,31.941064834594727,12.91318,-38.42059,42.9,1.6238261730899373,0.3916317155033281
SB74739_component_777a,10.179717,-33.98699,15.762999534606934,25.84098243713379,10.18055,-33.98646,58.4,1.1191484505210914,0.26991437559258447
SB74739_component_778a,10.581133,-35.256592,14.505999565124512,56.44357681274414,10.57983,-35.25609,78.6,0.765220852554765,0.18455470184636785
SB74739_component_782a,3.873233,-35.834902,16.22599983215332,60.77153778076172,3.87326,-35.83368,42.0,1.6018574259444465,0.38633332933698383
SB74739_component_784a,7.874971,-37.905217,15.593000411987305,81.21354675292969,7.87557,-37.90514,55.1,1.1733829508075018,0.28299456283098556
SB74739_component_786a,6.352314,-39.566649,15.32800006866455,76.63999938964844,6.35324,-39.56659,66.7,0.9528429870469605,0.2298050984807279
SB74739_component_788a,11.978807,-39.652078,15.425999641418457,36.64133071899414,11.97963,-39.65348,59.8,1.0695813338320528,0.25795986022438894
SB74739_component_796a,4.002006,-36.44588,15.307000160217285,68.03111267089844,4.00187,-36.44552,32.9,1.9291050189385115,0.4652583635324403
SB74739_component_799a,8.306732,-39.381834,14.98799991607666,68.7522964477539,8.30753,-39.38164,48.1,1.2919933780810473,0.31160082985606363
SB74739_component_801a,10.696082,-37.664265,14.71399974822998,72.12744903564453,10.69626,-37.66474,31.2,1.9554100024772159,0.4716025560330122
SB74739_component_805a,8.383495,-33.67049,15.64799976348877,18.259042739868164,8.38337,-33.67034,56.9,1.1402714394542153,0.2750087831896093
SB74739_component_811a,9.977925,-37.397316,14.75100040435791,81.94999694824219,9.97823,-37.39737,57.7,1.0600036089614013,0.2556499203528234
SB74739_component_813a,6.227649,-37.676397,14.472000122070312,70.25242614746094,6.22796,-37.67681,71.0,0.8451462930747644,0.20383098763479313
SB74739_component_815a,12.285066,-36.200086,14.682999610900879,21.31059455871582,12.28463,-36.2003,34.2,1.780124442211205,0.4293274740029496
SB74739_component_816a,6.004173,-36.825716,14.739999771118164,75.2040786743164,6.00435,-36.82603,51.7,1.1821391916943849,0.2851063785516086
SB74739_component_822a,10.619589,-36.950441,14.062999725341797,69.27586364746094,10.6192,-36.95168,40.3,1.4468869655828989,0.3489578095618312
SB74739_component_824a,3.338706,-35.714987,15.581999778747559,35.8206901550293,3.33911,-35.71414,32.7,1.9757733505510762,0.47651375470176016
SB74739_component_825a,8.057315,-38.065021,14.27299976348877,74.33853912353516,8.05835,-38.06387,32.3,1.8322064952560944,0.4418885375693118
SB74739_component_832a,9.224174,-34.301198,13.960000038146973,41.42433166503906,9.22447,-34.30219,26.1,2.217719393314598,0.5348659018447116
SB74739_component_833a,9.265759,-33.856767,15.411999702453613,24.118934631347656,9.26619,-33.85713,48.5,1.317585890471201,0.31777318974131163
SB74739_component_836a,9.399371,-40.617856,14.359000205993652,56.30980682373047,9.40009,-40.61782,50.5,1.1789476083191646,0.28433663774244855
SB74739_component_837a,11.177597,-37.301366,14.86400032043457,66.9549560546875,11.17744,-37.30206,64.7,0.9525616819978875,0.22973725379342458
SB74739_component_838a,4.646444,-35.278277,14.659000396728516,69.80476379394531,4.64731,-35.27822,87.8,0.6922636419343694,0.1669590022406437
SB74739_component_839a,2.877638,-39.266701,15.069000244140625,27.44808578491211,2.87852,-39.26787,90.8,0.6881138093467953,0.1659581524685091
SB74739_component_840a,4.76179,-37.631416,14.23900032043457,73.02051544189453,4.76263,-37.63133,73.0,0.8087575012914464,0.1950547989100626
SB74739_component_841a,7.103771,-35.362012,15.013999938964844,69.1889419555664,7.10358,-35.36148,33.6,1.8527585005657425,0.4468452362787156
SB74739_component_844a,11.167793,-39.95083,14.621000289916992,56.89105224609375,11.16768,-39.95074,55.4,1.0942813640888083,0.263916972742184
SB74739_component_845a,11.462496,-39.404035,15.45300006866455,58.09398651123047,11.46239,-39.40452,76.0,0.8430646826609186,0.20332894827190198
SB74739_component_870a,9.969477,-33.721574,14.541000366210938,15.131113052368164,9.97005,-33.72148,55.1,1.0942192949780731,0.26390200301653244
SB74739_component_871a,10.079506,-35.893546,13.277999877929688,56.26271057128906,10.07734,-35.892,47.4,1.1614914060663883,0.28012657970315796
SB74739_component_878a,6.218158,-39.54195,14.706000328063965,75.0306167602539,6.2191,-39.5416,79.5,0.7669889812340057,0.18498113620206244
SB74739_component_881a,5.497976,-40.065661,13.753999710083008,66.44444274902344,5.49875,-40.06506,35.0,1.6293810033235097,0.39297142028808596
SB74739_component_882a,4.221545,-33.92994,13.414999961853027,15.951248168945312,4.22275,-33.93001,52.9,1.0514695151559819,0.25359168169854496
SB74739_component_894a,11.139835,-39.450498,13.17199993133545,50.85714340209961,11.13964,-39.44988,32.3,1.6908725726627893,0.40780185545930187
SB74739_component_895a,4.7836,-39.456321,13.848999977111816,59.9523811340332,4.78393,-39.45459,69.1,0.83100196229547,0.20041968128960663
SB74739_component_898a,4.174692,-37.636824,13.883000373840332,60.624454498291016,4.17473,-37.63646,91.5,0.6291061393589267,0.15172678004197085
SB74739_component_899a,7.74791,-33.94976,13.718999862670898,29.88888931274414,7.7479,-33.94911,40.2,1.4150053464692558,0.34126865330027106
SB74739_component_900a,5.751381,-41.276114,14.25,25.722021102905273,5.75178,-41.27597,97.6,0.6053781318291003,0.14600409836065575
SB74739_component_901a,9.001851,-37.208349,13.005000114440918,60.771026611328125,9.0017,-37.20884,59.5,0.9062647264689084,0.21857143049480535
SB74739_component_902a,3.055153,-40.832186,14.586999893188477,14.012487411499023,3.0562,-40.83226,42.8,1.4131357806961486,0.34081775451374946
SB74739_component_905a,8.806698,-35.609063,14.12600040435791,74.34737396240234,8.8042,-35.60932,28.3,2.069638339437637,0.4991519577511629
SB74739_component_908a,12.014312,-40.052698,13.593000411987305,30.614866256713867,12.01435,-40.05254,54.1,1.0417889510227842,0.25125693922342524
SB74739_component_910a,10.037939,-40.344692,13.116999626159668,52.46799850463867,10.03761,-40.34481,94.0,0.5785865513545536,0.13954254921446455
SB74739_component_913a,3.254018,-40.828028,14.652000427246094,18.47667121887207,3.2545,-40.82773,120.8,0.5029116202333268,0.12129139426528224
SB74739_component_920a,4.21135,-35.829509,12.72599983215332,54.15319061279297,4.21194,-35.82783,26.5,1.99116716211832,0.48022640876050265
SB74739_component_921a,4.914165,-37.436141,12.85099983215332,63.305419921875,4.91528,-37.43514,28.2,1.889511292281313,0.4557092139061461
SB74739_component_925a,4.184021,-34.482699,14.192999839782715,35.660804748535156,4.18509,-34.48261,38.8,1.5167156025655595,0.3657989649428535
SB74739_component_929a,11.181644,-36.895068,13.239999771118164,60.733943939208984,11.18095,-36.89461,37.8,1.4523050914346338,0.3502645442094753
SB74739_component_930a,6.171185,-34.204021,12.781000137329102,35.20936584472656,6.17152,-34.20331,32.3,1.6406804354741655,0.3956965986789196
SB74739_component_932a,4.632818,-38.394143,12.61400032043457,62.75621795654297,4.63338,-38.39426,53.9,0.9703440666736086,0.23402597997095678
SB74739_component_951a,9.79386,-36.620349,12.559000015258789,62.79499816894531,9.79345,-36.6207,47.1,1.1055944145228758,0.26664543556812714
SB74739_component_952a,3.260778,-34.518914,13.843999862670898,14.375908851623535,3.26161,-34.51921,29.4,1.952432094362641,0.47088434907043875
SB74739_component_953a,8.743537,-34.870389,13.815999984741211,63.96296310424805,8.74348,-34.8696,47.0,1.2188384558224394,0.2939574464838556
SB74739_component_965a,2.920136,-37.225977,12.336999893188477,21.16123390197754,2.92017,-37.22547,39.1,1.3082612732030523,0.3155242939434393
SB74739_component_972a,5.86389,-36.157415,13.638999938964844,71.78421020507812,5.86335,-36.15799,24.6,2.298841890684388,0.5544308918278391
SB74739_component_976a,11.633094,-40.714933,13.217000007629395,24.430683135986328,11.63275,-40.71527,64.4,0.8509591354965449,0.20523291937312724
SB74739_component_981a,8.92743,-39.014528,12.958000183105469,36.91737747192383,8.92715,-39.01345,39.0,1.3776378199649804,0.3322564149514223
SB74739_component_994a,5.410216,-38.822358,11.467000007629395,61.98378372192383,5.41175,-38.82199,31.1,1.5288015202318925,0.3687138266118776
SB74739_component_997a,6.126872,-38.036515,12.387999534606934,67.69398498535156,6.12728,-38.0358,54.2,0.9476840602047603,0.22856087702226813
SB74739_component_1001a,3.363923,-35.197049,11.913000106811523,23.826000213623047,3.36333,-35.19624,31.7,1.558201311674589,0.3758044197732342
SB74739_component_1003a,7.032438,-34.685845,11.482000350952148,47.25102996826172,7.03256,-34.68591,37.9,1.2561457345719749,0.30295515437868464
SB74739_component_1009a,8.845601,-35.975843,12.618000030517578,68.57608795166016,8.84387,-35.9761,46.1,1.134883497360094,0.27370932821079347
SB74739_component_1017a,3.899364,-34.824472,10.843999862670898,30.46067237854004,3.89998,-34.82359,35.9,1.2524394447220208,0.3020612775117242
SB74739_component_1020a,8.734528,-38.048677,12.005999565124512,56.36619567871094,8.73502,-38.04879,54.6,0.91173234591307,0.21989010192535735
SB74739_component_1022a,7.643947,-36.904827,10.949999809265137,58.24468231201172,7.64448,-36.9052,33.8,1.343256941303529,0.32396449139837685
SB74739_component_1023a,12.295872,-36.775875,12.270000457763672,20.484142303466797,12.29552,-36.77643,43.7,1.1641925722833126,0.2807780425117545
SB74739_component_1027a,7.127604,-37.057935,11.48900032043457,51.752254486083984,7.12811,-37.05754,28.0,1.7013195492117712,0.41032144001552034
SB74739_component_1031a,3.814607,-37.51838,10.239999771118164,40.31495666503906,3.81434,-37.51873,32.0,1.326818904609002,0.3199999928474426
SB74739_component_1037a,8.078417,-39.932139,11.505999565124512,62.53260803222656,8.07972,-39.93339,18.8,2.5376293352161405,0.6120212534640698
SB74739_component_1038a,6.275542,-35.250958,10.755999565124512,52.21358871459961,6.27581,-35.25133,23.1,1.930636347397323,0.4656276868019269
SB74739_component_1043a,6.643453,-37.567263,11.357000350952148,60.40958023071289,6.64378,-37.56768,41.5,1.1346899926284408,0.27366265905908793
SB74739_component_1044a,8.934713,-40.705367,10.930999755859375,45.545833587646484,8.93544,-40.70484,27.7,1.63622037979785,0.3946209298144179
SB74739_component_1053a,3.695297,-37.973487,11.947999954223633,33.65633773803711,3.69477,-37.97372,52.9,0.9364858557342763,0.22586011255621236
SB74739_component_1058a,5.510816,-36.43355,10.79800033569336,54.53535461425781,5.5117,-36.43396,52.4,0.8544245764316263,0.20606870869643817
SB74739_component_1059a,8.430376,-37.794169,10.463000297546387,50.30288314819336,8.43075,-37.79387,30.7,1.413121631108751,0.34081434193962173
SB74739_component_1068a,11.360024,-35.683478,10.619999885559082,25.77669906616211,11.359,-35.68383,19.4,2.26978365497093,0.5474226745133548
SB74739_component_1078a,4.297594,-37.115016,11.84000015258789,57.47572708129883,4.29799,-37.1151,36.5,1.3449945534385772,0.32438356582432576
SB74739_component_1079a,6.756022,-40.439988,10.840999603271484,54.20499801635742,6.75576,-40.44232,54.0,0.832409927082623,0.2007592519124349
SB74739_component_1083a,7.84645,-39.848536,10.868000030517578,58.117645263671875,7.84716,-39.84927,25.3,1.7811102048037433,0.4295652185975327
SB74739_component_1095a,10.926555,-38.719648,10.46399974822998,46.923763275146484,10.9264,-38.72017,44.1,0.983831703096884,0.2372789058555551
SB74739_component_1099a,9.725507,-35.71442,10.302000045776367,43.83829879760742,9.72274,-35.71401,70.0,0.6102182464974268,0.14717142922537668
SB74739_component_1102a,5.529584,-36.858265,10.097000122070312,53.70745086669922,5.53056,-36.85842,45.5,0.9201161360745975,0.22191209059495193
SB74739_component_1106a,6.110309,-41.461761,11.220000267028809,16.30813980102539,6.11103,-41.46128,44.5,1.045428988536532,0.25213483746132154
SB74739_component_1118a,9.57405,-39.757794,9.824000358581543,41.277313232421875,9.57437,-39.7568,36.0,1.1314817435763176,0.2728888988494873
SB74739_component_1119a,11.54256,-38.188909,10.234000205993652,41.43320083618164,11.54303,-38.18894,29.0,1.4632182377792693,0.3528965588273673
SB74739_component_1123a,7.210513,-35.01528,10.130999565124512,53.603172302246094,7.2103,-35.01539,19.9,2.1108671554718814,0.5090954555338951
SB74739_component_1126a,7.646748,-38.044267,10.277999877929688,55.85869598388672,7.64777,-38.04477,31.0,1.3747021012517975,0.3315483831590222
SB74739_component_1135a,5.771855,-34.086368,10.02400016784668,22.42505645751953,5.77237,-34.08476,48.7,0.8534415567108375,0.2058316256231351
SB74739_component_1142a,5.175106,-40.668108,9.418000221252441,30.98026466369629,5.17612,-40.6677,31.3,1.247601938545971,0.3008945757588639
SB74739_component_1158a,7.420472,-39.893016,9.52400016784668,52.04371643066406,7.42066,-39.89361,27.8,1.4204837851448782,0.3425899340952043
SB74739_component_1164a,12.443077,-38.23645,9.635000228881836,15.03120231628418,12.44283,-38.2364,29.8,1.3405936173799213,0.32332215533160524
SB74739_component_1175a,3.334925,-36.5043,9.21399974822998,26.25071144104004,3.33491,-36.50363,40.5,0.9433109048048673,0.22750616662296247
SB74739_component_1176a,12.284781,-37.552758,10.718999862670898,23.201297760009766,12.28417,-37.55311,34.2,1.2995405678164618,0.3134210486161081
SB74739_component_1184a,5.532353,-35.711992,9.614999771118164,40.74152374267578,5.53298,-35.7118,35.2,1.1325784578551232,0.27315340258858417
SB74739_component_1194a,3.260703,-34.608727,10.267999649047852,11.70809555053711,3.26139,-34.60786,37.6,1.1322952419706134,0.27308509704914496
SB74739_component_1195a,6.488459,-34.644631,9.883000373840332,45.96744155883789,6.48873,-34.64374,35.1,1.1674636772940266,0.28156696221767324
SB74739_component_1206a,7.143974,-40.120763,9.23900032043457,51.0442008972168,7.14485,-40.12108,34.8,1.100797463976258,0.2654885149550164
SB74739_component_1209a,8.301877,-34.46101,9.319999694824219,34.13919448852539,8.30043,-34.46124,32.7,1.1817614738573652,0.285015281187285
SB74739_component_1219a,10.892698,-36.898491,9.767000198364258,43.7982063293457,10.89253,-36.89826,53.8,0.7527323881370066,0.18154275461643604
SB74739_component_1220a,4.926169,-38.226406,10.11400032043457,50.31840896606445,4.92746,-38.22699,41.2,1.0178585502368105,0.245485444670742
SB74739_component_1225a,3.930541,-36.675165,9.914999961853027,44.66216278076172,3.93078,-36.67473,28.8,1.427453307577089,0.34427083200878567
SB74739_component_1237a,3.335487,-35.456891,9.170000076293945,20.109649658203125,3.33574,-35.45659,20.5,1.8547148976287913,0.4473170768923876
SB74739_component_1244a,7.113086,-36.653771,9.46399974822998,48.78350067138672,7.11367,-36.65408,40.5,0.9689054058516597,0.2336790061291353
SB74739_component_1252a,2.748782,-38.848575,8.034000396728516,12.117648124694824,2.74905,-38.84819,21.2,1.5712947883664021,0.37896228286455264
SB74739_component_1263a,6.679468,-38.577073,8.767000198364258,49.2528076171875,6.68045,-38.57625,27.6,1.3170541055141518,0.31764493472334265
SB74739_component_1273a,9.335173,-37.229136,8.812000274658203,37.338985443115234,9.33563,-37.2298,35.4,1.032126484213559,0.2489265614310227
SB74739_component_1295a,4.995436,-40.547025,8.347999572753906,31.98467254638672,4.99552,-40.54714,50.8,0.6813658892945371,0.16433070025106117
SB74739_component_1297a,8.6698,-35.673141,9.187000274658203,47.601036071777344,8.66841,-35.67364,22.8,1.6707080473575713,0.40293860853764046
SB74739_component_1315a,7.336144,-35.710692,8.482000350952148,35.940677642822266,7.33546,-35.71044,33.1,1.062507426934645,0.25625378703782925
SB74739_component_1320a,6.969916,-38.607392,8.107999801635742,42.229164123535156,6.97044,-38.60776,33.9,0.9916894962972876,0.23917403544648208
SB74739_component_1323a,6.219284,-37.803993,8.260000228881836,48.30409240722656,6.22012,-37.80348,28.7,1.1933280379703366,0.28780488602375737
SB74739_component_1326a,6.374138,-38.223198,7.791999816894531,41.22751235961914,6.37487,-38.22292,25.7,1.2571221902785334,0.3031906543538728
SB74739_component_1341a,10.493937,-36.757703,7.802000045776367,34.37004470825195,10.49384,-36.75761,39.6,0.8169066750219436,0.1970202031761709
SB74739_component_1352a,3.140627,-38.922488,8.02299976348877,20.414756774902344,3.14062,-38.9236,33.9,0.9812931412063297,0.23666665968993422
SB74739_component_1367a,8.319498,-39.339351,8.392000198364258,40.15311050415039,8.32044,-39.33885,26.3,1.3230352613535343,0.3190874600138501
SB74739_component_1373a,11.996485,-39.141784,8.288999557495117,21.14540672302246,11.99709,-39.14302,26.9,1.2776488799958952,0.3081412474905248
SB74739_component_1376a,3.8243,-38.789278,7.999000072479248,32.516258239746094,3.82389,-38.78928,35.2,0.9422252087498494,0.2272443202408877
SB74739_component_1381a,3.114522,-39.331499,8.220999717712402,19.030092239379883,3.11524,-39.33309,36.7,0.9287958177838831,0.22400544189952049
SB74739_component_1384a,5.668974,-33.828305,7.938000202178955,11.537790298461914,5.66977,-33.82795,27.9,1.1796918647464294,0.2845161362788156
SB74739_component_1416a,11.945747,-39.51476,7.689000129699707,18.483173370361328,11.9458,-39.51553,41.4,0.7700717812241183,0.18572464081400258
SB74739_component_1434a,6.403427,-37.912478,7.63100004196167,46.81595230102539,6.404,-37.91351,30.8,1.027288488540708,0.24775974162213213
SB74739_component_1453a,10.631564,-38.256703,7.335999965667725,35.78536605834961,10.63131,-38.25831,34.5,0.8816615630634584,0.21263768016428186
SB74739_component_1471a,3.300182,-39.013017,7.999000072479248,22.157894134521484,3.30007,-39.0134,45.7,0.7257402045513063,0.17503282434309075
SB74739_component_1487a,8.768765,-35.556076,7.429999828338623,36.06795883178711,8.76738,-35.55812,32.1,0.9597220067981607,0.2314641691071222
SB74739_component_1489a,10.369544,-39.583989,7.323999881744385,31.568965911865234,10.36991,-39.58418,66.4,0.45734288957352764,0.11030120303831904
SB74739_component_1500a,3.893751,-39.195311,6.948999881744385,26.42205238342285,3.89419,-39.19563,38.4,0.7503307794033751,0.18096353858709335
SB74739_component_1510a,5.145686,-40.516331,6.765999794006348,26.0230770111084,5.14627,-40.51656,76.0,0.369130618253518,0.08902631307903089
SB74739_component_1518a,11.486602,-38.519167,7.499000072479248,31.11618423461914,11.48736,-38.52102,25.8,1.2051617350079271,0.29065891753795536
SB74739_component_1520a,11.497301,-38.054499,6.671999931335449,27.80000114440918,11.49715,-38.05398,35.6,0.7770835532229137,0.18741572840829912
SB74739_component_1557a,8.30057,-38.581653,6.630000114440918,31.875,8.30072,-38.58051,27.7,0.9924198653005502,0.23935018463685626
SB74739_component_1570a,6.905261,-38.713842,6.999000072479248,44.86538314819336,6.90501,-38.71434,30.2,0.9609277542521303,0.23175496928739234
SB74739_component_1585a,6.406649,-38.20836,6.984000205993652,37.54838562011719,6.40773,-38.2082,27.6,1.0491965251616895,0.25304348572440766
SB74739_component_1586a,3.362027,-40.166001,6.567999839782715,16.019512176513672,3.36237,-40.16798,34.3,0.793963788964823,0.19148687579541443
SB74739_component_1612a,3.836816,-36.566772,6.359000205993652,25.641130447387695,3.83756,-36.56924,28.4,0.9283936923758768,0.22390845795752298
SB74739_component_1723a,7.810997,-34.923979,5.76800012588501,26.82790756225586,7.81138,-34.92547,26.9,0.8890673536095802,0.2144237965013015
SB74739_component_1738a,4.361557,-36.090976,5.683000087738037,25.484304428100586,4.36151,-36.09107,49.9,0.4722139353610067,0.1138877773093795
SB74739_component_1754a,6.417096,-34.835014,6.021999835968018,27.75115203857422,6.41726,-34.83471,20.3,1.2300036029106225,0.2966502382250255
SB74739_component_1791a,6.564435,-36.485398,6.033999919891357,32.09574508666992,6.56423,-36.48566,28.5,0.8778536560383409,0.21171929543478446
SB74739_component_1800a,3.390733,-35.945926,6.114999771118164,15.44191837310791,3.39095,-35.94489,31.9,0.7948175430397828,0.19169278279367286
SB74739_component_1843a,11.105439,-37.694989,5.593999862670898,29.2879581451416,11.10525,-37.696,34.1,0.6801892353438017,0.164046916793868
SB74739_component_1913a,10.570546,-36.9466,5.190000057220459,25.441177368164062,10.57093,-36.94754,59.6,0.3610628326740906,0.08708053787282649
SB74739_component_1952a,7.171873,-41.375789,5.683000087738037,11.121331214904785,7.17215,-41.3757,61.9,0.3806700383604884,0.09180937136895052
SB74739_component_1963a,10.649728,-37.559645,5.072999954223633,27.721311569213867,10.65032,-37.55998,22.9,0.9185251627719745,0.221528382280508
SB74739_component_1969a,11.317944,-39.596168,4.9679999351501465,19.951807022094727,11.3174,-39.59677,39.2,0.525481216469074,0.126734692223218
SB74739_component_2147a,10.609418,-38.160358,4.909999847412109,24.068626403808594,10.60921,-38.16069,27.5,0.7403046323622915,0.17854544899680397
SB74739_component_2183a,8.848191,-38.459658,4.494999885559082,21.50717544555664,8.84854,-38.45958,74.4,0.25050617261769226,0.06041666512848228
SB74739_component_2243a,10.748144,-36.987215,4.083000183105469,20.93846321105957,10.74763,-36.98668,39.0,0.43408669483611556,0.10469231238731971
SB74739_component_2369a,9.84706,-36.717984,3.953000068664551,21.139036178588867,9.84669,-36.71829,23.1,0.7095394126431009,0.1711255440980325
SB74739_component_2520a,8.805208,-39.359376,3.36299991607666,13.45199966430664,8.80647,-39.35992,26.6,0.5242119319295733,0.12642856827355864
SB74739_component_2576a,5.440281,-36.386035,3.5769999027252197,16.87264060974121,5.44078,-36.38572,31.9,0.4649325233936567,0.11213165839264012
SB74739_component_3364a,6.033747,-38.727832,2.4140000343322754,13.19125747680664,6.03393,-38.72851,45.6,0.21949979117805318,0.052938597244128846
