Component_ID,RA,DEC,ASKAP_flux,ASKAP_flux_SNR,RA_comp,DEC_comp,Comp_flux,Flux_Ratio_AlphaCorr,Flux_Ratio_NOAlphaCorr
SB74784_component_4a,19.960154,-53.954929,1088.1839599609375,2295.746826171875,19.9602535330513,-53.95519961022552,962.3186019837942,1.0767741101256376,1.1307938532183366
SB74784_component_6a,10.032647,-59.064635,788.5239868164062,1105.9241943359375,10.032506211347952,-59.0648016784215,757.3755414610149,0.9913906047506765,1.0411268170811332
SB74784_component_7a,11.339114,-54.792073,562.5050048828125,1520.2838134765625,11.339133945071906,-54.79237929542289,515.2255017798783,1.0396094195407222,1.0917646796200968
SB74784_component_8a,12.867242,-59.609729,583.2490234375,846.5152587890625,12.867087659975564,-59.609889631244585,494.65268665394177,1.1227803771108282,1.179108168567454
SB74784_component_13a,12.197407,-58.252927,457.6189880371094,1069.2032470703125,12.197828590951369,-58.253065273765955,339.44023939269096,1.2837541989754613,1.3481577459875052
SB74784_component_27a,15.928978,-56.146754,265.010009765625,772.6239624023438,15.929148590429705,-56.14715886363827,242.57799111000986,1.0402843109538877,1.0924734290731353
SB74784_component_28a,17.448636,-54.744221,255.2220001220703,966.75,17.448560510102286,-54.74448820397742,233.863559857754,1.0391942077413385,1.0913286374213556
SB74784_component_30a,13.143926,-59.905401,269.697998046875,410.4992370605469,13.14367760214542,-59.90558752341141,235.9068111073495,1.0886252629855324,1.143239556250662
SB74784_component_34a,15.902279,-56.280268,232.3209991455078,732.8738403320312,15.902445001283628,-56.2806199154177,201.28872095418188,1.0990316320046185,1.1541679933392275
SB74784_component_40a,17.226039,-52.467134,196.06500244140625,254.96099853515625,17.226300415499452,-52.46747481349396,186.66729033202714,1.0001681526065522,1.0503447180952983
SB74784_component_41a,14.478281,-59.667614,190.6699981689453,462.791259765625,14.478123291999971,-59.66777752801251,162.01305428189647,1.1206590914503438,1.1768804619730633
SB74784_component_43a,20.486,-54.759683,174.9250030517578,607.3784790039062,20.48613834837374,-54.75995876964879,157.1799338819025,1.0597317695683297,1.1128965303114842
SB74784_component_44a,14.732619,-52.324354,177.84300231933594,194.3639373779297,14.733021002349084,-52.32447360430739,170.1970212817937,0.9950066705055501,1.0449242940913923
SB74784_component_48a,11.332187,-54.818211,174.04100036621094,513.3953247070312,11.332192034073094,-54.81851748199181,156.03084245925402,1.062141268541216,1.1154269093410818
SB74784_component_49a,16.684647,-55.477498,169.4739990234375,667.220458984375,16.68467597114121,-55.477837101225234,152.8643058679424,1.055694246514275,1.108656452277643
SB74784_component_51a,18.316849,-59.62541,167.06199645996094,446.6898193359375,18.316986673136128,-59.62573048809798,142.85987779741805,1.1135470163084202,1.1694115873237874
SB74784_component_52a,19.174936,-58.179194,160.57400512695312,652.7398681640625,19.1750698320235,-58.179475569780166,141.9351694383637,1.0772745131615877,1.13131936053864
SB74784_component_59a,10.601461,-58.048984,144.16200256347656,469.5830383300781,10.601513844973267,-58.04918367781865,130.54460883017177,1.05155751402085,1.1043121876524211
SB74784_component_60a,19.95676,-59.795937,147.34100341796875,256.691650390625,19.956870893675493,-59.79625813818117,122.50091478655663,1.1453163408692921,1.20277471947612
SB74784_component_62a,16.674375,-58.692674,139.71600341796875,662.1611938476562,16.674487912108532,-58.69294500401981,119.84583586415431,1.1101057985879035,1.1657977301467308
SB74784_component_63a,16.165256,-59.784159,141.93800354003906,383.6162109375,16.16521807299266,-59.78442159976821,121.88304962786704,1.108910628156289,1.1645426002500245
SB74784_component_65a,20.441583,-54.747245,143.5959930419922,491.7671203613281,20.44171214991633,-54.74752221884665,124.74969165947174,1.0960844241457428,1.151072929574568
SB74784_component_69a,17.941426,-55.533976,133.73399353027344,696.5311889648438,17.941534659676428,-55.53429425019846,122.37439543285049,1.0406206029163125,1.0928265921743099
SB74784_component_70a,12.221415,-53.462829,134.3260040283203,490.24090576171875,12.221372040370474,-53.46299835166349,124.27188489074051,1.0292677746459271,1.080904213744077
SB74784_component_71a,17.899572,-56.834059,132.5500030517578,631.1904907226562,17.899658069768513,-56.834359274640974,121.04506094316513,1.0427347197952375,1.0950467703427789
SB74784_component_72a,12.196646,-54.895964,129.65199279785156,554.068359375,12.196735735305062,-54.89626101940591,113.78816636306463,1.08498382351169,1.1394154325694126
SB74784_component_78a,13.213245,-54.971496,129.56500244140625,551.3404541015625,13.213270776241718,-54.97183493552697,115.69000556143371,1.0664316638028186,1.119932545708148
SB74784_component_83a,12.033876,-57.542038,125.13800048828125,376.92169189453125,12.034077138954869,-57.54227913285868,111.99214926346855,1.0640028659744054,1.1173818996355385
SB74784_component_84a,15.760404,-58.439084,124.61699676513672,662.8563842773438,15.760480210909753,-58.43932215141301,107.52914149117296,1.1035506426899575,1.1589137143382335
SB74784_component_86a,16.872938,-56.346642,131.58200073242188,569.6190185546875,16.87309637618197,-56.34701028628571,116.92897579348279,1.071557562865579,1.1253156015393389
SB74784_component_87a,8.02956,-58.768806,131.0570068359375,107.95470428466797,8.029402166172265,-58.768976828074976,138.3199794459895,0.9022284032307444,0.9474915146810876
SB74784_component_92a,12.240126,-55.116543,122.65899658203125,490.635986328125,12.240205389430674,-55.116885049336155,107.40595357544237,1.087457312909246,1.1420130123035972
SB74784_component_94a,9.397431,-53.126049,119.76399993896484,93.56562805175781,9.397382472465157,-53.12633378567424,153.34462211870644,0.7437019299522691,0.7810120647482093
SB74784_component_96a,12.701789,-59.348882,126.70800018310547,386.30487060546875,12.70175708450066,-59.34902727742988,107.44424755322285,1.1229541734520254,1.1792906839460182
SB74784_component_97a,16.13227,-53.185142,113.77799987792969,418.30145263671875,16.132321398010838,-53.18544080208487,101.76741954118681,1.0646103849020974,1.1180198966515213
SB74784_component_102a,12.738756,-59.436183,120.60299682617188,325.95404052734375,12.738661290786577,-59.436329058509735,100.47428330955728,1.1429950467311911,1.2003369703528894
SB74784_component_103a,12.318506,-54.696623,108.24700164794922,436.4798583984375,12.318565424224165,-54.6969216095833,89.47202660816454,1.1520458579932698,1.2098418438872314
SB74784_component_107a,9.872218,-56.441666,112.25800323486328,355.246826171875,9.872474955065782,-56.44187734186171,106.03971978974675,1.0080681824672055,1.058641077677742
SB74784_component_110a,15.543342,-56.617851,106.68699645996094,440.8553466796875,15.543518886769576,-56.61816744753177,97.99082531091705,1.0367337551404114,1.0887447485155026
SB74784_component_111a,15.097836,-55.73433,108.95800018310547,450.23968505859375,15.097925897100968,-55.734681021815334,94.44277759526435,1.0985796199053162,1.1536933046383524
SB74784_component_112a,14.334593,-59.046778,102.69499969482422,464.6832580566406,14.334539398652659,-59.04697744291016,87.56942310931144,1.1167037513398472,1.1727266898473427
SB74784_component_114a,12.087214,-59.854488,110.98999786376953,159.69784545898438,12.087030052821742,-59.854592836075604,94.98743796380231,1.1126506729559251,1.16847027610183
SB74784_component_123a,22.32147,-55.445621,95.49099731445312,164.35629272460938,22.32160815897485,-55.44591347347373,90.39636216493396,1.0058949816870821,1.0563588514792628
SB74784_component_126a,22.085285,-56.827649,98.89600372314453,272.4407653808594,22.085381181209044,-56.82779270744169,85.13590484460644,1.1061324984743464,1.1616250969981887
SB74784_component_128a,16.051895,-56.893777,96.31600189208984,352.8058776855469,16.052006446471246,-56.89409256002149,98.29981861428628,0.9330112833463835,0.9798187143154289
SB74784_component_147a,17.646806,-57.233096,87.4530029296875,472.71893310546875,17.64686479890198,-57.233362038414924,80.42364730566048,1.0354571409371067,1.087404088965414
SB74784_component_148a,19.5977,-60.130934,95.94100189208984,105.54566192626953,19.597744009581692,-60.13125922245176,80.27882255656706,1.1380056573985537,1.1950972726896523
SB74784_component_149a,16.446538,-52.574121,89.1520004272461,152.65753173828125,16.44684310313703,-52.57438756792839,83.40997184659261,1.017780869902835,1.0688410324752802
SB74784_component_151a,17.614048,-59.033285,89.48899841308594,456.5765380859375,17.614216922360633,-59.03356266586422,79.48773580829331,1.072039251304892,1.1258214553866956
SB74784_component_152a,12.249852,-55.901535,87.08899688720703,422.7621154785156,12.250019336386032,-55.90182279188962,75.67206483937596,1.0958948081958098,1.150873800947087
SB74784_component_153a,15.451189,-56.135509,82.01499938964844,402.0343322753906,15.451425477335382,-56.135876316267954,70.67634127814419,1.1049952028439358,1.1604307453732128
SB74784_component_155a,21.606814,-56.615963,84.10600280761719,287.0511779785156,21.60700516246467,-56.61611542663344,66.49819490027089,1.204365489767675,1.2647862537284387
SB74784_component_156a,19.754728,-54.618454,84.16200256347656,340.7368469238281,19.754799903106232,-54.61872531476573,72.46971474272924,1.1058613369259727,1.1613403317821172
SB74784_component_158a,15.969569,-53.7484,82.11000061035156,398.59222412109375,15.969456241577163,-53.748690888138476,74.53332523399783,1.0490271390584984,1.1016548685110548
SB74784_component_161a,14.921973,-52.796895,83.2979965209961,209.29144287109375,14.922246519193909,-52.79704271478957,77.56602313254417,1.0225962511629945,1.07389799240651
SB74784_component_162a,13.010867,-54.829972,80.697998046875,365.1493225097656,13.010865561834516,-54.830318923524366,70.27870972737458,1.0934027130043515,1.1482566820011204
SB74784_component_163a,9.039436,-53.964516,86.20800018310547,66.05977630615234,9.03944370159779,-53.96494603998481,84.99697850143949,0.9657956586139244,1.0142478203698202
SB74784_component_168a,20.827935,-58.104707,79.74099731445312,362.4590759277344,20.82797946325088,-58.1049609128675,70.67080307529922,1.0744415688934814,1.1283442927553784
SB74784_component_169a,9.476506,-57.555262,80.86699676513672,180.91050720214844,9.476665021984704,-57.55549562547649,74.97521643044655,1.0270574856708516,1.0785830387052753
SB74784_component_172a,11.631086,-56.311816,80.09500122070312,392.62255859375,11.631346369602158,-56.31195673002518,71.58224889475795,1.0654700335593132,1.1189226722739718
SB74784_component_173a,8.396926,-58.167038,81.69499969482422,86.17615509033203,8.396837819332646,-58.16724465176528,78.6479346641331,0.9891207642853289,1.0387431029651781
SB74784_component_179a,21.198616,-58.348505,73.66600036621094,282.2452087402344,21.198721645499855,-58.34877722985916,66.79699244710658,1.05015002714391,1.102834089791447
SB74784_component_182a,20.770441,-58.901671,70.26899719238281,276.64959716796875,20.770683976731934,-58.90192328095858,59.98068777190986,1.1155614040789394,1.1715270331610164
SB74784_component_187a,17.539262,-57.716862,73.30899810791016,372.12689208984375,17.539284591567625,-57.717139721503685,63.310276218281196,1.1026158766644352,1.1579320528496095
SB74784_component_189a,21.566033,-55.96429,72.86499786376953,264.0036315917969,21.566180683474894,-55.9645492990744,65.53698591275243,1.0587018165561075,1.1118149064830762
SB74784_component_193a,10.239744,-59.384538,75.00399780273438,131.3555145263672,10.239704974363296,-59.384774703913244,64.42670535234072,1.1085611518364114,1.1641755913568437
SB74784_component_195a,20.965698,-56.337917,65.84700012207031,295.27801513671875,20.9658515328821,-56.338144848885065,57.518066135663204,1.090116426710784,1.1448055288709174
SB74784_component_196a,18.591484,-53.879505,65.68099975585938,266.9959411621094,18.591451792956114,-53.87976825260025,58.00606199087735,1.0782203842909557,1.1323126842533986
SB74784_component_197a,16.460038,-55.094218,65.3239974975586,338.46630859375,16.45993279781562,-55.09453007430065,59.870774150883214,1.0389605214904056,1.0910832275683031
SB74784_component_198a,20.909661,-56.398569,66.81300354003906,315.1556701660156,20.90981791286856,-56.39881360270156,57.576311365816466,1.1049899374002805,1.1604252157720978
SB74784_component_200a,20.254302,-54.35211,64.61499786376953,263.73468017578125,20.254385936690078,-54.35238202620539,57.997520720727294,1.0608770914141117,1.1140993108120443
SB74784_component_203a,22.255583,-54.224915,66.06500244140625,84.37420654296875,22.255757881121585,-54.22521483798262,63.47636249671174,0.9910614639770923,1.0407811639305673
SB74784_component_204a,20.685367,-57.87616,70.46399688720703,318.84161376953125,20.68538557838815,-57.87642511131711,62.23440233974391,1.078146844968971,1.132235455601179
SB74784_component_205a,12.003884,-57.576372,65.34300231933594,190.50437927246094,12.004094888088682,-57.57662093992848,57.720908551498894,1.0779710373207843,1.1320508280121158
SB74784_component_211a,19.520507,-60.183315,65.62899780273438,66.9683609008789,19.520459698733703,-60.18363734177139,53.37755401538319,1.170788018729844,1.2295242637723784
SB74784_component_224a,9.976965,-56.672627,60.84700012207031,213.4982452392578,9.97728974367331,-56.67288589295196,54.67965846913617,1.0596307284601616,1.112790420159908
SB74784_component_226a,18.936586,-53.640586,65.62200164794922,252.39231872558594,18.93620655628724,-53.64071440991409,31.039921439955236,2.0131216792338886,2.114116228512074
SB74784_component_229a,18.957607,-54.724555,63.09400177001953,274.3217468261719,18.957611707757675,-54.724778727077656,56.1854010949882,1.0693152335782847,1.122960778785783
SB74784_component_230a,11.201509,-55.333955,57.334999084472656,250.3711700439453,11.201469094179636,-55.33427871260688,50.26747409074288,1.0861102515955563,1.1405983714433607
SB74784_component_231a,16.779707,-53.398838,56.650001525878906,238.02520751953125,16.779645855112136,-53.39917350848981,51.81583248091297,1.0410668354846762,1.0932952113959893
SB74784_component_233a,22.774745,-54.953792,60.96200180053711,65.69181060791016,22.775000600683974,-54.95412343643572,59.86011193633576,0.9697568603050941,1.018407748140753
SB74784_component_236a,14.103222,-60.196451,62.35499954223633,74.94590759277344,14.102971271362073,-60.19660739971593,51.875468190654466,1.1445912374328886,1.2020132389565552
SB74784_component_239a,19.547297,-58.909194,59.73400115966797,257.4741516113281,19.547499130792698,-58.90950550788425,52.099592837596425,1.091763177585428,1.1465348941568378
SB74784_component_241a,19.687399,-55.774122,59.31700134277344,322.375,19.68757131890903,-55.77436030651673,49.47862371609081,1.1415705143758466,1.198840971873741
SB74784_component_243a,19.892727,-53.715436,52.84600067138672,197.92510986328125,19.89278856181152,-53.71565503351108,55.07807875807846,0.9136387459119036,0.9594742929125073
SB74784_component_244a,12.91312,-57.134551,55.05400085449219,259.6886901855469,12.913243688543323,-57.134747177276,54.978177160089636,0.9535417535865045,1.0013791598470383
SB74784_component_247a,17.272903,-55.210302,55.04100036621094,289.6894836425781,17.272912344092095,-55.21061611698388,52.489637264303006,0.9985134353117744,1.0486069867288463
SB74784_component_248a,12.06666,-52.732852,55.766998291015625,107.65829467773438,12.066839840804255,-52.73303849926936,52.28239115692904,1.0156942470906667,1.0666497276994718
SB74784_component_250a,13.33105,-57.716761,56.2239990234375,216.24615478515625,13.331089814666301,-57.716952465809044,51.10734030308952,1.0475617145550853,1.1001159264012546
SB74784_component_254a,16.551292,-54.172548,51.70100021362305,257.2189025878906,16.55108274059018,-54.17285153861231,47.201781116353764,1.0429937937904907,1.0953188415957986
SB74784_component_256a,13.304193,-57.77522,53.63999938964844,208.71595764160156,13.304213485398169,-57.775415039401494,45.42620838142322,1.1244067426045934,1.1808161257760663
SB74784_component_258a,21.719885,-57.705788,54.90299987792969,190.6354217529297,21.719937615297354,-57.70600756814681,47.53967530345596,1.099717229753277,1.154887986244585
SB74784_component_259a,9.750835,-54.545174,55.08399963378906,112.87704467773438,9.750905185099226,-54.54545238437003,52.71849191031164,0.9949554937841953,1.0448705499296487
SB74784_component_261a,13.482111,-56.950924,51.55799865722656,278.69189453125,13.4823726003499,-56.95124468192664,46.96778532379649,1.045290815125945,1.0977311001952739
SB74784_component_263a,14.323634,-58.132069,51.19599914550781,244.95692443847656,14.323610442359492,-58.13222511413708,41.42908260356674,1.1767165792221486,1.2357502490557253
SB74784_component_268a,18.350056,-56.46598,50.43299865722656,262.671875,18.350203847651084,-56.46625648475553,44.2587410246272,1.0850678635652429,1.1395036887552625
SB74784_component_275a,10.108377,-54.958984,49.597999572753906,145.87646484375,10.108349973560104,-54.959354002903055,45.596193521279275,1.0358019828573153,1.0877662309597627
SB74784_component_278a,10.410361,-54.833941,49.641998291015625,162.228759765625,10.410350240228121,-54.83427289633202,45.47017768009287,1.039594013139737,1.0917485003087906
SB74784_component_279a,21.985775,-53.494741,50.68299865722656,61.95965576171875,21.985762761680025,-53.49501995184799,44.27626169968083,1.090015119492428,1.1446991392589025
SB74784_component_282a,21.020009,-53.292782,48.84400177001953,97.4930191040039,21.01994457457924,-53.29301489447569,47.697052945543284,0.9751262731650695,1.0240465344008935
SB74784_component_283a,15.806096,-55.250392,49.57699966430664,168.05763244628906,15.806042611201326,-55.25071226533311,46.29893247311235,1.0196483682779864,1.0708022197509197
SB74784_component_286a,15.209538,-54.294761,48.099998474121094,240.49998474121094,15.209365587962386,-54.29502944552678,41.98847230811139,1.090827692356646,1.1455524773838717
SB74784_component_288a,20.013401,-52.792383,48.106998443603516,85.59964752197266,20.01341134616313,-52.79260500241898,45.282041831679265,1.0116340180508088,1.0623858045629893
SB74784_component_289a,17.608095,-52.142958,46.70100021362305,33.62202835083008,17.60834400900343,-52.14335661853069,48.00360726557974,0.9263891799352464,0.9728643923622234
SB74784_component_294a,18.802697,-54.124192,47.441001892089844,181.07252502441406,18.802651669803033,-54.124452499495746,40.03697322458653,1.1283238817159469,1.1849297804299683
SB74784_component_296a,15.782693,-56.230877,48.25400161743164,163.02027893066406,15.782851906285511,-56.23125811909243,44.85958131414616,1.0242813951042622,1.0756676768673958
SB74784_component_298a,12.76809,-53.048129,46.345001220703125,145.73899841308594,12.76820341181498,-53.04819696145624,43.136568008514956,1.023053803925173,1.0743784997349544
SB74784_component_299a,14.226968,-52.269758,45.40599822998047,46.52253723144531,14.227416262754806,-52.269858787930254,41.94947035602492,1.0306896424068812,1.0823974139511183
SB74784_component_302a,17.352234,-57.314532,43.505001068115234,235.16217041015625,17.352332973233494,-57.31483927942311,40.62917802003321,1.0196293152984721,1.07078221091906
SB74784_component_303a,15.67743,-55.221535,46.40399932861328,183.41502380371094,15.677275852124902,-55.22185425677144,42.4989497719404,1.0397247439060366,1.091885789593115
SB74784_component_314a,8.699961,-59.026756,47.45199966430664,50.16067886352539,8.699836995840231,-59.02700332018264,40.633818937877514,1.1120083372401293,1.1677957156046055
SB74784_component_320a,13.552147,-58.1258,42.87200164794922,172.8709716796875,13.552182017931438,-58.1260198940907,36.887319747262005,1.1067201729695846,1.162242254023659
SB74784_component_321a,12.683477,-52.815534,41.176998138427734,94.2265396118164,12.683731731790507,-52.81557672691027,30.038346589783472,1.3053285127157594,1.3708144026952767
SB74784_component_322a,14.764396,-56.751886,42.64699935913086,171.96371459960938,14.76466450898733,-56.75223708911754,36.80960271685437,1.1032362293164168,1.1585835274338254
SB74784_component_323a,10.551452,-55.327541,41.86600112915039,169.49798583984375,10.551464586555168,-55.32770381448102,39.701937187500285,1.0041323263298267,1.0545077669996274
SB74784_component_325a,12.857437,-59.342998,42.744998931884766,140.60855102539062,12.857418698513438,-59.34315551176622,35.76507485861022,1.1380657093247115,1.1951603373086237
SB74784_component_328a,8.881183,-58.664622,42.48899841308594,60.785404205322266,8.880957975727867,-58.664820508120435,39.29645523499329,1.0295899225924598,1.0812425232505376
SB74784_component_335a,14.023211,-60.212132,44.83399963378906,51.356239318847656,14.022957630270923,-60.21238486615034,34.99226165428512,1.2200472112764382,1.2812546978740007
SB74784_component_337a,10.249686,-54.65465,42.678001403808594,135.4857177734375,10.249559152034001,-54.65504382911602,40.19454596224793,1.0110627539361996,1.0617858811962502
SB74784_component_341a,16.947383,-57.425328,40.23699951171875,219.8743133544922,16.947449337641718,-57.425598043495654,36.192247665028006,1.0586470663878274,1.111757409601259
SB74784_component_343a,10.904094,-55.045322,38.999000549316406,155.37451171875,10.90400437521155,-55.0456443842998,35.38561765666012,1.0494647658485534,1.102114450218624
SB74784_component_346a,8.212021,-58.5897,35.555999755859375,26.99772071838379,8.2121370144383,-58.59001475124969,39.971319398913344,0.847043231277989,0.8895378058705261
SB74784_component_348a,18.9757,-56.220216,38.452999114990234,198.21133422851562,18.975743915028296,-56.22049940451839,34.904796277805865,1.0490260576817994,1.1016537328837093
SB74784_component_349a,11.48725,-57.211929,37.5989990234375,153.46530151367188,11.487621221431791,-57.212201187441025,32.3531603289131,1.1066256669165733,1.1621430067787333
SB74784_component_355a,10.365492,-58.133587,40.1349983215332,139.35763549804688,10.365537503655148,-58.13383829746491,36.28013521154541,1.0534053458071464,1.1062527217032274
SB74784_component_358a,18.305206,-56.432027,36.95199966430664,180.253662109375,18.305335338472798,-56.43230173170696,32.052393096172985,1.0977884336141714,1.152862426010826
SB74784_component_359a,14.368113,-55.430641,38.71200180053711,223.768798828125,14.368190317927837,-55.43100104260451,34.690638651379835,1.0626114709814303,1.115920700958249
SB74784_component_361a,21.348915,-59.333969,35.742000579833984,83.31468963623047,21.34906025506323,-59.33420457602334,30.008799171453894,1.1341523740827455,1.1910506773571214
SB74784_component_365a,13.376998,-55.23394,38.290000915527344,188.62069702148438,13.377045533736208,-55.23428263488463,36.08348623612982,1.010457500349413,1.0611502631690886
SB74784_component_371a,19.182529,-57.802727,35.41899871826172,163.97683715820312,19.182542994291797,-57.80296739577169,27.42476362068567,1.2298001805602874,1.29149695538474
SB74784_component_373a,9.646169,-53.53748,36.013999938964844,47.511871337890625,9.646033078119952,-53.537888871880014,33.622364308947965,1.0199626666467063,1.0711322858809305
SB74784_component_375a,17.612528,-59.480719,35.125,135.09616088867188,17.61268314052348,-59.481079675748454,29.628941011449832,1.1288633396483343,1.1854963019578144
SB74784_component_379a,21.514398,-54.690935,34.391998291015625,85.3399429321289,21.5146046159259,-54.69124799004512,28.47771434202682,1.1499883665227288,1.2076811319179723
SB74784_component_383a,20.290586,-53.560922,32.821998596191406,97.3946533203125,20.290696987169525,-53.56115257982113,37.22413529110005,0.8396176710012287,0.8817397191235453
SB74784_component_387a,18.890893,-54.491759,33.40800094604492,147.82301330566406,18.890827513084975,-54.491970290009334,29.4788294816745,1.0791490185798458,1.1332879063876329
SB74784_component_393a,12.619971,-56.316231,35.74399948120117,169.40284729003906,12.62022296208951,-56.316538135378636,31.011281901216798,1.097550702447693,1.152612768316381
SB74784_component_395a,18.16749,-54.427484,34.512001037597656,152.70797729492188,18.16739866093159,-54.42770685981699,30.79422825567895,1.0671905773510626,1.1207295325296256
SB74784_component_398a,18.258292,-59.264046,33.36199951171875,127.82374572753906,18.258451195061177,-59.26437987452144,28.60742690865296,1.1104894588969283,1.1662006379758558
SB74784_component_401a,10.995662,-52.297906,31.944000244140625,28.21908187866211,10.995985304140802,-52.29794299620553,31.848085123291145,0.9550962522759658,1.0030116448281952
SB74784_component_404a,21.674303,-57.473691,32.59000015258789,124.86589813232422,21.67436358007979,-57.473897633230166,24.4940344818624,1.2669667088207264,1.3305280588512471
SB74784_component_405a,18.502922,-55.880241,34.13600158691406,177.7916717529297,18.50307727312085,-55.88051433808568,30.202457267258094,1.076245967632878,1.13023921480456
SB74784_component_408a,17.160875,-54.991438,33.487998962402344,193.57225036621094,17.16086200035963,-54.991726667856454,30.81863657621026,1.0347059388743505,1.0866152005002272
SB74784_component_414a,17.179318,-54.300488,30.82699966430664,151.1127471923828,17.179119692164793,-54.30077505059975,28.93240689855612,1.0145836495368183,1.0654834135436229
SB74784_component_415a,10.095334,-59.993231,35.55500030517578,26.5732421875,10.09496494085018,-59.993466411221014,39.035457385623374,0.8673264284374896,0.9108385730935631
SB74784_component_417a,22.055802,-56.140549,32.32400131225586,95.91691589355469,22.055828472344032,-56.140743987131906,28.845330501946325,1.0670647223192584,1.1205973635862765
SB74784_component_424a,19.590146,-53.363222,30.792999267578125,116.64015197753906,19.590178127643988,-53.36342593156978,27.97975083335255,1.0479711206016264,1.1005458715833922
SB74784_component_426a,13.633425,-55.897998,30.2450008392334,160.87767028808594,13.633768326239437,-55.898365778280926,26.949517313850414,1.0686703880460797,1.1222835825593547
SB74784_component_427a,17.10492,-56.243931,31.902000427246094,170.5989227294922,17.105006638804596,-56.24425647608434,28.161685580208214,1.0786993994081155,1.1328157306630304
SB74784_component_428a,14.377342,-54.88462,30.257999420166016,167.17127990722656,14.377363717632072,-54.88489726473483,27.67730818762167,1.0410162920856114,1.0932421323291306
SB74784_component_431a,15.760321,-56.656255,30.927000045776367,154.63499450683594,15.760559671065476,-56.65655507804532,29.62780634092246,0.9939841597864689,1.043850485922052
SB74784_component_432a,19.998997,-56.757997,29.503999710083008,163.00552368164062,19.99907115544965,-56.75826609868047,25.959401766875416,1.0822494678465084,1.1365438993948833
SB74784_component_433a,21.27679,-56.586982,29.913999557495117,122.59835815429688,21.27681920140324,-56.58719387621188,27.126586290158826,1.050075449005344,1.1027557702071613
SB74784_component_434a,10.034895,-56.095732,29.115999221801758,102.88339233398438,10.034905841472911,-56.09592963283323,29.055490073106363,0.9542115298526518,1.0020825375356996
SB74784_component_435a,19.364664,-56.364123,29.76799964904785,147.3663330078125,19.364781805997346,-56.36436182094835,25.7444151721712,1.1010518909984186,1.156289604948028
SB74784_component_436a,12.883666,-52.861971,29.854000091552734,84.5722427368164,12.883799856474104,-52.86212550748672,27.336048671593144,1.0399392179897886,1.0921110234404936
SB74784_component_437a,11.809758,-57.502373,29.12299919128418,109.07490539550781,11.810017246748378,-57.502627022988776,30.70073684704282,0.9032926258979018,0.9486091274089204
SB74784_component_438a,11.215029,-54.048401,29.2810001373291,115.73518371582031,11.214813888095579,-54.048734483413135,28.115427335260794,0.9917047274974347,1.0414566987785567
SB74784_component_444a,14.936795,-52.711965,30.354000091552734,65.55939483642578,14.937102468927456,-52.71213102617709,28.576833628814956,1.0114466736606744,1.0621890614552132
SB74784_component_445a,10.839852,-59.680801,30.93000030517578,42.54470443725586,10.839570940795314,-59.68094387816135,26.424711179424435,1.1145789607522198,1.17049530249017
SB74784_component_446a,14.176206,-57.735193,28.841999053955078,134.77569580078125,14.176242768176326,-57.73537225688544,32.08082864912365,0.8560930009251461,0.8990415855340741
SB74784_component_447a,22.816424,-55.202004,29.09000015258789,32.39421081542969,22.816649161367458,-55.20227118119432,23.962877747320412,1.1559682802396316,1.2139610467211437
SB74784_component_448a,11.945727,-57.210419,29.926000595092773,125.21339416503906,11.946045280699618,-57.21062654043728,25.49569829808329,1.1176940390188381,1.1737666584069417
SB74784_component_449a,14.321313,-54.003636,27.648000717163086,135.5294189453125,14.321141093870308,-54.00392287629437,26.458089828928685,0.9950534532643059,1.0449734238536517
SB74784_component_451a,18.348445,-54.432878,27.06100082397461,123.56621551513672,18.348438416066173,-54.4330664494681,24.40180166347895,1.0559980771650712,1.108975525543901
SB74784_component_453a,12.064149,-58.679781,29.28700065612793,114.40234375,12.064112187650696,-58.67992507657413,24.722257348422986,1.1280489348458516,1.1846410399896645
SB74784_component_457a,15.174822,-59.326393,28.35700035095215,117.66390228271484,15.174611848915248,-59.326594790130216,25.083286644952064,1.076507384206284,1.1305137461584966
SB74784_component_458a,19.755474,-55.686767,27.79400062561035,134.27053833007812,19.755666831988478,-55.68705925829952,23.678896886648232,1.1177141844234062,1.1737878144687768
SB74784_component_459a,18.17817,-52.788731,28.349000930786133,61.361473083496094,18.17841920767534,-52.789067128083694,27.382235235025,0.9858481524997066,1.0353063103674067
SB74784_component_460a,10.725921,-54.052059,27.06399917602539,92.0544204711914,10.72578184586851,-54.05244023687959,25.2458762114896,1.0208047657493984,1.0720166315205313
SB74784_component_464a,12.340385,-56.557012,28.69499969482422,139.97561645507812,12.340695398872958,-56.55729257592721,24.282343630196223,1.1252701267417167,1.181722824280464
SB74784_component_468a,12.68497,-57.093107,30.243999481201172,136.85067749023438,12.685231874807616,-57.09339297184056,26.750743433258044,1.0765755978208442,1.1305853819225118
SB74784_component_470a,13.399476,-52.609383,26.84000015258789,49.795921325683594,13.399737148970711,-52.60946157538355,25.103544139135366,1.0180957860501822,1.0691717473767166
SB74784_component_473a,8.764326,-57.435734,28.19700050354004,37.44621658325195,8.764478869780518,-57.43576025571433,34.03872972429094,0.7888069590053707,0.8283799287438718
SB74784_component_475a,20.297518,-58.621812,27.35099983215332,130.24285888671875,20.297719704098142,-58.62210242545999,24.797452045873804,1.0502853640803222,1.102976216328823
SB74784_component_476a,9.511126,-53.866983,28.031999588012695,38.347469329833984,9.511162135743268,-53.86740908714145,25.850609626806012,1.0325817726106112,1.0843844687881043
SB74784_component_480a,23.073908,-57.265479,29.481000900268555,39.57181167602539,23.073864851346293,-57.26575639138828,24.911674703818573,1.1268872510541856,1.1834210766949993
SB74784_component_489a,13.322261,-54.989075,26.719999313354492,119.82062530517578,13.322205601922791,-54.989414855436365,23.839426043584123,1.067288459039375,1.1208323247591616
SB74784_component_490a,13.080203,-58.919678,26.632999420166016,110.05371856689453,13.080211052008844,-58.919847187158815,23.95673330812713,1.0586042839961471,1.1117124808970087
SB74784_component_492a,17.78374,-53.981961,26.270000457763672,115.21929931640625,17.783547136427504,-53.98215606537992,23.28536261933707,1.074281855510757,1.1281765668509727
SB74784_component_496a,21.224932,-55.418097,26.270000457763672,102.21790313720703,21.225010635075886,-55.41841135158384,22.2962322525191,1.1219403474825198,1.1782259962238957
SB74784_component_497a,13.965677,-58.082769,25.73900032043457,119.71627807617188,13.965585446685735,-58.08299550754192,24.109189057459325,1.0166003115982443,1.0676012477686796
SB74784_component_498a,21.441569,-60.013094,28.91900062561035,25.982929229736328,21.441708172261805,-60.013330099175754,24.434038125262678,1.12701371008039,1.1835538799340175
SB74784_component_502a,17.644597,-55.124663,27.766000747680664,156.87005615234375,17.64451208724319,-55.124953881412246,24.996713720149657,1.0577221044556566,1.1107860440590118
SB74784_component_505a,19.148383,-53.984466,26.290000915527344,109.08714294433594,19.14853631901721,-53.984704296440256,22.245223423506804,1.1253691226112883,1.1818267865876488
SB74784_component_506a,17.584248,-53.933836,25.900999069213867,109.74999237060547,17.583999976993887,-53.93420569007138,25.47087958638016,0.9683084891744217,1.0168867149395069
SB74784_component_508a,8.860228,-56.069935,28.145000457763672,38.292518615722656,8.860180013594253,-56.07019181913945,24.42913048564518,1.0970701954992026,1.1521081552330312
SB74784_component_510a,18.429521,-56.44091,25.575000762939453,126.6089096069336,18.42960863128652,-56.44119299163471,21.795793656097803,1.117336879003932,1.1733915803421244
SB74784_component_515a,13.082477,-57.839304,28.35700035095215,111.20392608642578,13.082644282291954,-57.8395278163481,22.680967768391476,1.1905287097618744,1.2502553083502403
SB74784_component_517a,21.882423,-56.708373,25.972000122070312,83.51126098632812,21.882494266824043,-56.70855041137171,22.067763796954896,1.1206970666490237,1.1769203423164316
SB74784_component_518a,11.996889,-53.343287,24.95599937438965,86.65277862548828,11.996868946634375,-53.34341621708732,24.07021157719814,0.9872706449885454,1.0368001666437623
SB74784_component_519a,11.367122,-58.135059,25.85700035095215,111.93506622314453,11.367121570577355,-58.135222809167395,22.324634434860318,1.1028969889534392,1.1582272680163568
SB74784_component_520a,21.601998,-58.806306,23.93600082397461,75.03448486328125,21.602381426556555,-58.806599661773085,21.690459415364025,1.0508095381858291,1.1035266872687812
SB74784_component_526a,14.860282,-56.951707,25.472000122070312,78.86067962646484,14.860470977751957,-56.95198038551026,23.12707854182206,1.0487776859380151,1.101392900794097
SB74784_component_531a,10.492722,-56.251981,24.43400001525879,100.13934326171875,10.492906723396858,-56.2522513309737,21.526866960732427,1.0808238233576508,1.1350467329885636
SB74784_component_533a,16.424597,-53.64731,27.368000030517578,133.50244140625,16.42441685287069,-53.64766511653567,22.11280601837856,1.1785292649709174,1.2376538738580387
SB74784_component_534a,13.715415,-54.45102,24.88599967956543,132.37234497070312,13.71517010621825,-54.45142932094484,22.354082381285586,1.0600818768470568,1.1132642018175398
SB74784_component_535a,21.145533,-55.972071,24.863000869750977,103.59584045410156,21.145689269184814,-55.972372296414676,20.69154455299785,1.1441996233598903,1.2016019783379948
SB74784_component_536a,18.149989,-54.902664,24.43400001525879,115.25471496582031,18.150034597576955,-54.9029175687893,21.143317282082077,1.1004304737519945,1.1556370123606576
SB74784_component_538a,16.801865,-55.345384,24.75,126.2755126953125,16.801837278410204,-55.34572933414605,21.977711758635742,1.0723434312384248,1.126140895458552
SB74784_component_545a,19.52185,-55.505653,23.923999786376953,122.06122589111328,19.521972525654817,-55.50595439200346,20.93905218418622,1.087972545802833,1.1425540934677574
SB74784_component_548a,16.465944,-58.944424,24.184999465942383,118.55392456054688,16.46607766844249,-58.944729650590034,22.530531606627346,1.0221527676898545,1.0734322601970199
SB74784_component_550a,15.974866,-52.966647,23.479000091552734,78.78858947753906,15.97517613914184,-52.96680989595921,22.699351656851864,0.9849344099011128,1.0343467270117177
SB74784_component_551a,9.52992,-55.007054,25.104999542236328,50.51307678222656,9.52990825718802,-55.00741448174838,22.678508428433485,1.0541123366806067,1.1069951809864442
SB74784_component_552a,14.326849,-56.496368,24.243000030517578,126.92670440673828,14.32713777671409,-56.496742979980816,21.38873306359731,1.0793007215501484,1.1334472200122085
SB74784_component_554a,18.690465,-57.839574,23.982999801635742,127.56915283203125,18.690542533085157,-57.83983328550867,22.612163030565217,1.009956251217883,1.0606238673061725
SB74784_component_556a,18.180739,-54.196646,23.860000610351562,106.51785278320312,18.180652984985834,-54.19680961954724,21.918776446520063,1.0365620603396073,1.0885644401076822
SB74784_component_560a,10.378216,-53.784409,24.365999221801758,65.85404968261719,10.378085026392492,-53.78470848471376,26.397098200545567,0.8789601866486114,0.923055975194204
SB74784_component_564a,16.588761,-52.546827,24.39900016784668,42.28596115112305,16.58906098735619,-52.54711558020428,22.207360407559307,1.0462037079408875,1.0986897911352556
SB74784_component_574a,14.062943,-54.802568,22.795000076293945,115.12626647949219,14.062866873201779,-54.80290545997012,20.501257066879358,1.0587666973190863,1.1118830421925798
SB74784_component_575a,11.21258,-57.003522,22.5939998626709,93.36363983154297,11.212836534567815,-57.00376390614817,21.225891693751432,1.0136040651882696,1.0644546852805348
SB74784_component_577a,16.523299,-54.192252,22.18600082397461,106.15311431884766,16.523038631636965,-54.19253619617365,19.311144898569015,1.0939870170944956,1.1488702995345774
SB74784_component_579a,22.317642,-57.102443,23.67300033569336,61.1705436706543,22.31759609285495,-57.10260488363394,19.723617455820968,1.142899122690858,1.2002362339828703
SB74784_component_580a,13.120423,-56.724222,23.891000747680664,124.43229675292969,13.120736775058637,-56.72452352974415,23.22751877584393,0.9794283886569639,1.0285644789802835
SB74784_component_583a,14.034795,-52.836483,22.079999923706055,60.49314880371094,14.034914764009974,-52.836548149571726,22.018084568069813,0.9549061664879721,1.0028120227917567
SB74784_component_588a,18.346907,-53.177689,22.23900032043457,72.91475677490234,18.346963645169847,-53.177981217791306,18.672884138204733,1.134083480484019,1.190978327495406
SB74784_component_589a,18.045863,-52.329997,22.67300033569336,24.353384017944336,18.04620897269548,-52.33036673904894,22.199167187933583,0.9725534487608656,1.021344636208575
SB74784_component_590a,9.509599,-58.110836,21.757999420166016,53.59113311767578,9.509736465278523,-58.11108115205239,20.08732642511346,1.0314257975567018,1.0831705006278913
SB74784_component_591a,10.358076,-54.001202,22.055999755859375,61.78151321411133,10.3579326141957,-54.00154789589865,19.8122921642325,1.0600666955089515,1.1132482588600972
SB74784_component_592a,14.811275,-59.612556,23.37299919128418,74.19999694824219,14.811230393066772,-59.61272672451906,19.744176375077537,1.127240510341635,1.183792058340159
SB74784_component_593a,21.166663,-53.503842,21.799999237060547,46.680938720703125,21.16683263635158,-53.504138970336705,20.346389297435312,1.020258670817413,1.0714431400272315
SB74784_component_594a,15.364002,-53.878669,21.20199966430664,119.11235809326172,15.363892101828334,-53.87894933070682,18.687823308192876,1.0803370485900312,1.1345355376413224
SB74784_component_595a,19.10838,-55.24469,22.39699935913086,120.41397094726562,19.108496525181685,-55.244946269674095,19.056626292082466,1.119141462472933,1.175286696388449
SB74784_component_596a,22.216731,-53.158319,23.030000686645508,15.477150917053223,22.217305354116768,-53.158316997941114,27.05659564178469,0.8105166961699287,0.8511788028158009
SB74784_component_597a,14.765614,-52.202654,23.621999740600586,23.181549072265625,14.76621526800614,-52.20283201993653,20.509983438015034,1.0967118006442924,1.1517317803785967
SB74784_component_598a,19.211837,-56.397801,21.211999893188477,112.82978820800781,19.212027793624678,-56.39801287408573,19.376554462936753,1.0424283852277094,1.0947250675429703
SB74784_component_599a,8.627664,-58.702687,22.642000198364258,25.58418083190918,8.627459770942853,-58.702911884900566,22.226683894762836,0.970021326470923,1.0186854820794604
SB74784_component_600a,9.873682,-57.474976,21.496000289916992,67.17500305175781,9.87400995876649,-57.47524807410522,20.05198744322269,1.0208017386630048,1.0720134525708753
SB74784_component_605a,19.581126,-58.501899,20.742000579833984,93.0134506225586,19.581218936806238,-58.50217169916538,17.003318472013042,1.161604052857459,1.2198795555099848
SB74784_component_606a,15.258201,-52.727259,20.739999771118164,49.49880599975586,15.258329338391714,-52.7275396851035,20.624703025688852,0.9575516504397275,1.005590225725224
SB74784_component_608a,16.568712,-55.446005,21.969999313354492,95.52173614501953,16.568630193447383,-55.44638431812589,19.415885643221774,1.077491874381709,1.1315476263646196
SB74784_component_609a,13.433652,-59.462901,21.239999771118164,70.79999542236328,13.433340336244896,-59.4630843959446,18.705134535010657,1.081271702343203,1.1355170812251023
SB74784_component_611a,21.894114,-57.849412,20.836000442504883,62.011905670166016,21.894178508421167,-57.849539206460385,20.497655236918156,0.9679464683147534,1.0165065321704376
SB74784_component_612a,16.852552,-52.702821,22.378000259399414,51.20823669433594,16.852767945882153,-52.703149084525776,20.974648780203015,1.0159392587592424,1.066907031145187
SB74784_component_613a,11.291465,-55.074693,20.940000534057617,91.84210968017578,11.291554401971377,-55.07498737300548,18.64711178060977,1.069316528952509,1.1229621391465092
SB74784_component_614a,9.490827,-53.198653,18.291000366210938,14.75080680847168,9.490733559659878,-53.198849898940935,17.069709329430008,1.0203578226927508,1.0715472661666998
SB74784_component_615a,13.225274,-57.139283,22.62700080871582,117.84896087646484,13.225326198671482,-57.13957564571308,20.95688306655328,1.0281144614990185,1.07969304103376
SB74784_component_619a,16.33373,-58.280931,21.034000396728516,120.19429016113281,16.333875961591914,-58.281190555664075,18.5155458302243,1.0817490542313837,1.1360183809646678
SB74784_component_620a,15.074953,-55.454473,21.35099983215332,99.30697631835938,15.074917456383334,-55.45484227122045,19.302812545679714,1.0532677573450915,1.1061082306853787
SB74784_component_623a,18.901569,-55.278731,22.874000549316406,116.70408630371094,18.9016998513064,-55.27894880433823,19.53737328947597,1.114851746602684,1.1707817734965298
SB74784_component_624a,18.942783,-57.319044,21.292999267578125,104.8916244506836,18.94282490078505,-57.31928413646495,18.917002442449345,1.0718294482848985,1.1256011269416075
SB74784_component_625a,17.890847,-58.96197,20.979999542236328,101.35265350341797,17.891074901985373,-58.96227512730676,18.111188427863418,1.1030614097188511,1.1583999374640346
SB74784_component_627a,16.733684,-52.290242,22.27899932861328,25.578643798828125,16.734027740078808,-52.290523711560425,21.319811995893204,0.9950696391182197,1.044990421721582
SB74784_component_628a,19.537984,-52.391472,22.374000549316406,23.13753890991211,19.537828716648146,-52.39165242744779,21.662112327409293,0.9835218364042578,1.0328632873446213
SB74784_component_634a,16.435574,-53.822522,19.902000427246094,105.30158996582031,16.43531868635425,-53.822930774902936,19.39998534206515,0.9768693763366085,1.0258770857982258
SB74784_component_635a,14.672733,-52.509507,20.12700080871582,34.171478271484375,14.67305522930284,-52.50960115281407,18.76383352354982,1.0214065973700592,1.0726486559079271
SB74784_component_638a,16.384366,-52.854233,22.031999588012695,60.36164093017578,16.3845826709347,-52.85444872285247,19.954945844550984,1.051343241175317,1.1040871651390065
SB74784_component_639a,22.332038,-57.495934,19.886999130249023,46.792938232421875,22.33214612194642,-57.496158553250446,15.239996408596346,1.242583424045215,1.304921510285361
SB74784_component_642a,20.524318,-56.562625,19.81599998474121,94.36190795898438,20.5245631168212,-56.56282556700047,17.815679172393388,1.0591434280418563,1.1122786727910692
SB74784_component_643a,18.574943,-57.0451,19.62700080871582,103.30000305175781,18.57503333947302,-57.045357364722456,18.269466049729278,1.022984966439794,1.0743062088016884
SB74784_component_644a,11.345909,-58.820571,20.99799919128418,78.35073852539062,11.346036290312467,-58.82067839747611,16.51483824308715,1.2107228979802542,1.2714626012200638
SB74784_component_645a,22.57491,-56.283495,20.916000366210938,42.08450698852539,22.574951482654278,-56.28372749811387,18.577908530777982,1.0720696125684575,1.1258533398180663
SB74784_component_646a,8.650922,-56.438385,20.746999740600586,24.936296463012695,8.651100478949125,-56.43873126204175,17.230018059172632,1.1465968244791658,1.204119442553668
SB74784_component_648a,11.78698,-58.76623,19.475000381469727,80.14403533935547,11.787084293723622,-58.766450006681,16.350705090541275,1.134180445156769,1.191080156704424
SB74784_component_649a,9.753117,-55.333129,20.601999282836914,58.52840805053711,9.753041389869127,-55.33354437368369,18.275122873096322,1.0734707812004178,1.1273248024595282
SB74784_component_651a,12.011998,-59.403501,22.0939998626709,56.94329833984375,12.011931106490673,-59.403607097974316,19.20310081433846,1.095580139493484,1.150543345904526
SB74784_component_654a,9.866151,-54.899153,19.930999755859375,50.07788848876953,9.866116042121917,-54.899520949143295,18.466669077158617,1.0277362684792306,1.0792958747775465
SB74784_component_657a,22.503496,-54.907876,20.540000915527344,28.370168685913086,22.503611435704165,-54.908260476486554,17.635545059901414,1.1090541148414692,1.1646932853938208
SB74784_component_663a,22.396035,-58.012333,20.399999618530273,46.04966354370117,22.396077148039204,-58.01251680551103,17.65807882654477,1.1000891311547487,1.1552785452437595
SB74784_component_664a,9.561889,-53.116634,21.054000854492188,16.257915496826172,9.561772720240038,-53.116950859575745,19.45717087993004,1.0303768887883018,1.0820689700684734
SB74784_component_666a,13.424282,-56.864614,20.336000442504883,104.28718566894531,13.424492591607184,-56.864960201154815,18.465515703796182,1.0486855101574732,1.101296100727052
SB74784_component_667a,13.876708,-54.310937,18.985000610351562,93.06372833251953,13.876576102031919,-54.311249430573,16.816453626101396,1.0750220375678026,1.1289538824573744
SB74784_component_670a,14.088458,-53.312991,18.965999603271484,68.46930694580078,14.088557970349425,-53.31318923561742,21.463527677722972,0.8414257531618319,0.8836385093842856
SB74784_component_680a,9.505452,-58.773537,18.743999481201172,39.627906799316406,9.505091822698967,-58.77395624562904,17.003798988239957,1.0496813162552587,1.1023418645541951
SB74784_component_681a,14.407501,-56.599146,18.632999420166016,95.06632232666016,14.407808063348078,-56.599575152379636,17.44203302728501,1.0172479696804138,1.0682813976454435
SB74784_component_683a,22.198441,-54.357087,18.88599967956543,26.413986206054688,22.198671643246705,-54.35739571972233,16.178851551416543,1.1115613910523983,1.16732634696261
SB74784_component_684a,17.42018,-54.096172,18.54199981689453,99.68817138671875,17.419933753154627,-54.096473207376754,16.693328035392934,1.0576812624133713,1.1107431530478566
SB74784_component_686a,16.876092,-56.195565,18.871000289916992,97.7771987915039,16.876183860203742,-56.1959589458205,16.022820001638433,1.1214944615432807,1.177757741021076
SB74784_component_687a,21.952803,-53.066865,20.774999618530273,15.714825630187988,21.95290986886697,-53.06699641904465,21.010330791914747,0.9415628182842547,0.988799263766231
SB74784_component_688a,10.85045,-57.722186,18.731000900268555,75.22490692138672,10.85069579615887,-57.72246937982922,15.82957310143829,1.1267639607257232,1.1832916011213617
SB74784_component_690a,13.444759,-55.518988,19.424999237060547,106.73076629638672,13.444972043547137,-55.51930305202798,16.99957280662233,1.0880883699240527,1.1426757282684994
SB74784_component_691a,22.294614,-53.803012,18.565000534057617,19.480588912963867,22.294869090643214,-53.80352379527365,16.958407185280517,1.042440013092928,1.094737278756438
SB74784_component_692a,21.54834,-54.620767,19.584999084472656,46.409950256347656,21.548622272063565,-54.62111432394853,15.934105974433832,1.1704072952518252,1.2291244401095773
SB74784_component_693a,21.325066,-57.354092,18.590999603271484,74.66265106201172,21.32515470871274,-57.35433177721464,18.08613643279299,0.9788093398585552,1.0279143736615355
SB74784_component_694a,14.447322,-55.548101,18.392000198364258,101.05494689941406,14.4474134633456,-55.548455578289854,19.34199993033909,0.9054589197048263,0.9508841001242742
SB74784_component_695a,21.135256,-54.543393,18.993999481201172,57.90853500366211,21.135438689273695,-54.54373572819766,16.183229647616805,1.1176154337990907,1.1736841097103439
SB74784_component_696a,17.404623,-52.286625,19.95199966430664,23.47294044494629,17.404844210096876,-52.28698808116557,17.70830350644201,1.0728787358175536,1.1267030552671748
SB74784_component_700a,15.890424,-53.749599,18.45599937438965,91.3663330078125,15.890304414602216,-53.74972515683502,16.932256918370943,1.0379200058550644,1.089990511209731
SB74784_component_701a,17.639692,-58.49071,18.69499969482422,93.9447250366211,17.639897011016945,-58.491031101340894,16.367899041388956,1.0876112484737055,1.1421746705274025
SB74784_component_704a,20.531713,-53.647886,17.929000854492188,58.783607482910156,20.53193914180949,-53.64809676212024,17.436260554385374,0.9791379950955543,1.0282595169170539
SB74784_component_705a,9.332585,-53.35236,19.62299919128418,15.39058780670166,9.332623398107328,-53.35274719038794,18.792405364705047,0.9943154320612885,1.0441983775072834
SB74784_component_707a,14.343144,-58.054184,17.905000686645508,82.51152801513672,14.343240566349193,-58.054353545126745,15.89392998385859,1.0727146511399028,1.1265307387681525
SB74784_component_708a,22.140306,-54.162049,19.198999404907227,25.2618408203125,22.140301548580904,-54.16223803786071,17.57067405294109,1.0404742546137262,1.0926729018511145
SB74784_component_713a,9.844379,-58.567437,17.395000457763672,46.38666915893555,9.844310184617624,-58.56766064860384,15.060727194035243,1.099815075500085,1.1549907407294988
SB74784_component_714a,10.552531,-58.808393,17.40999984741211,51.661720275878906,10.552501163818194,-58.80848187579519,14.502807687800752,1.143109528779007,1.2004571957509156
SB74784_component_718a,17.204568,-56.284439,17.475000381469727,94.97283172607422,17.204716759158117,-56.28479139568757,16.129253403945437,1.0316778219591174,1.0834351686231862
SB74784_component_719a,11.581454,-53.394676,17.617000579833984,64.53113555908203,11.581457636252717,-53.394900869757954,14.968947169148683,1.1206806641011366,1.1769031168833968
SB74784_component_722a,12.855139,-54.919,18.56100082397461,87.96682739257812,12.85516044628649,-54.919336500349715,15.824079769470659,1.1169252068933588,1.1729592554117607
SB74784_component_724a,20.057076,-55.677885,17.0939998626709,89.96842193603516,20.05723671204707,-55.67820528493083,15.094990121810117,1.0783308465927208,1.1324286882422332
SB74784_component_726a,11.804498,-57.002591,18.64299964904785,84.74090576171875,11.80475719968677,-57.00280163894099,16.358130605086462,1.0852337357738935,1.1396778824623714
SB74784_component_731a,20.060332,-52.632035,18.006999969482422,29.043548583984375,20.060273431728774,-52.63225876034213,16.865168334623807,1.0166977192014657,1.0677035421291623
SB74784_component_732a,18.097057,-54.640507,16.889999389648438,78.55813598632812,18.096995055292126,-54.640805085707676,15.177415587284942,1.0596756954349078,1.1128376430436702
SB74784_component_734a,9.036341,-59.008883,17.874000549316406,25.281471252441406,9.036373313750627,-59.008979502556365,15.787926105647058,1.0780473781285946,1.1321309986954649
SB74784_component_736a,18.546587,-52.595761,17.224000930786133,29.54374122619629,18.54671623647334,-52.59609105683037,16.786389262101945,0.9770525358695165,1.0260694341023158
SB74784_component_744a,14.615035,-56.957514,16.597999572753906,44.02652359008789,14.61545472583614,-56.957771535379386,15.701355770254176,1.0066065699878344,1.0571061388340999
SB74784_component_746a,19.50104,-56.714845,16.577999114990234,79.70191955566406,19.501165812853213,-56.715107029728344,14.759151138084373,1.0695766120219752,1.1232352700971076
SB74784_component_750a,11.816234,-52.409765,17.06999969482422,19.620689392089844,11.81673142121269,-52.410025804145235,14.794011136276557,1.0987243205593267,1.1538452646535249
SB74784_component_751a,9.775767,-57.996115,16.34000015258789,47.08933639526367,9.775794579927409,-57.996387008056395,15.962684977660523,0.9747366124534406,1.0236373251401887
SB74784_component_752a,9.510105,-55.974232,16.767000198364258,44.47480010986328,9.510087910228172,-55.974519060962095,14.553755655831768,1.0970374563224135,1.1520737735929785
SB74784_component_753a,20.970405,-53.199564,17.159000396728516,35.3793830871582,20.970217153986162,-53.19978818099342,15.342330840654787,1.0649808693799199,1.1184089676426372
SB74784_component_756a,21.347381,-59.100804,16.840999603271484,46.65096664428711,21.34768068703839,-59.10104639864108,14.683401684750745,1.092150154960094,1.1469412854625836
SB74784_component_759a,22.326146,-54.238183,17.895000457763672,22.202234268188477,22.326205730046727,-54.238538108815526,15.035429834420935,1.1333316867427183,1.1901888176682691
SB74784_component_767a,18.978036,-56.173299,16.070999145507812,83.26942443847656,18.9782327979255,-56.173482986332125,13.70758809159608,1.1164081499162013,1.1724162586531692
SB74784_component_768a,16.508297,-59.819138,16.836999893188477,43.39432907104492,16.508311196510014,-59.81938324612655,13.954541618678329,1.1489213494505546,1.2065605845950498
SB74784_component_769a,10.435404,-57.736399,16.08300018310547,56.43157958984375,10.435573564103354,-57.73669303380897,13.423835835003592,1.1408580214447863,1.1980927345049854
SB74784_component_771a,9.575137,-56.324337,16.36400032043457,44.58855438232422,9.575193731385728,-56.324599677188985,14.107558529033831,1.1045332253646225,1.1599455913478514
SB74784_component_774a,9.772014,-54.231973,17.60700035095215,34.388671875,9.772151895311762,-54.2321839236662,16.769286497855816,0.9997972873699356,1.049955247243432
SB74784_component_775a,13.130729,-56.644208,15.45300006866455,83.98369598388672,13.130891514526708,-56.64455638468303,16.58135021139784,0.8874299470800392,0.9319506476645265
SB74784_component_776a,13.739403,-58.788207,15.942000389099121,72.79452514648438,13.739466179477814,-58.788459736698194,13.035474437921142,1.1645473161661848,1.2229704768337917
SB74784_component_777a,18.732641,-56.246589,15.708999633789062,84.45698547363281,18.73278840273067,-56.24689342926891,14.239307035025526,1.050511571958289,1.1032137726329252
SB74784_component_778a,12.573832,-53.295888,15.541000366210938,57.55925750732422,12.57381698980851,-53.296092018564075,14.032404286163132,1.0546006819823208,1.1075080256585381
SB74784_component_784a,11.295144,-52.959222,15.994000434875488,36.18552017211914,11.295220265653317,-52.959350048161895,15.590617360051295,0.976865915208712,1.0258734510320164
SB74784_component_786a,16.782805,-58.106997,16.4060001373291,89.65027618408203,16.782983157732893,-58.1072345415644,12.886147333513927,1.2123298097946251,1.2731501287945732
SB74784_component_790a,9.692524,-57.944752,17.608999252319336,51.18894958496094,9.692569707547854,-57.9450195396967,14.199561059720933,1.1808668234158946,1.2401087032380005
SB74784_component_796a,12.863948,-55.072903,15.753000259399414,76.10144805908203,12.864165628279105,-55.07306083386926,16.16839728063235,0.9277639091475914,0.9743080891678404
SB74784_component_798a,17.224427,-57.790039,15.10200023651123,84.84269714355469,17.22446607323812,-57.790265731738174,12.48813311327887,1.1515375896553297,1.2093080766774487
SB74784_component_803a,16.585232,-54.995016,14.979000091552734,83.21666717529297,16.585089499507546,-54.995311286826315,13.878327934493287,1.0277484817349383,1.079308700749449
SB74784_component_804a,8.700123,-55.897692,16.985000610351562,20.292713165283203,8.69980485174375,-55.898174443626715,15.612889153437678,1.0359134127091914,1.0878832510388874
SB74784_component_806a,18.76613,-58.685512,15.786999702453613,73.42790222167969,18.76634883031171,-58.68583723677229,12.678049001836778,1.1857369143687255,1.2452231175448538
SB74784_component_809a,19.179123,-58.116848,15.381999969482422,68.36444854736328,19.179131517384317,-58.11709510315316,12.784032145525163,1.14574011215544,1.2032197505750668
SB74784_component_810a,22.12841,-54.215674,16.643999099731445,24.36895751953125,22.128410210928358,-54.21586226712628,13.6203669901603,1.1636169529852183,1.2219934390721994
SB74784_component_812a,19.411579,-52.172433,15.918000221252441,10.403922080993652,19.411760903015416,-52.17278687064855,15.184784099621444,0.9982080106561518,1.0482862394895214
SB74784_component_816a,14.759952,-59.736497,14.782999992370605,38.698951721191406,14.759861191822392,-59.73673153170156,12.848553495087087,1.09559364740054,1.1505575314780139
SB74784_component_819a,11.266517,-54.572504,14.97599983215332,59.90399932861328,11.26641093278454,-54.5728469262361,13.786608770859432,1.0343786327929327,1.0862714740849024
SB74784_component_822a,18.31255,-53.729942,14.961000442504883,59.60558319091797,18.31243226474869,-53.73021845099703,12.853966992903528,1.108318598696991,1.1639208697800931
SB74784_component_823a,9.715497,-54.133619,15.402999877929688,26.106781005859375,9.715422669051287,-54.13392014642307,15.508197112423277,0.9457691973316783,0.9932166689827976
SB74784_component_824a,22.853118,-55.91461,14.378999710083008,17.81784439086914,22.85335353276321,-55.91466616942454,11.410471105463259,1.1999586070474006,1.260158285944779
SB74784_component_826a,17.780473,-52.92964,14.571000099182129,40.815128326416016,17.780703210022136,-52.93002362863932,13.66907076604129,1.015059581539519,1.0659832221647094
SB74784_component_827a,9.727395,-52.931051,14.1850004196167,10.2271089553833,9.727685805573195,-52.93123465121488,12.07656667924335,1.1184769415904727,1.1745888377362441
SB74784_component_828a,11.976319,-57.34796,14.869999885559082,63.5470085144043,11.976557739377778,-57.3482606818716,13.92469454120273,1.0168723860698687,1.067886971707654
SB74784_component_829a,15.230666,-53.179872,14.942999839782715,54.5364990234375,15.230919602525935,-53.18008442807342,13.929112803807525,1.02154029471597,1.0727890605996129
SB74784_component_833a,13.103701,-57.691148,15.310999870300293,53.722808837890625,13.103801371214933,-57.69133855342244,14.024451571506278,1.0395821921072965,1.0917360862372627
SB74784_component_835a,14.74761,-53.651551,15.173999786376953,75.11880493164062,14.74758208694624,-53.65184369759528,13.165784303907865,1.0974746656056402,1.1525329168481828
SB74784_component_836a,16.320188,-58.437494,15.586999893188477,85.17486572265625,16.320347941951542,-58.43773563444304,12.631586817141736,1.1750214287783622,1.2339700560848055
SB74784_component_838a,10.61284,-55.735712,14.946999549865723,68.56421661376953,10.612884038442939,-55.735976971068496,12.088277677647206,1.1774182407224245,1.2364871116010732
SB74784_component_841a,21.075079,-56.845179,14.173999786376953,67.4952392578125,21.07522553789815,-56.84537503349535,12.193401119761072,1.1069008651072507,1.1624320111479027
SB74784_component_843a,12.272551,-55.352962,14.934000015258789,69.13888549804688,12.272590002808142,-55.35330455510358,12.918121046063224,1.100824187884182,1.156050478394449
SB74784_component_844a,15.437432,-59.849955,15.895999908447266,43.91160202026367,15.437126356679695,-59.850203649759145,13.842535232876074,1.0934863844877247,1.1483445511263144
SB74784_component_845a,14.956071,-54.498899,15.470000267028809,78.13131713867188,14.95584567864067,-54.49924473785138,14.031454603929589,1.049853720049107,1.1025229175239142
SB74784_component_851a,10.544817,-54.620955,14.720999717712402,51.472023010253906,10.544879446384872,-54.621277576401894,12.75875037815011,1.0986777501593885,1.1537963579037276
SB74784_component_854a,20.871907,-58.412059,13.940999984741211,63.94954299926758,20.87202068975318,-58.4122259646083,12.146218685249686,1.0929341505787007,1.14776461267498
SB74784_component_855a,20.371964,-55.136183,13.937999725341797,62.783782958984375,20.372105397729797,-55.1365213868603,12.340465055310172,1.075499197929579,1.129454981062014
SB74784_component_859a,17.63652,-53.901714,15.178000450134277,61.20161437988281,17.636332791910434,-53.902058815421896,13.198613492109724,1.0950335261328192,1.1499693099739494
SB74784_component_860a,14.450424,-59.027806,14.09000015258789,63.75565719604492,14.45024358859387,-59.02819858281625,12.858395253087807,1.0434349808449286,1.0957821621795556
SB74784_component_866a,20.074571,-59.15014,13.91100025177002,54.55294418334961,20.074867411792912,-59.15036143180823,12.23420305317614,1.082739148913414,1.1370581468450096
SB74784_component_868a,21.420771,-58.138226,14.446999549865723,53.11396789550781,21.42088102713389,-58.1384034496646,13.161383771943044,1.0452430105984643,1.097680897404064
SB74784_component_875a,23.408903,-57.052897,15.970000267028809,14.491833686828613,23.408754901968845,-57.05289310344936,16.166194141092397,0.9406721780071403,0.9878639417322789
SB74784_component_876a,22.548585,-58.839071,14.942999839782715,26.078533172607422,22.549187648523635,-58.839240059603135,12.953215503139008,1.0985033017697667,1.1536131577646889
SB74784_component_877a,15.281646,-53.657866,15.388999938964844,73.63157653808594,15.281523875241458,-53.65820894224877,13.673606371614083,1.0716883019919328,1.1254528996031257
SB74784_component_878a,19.347288,-60.172226,14.961000442504883,14.769002914428711,19.347460472035433,-60.17252232815499,13.168281538325488,1.0818640719223118,1.1361391688780191
SB74784_component_880a,15.785851,-52.157105,15.562000274658203,13.508681297302246,15.785827262841583,-52.15742147609512,13.584546186632581,1.090840992206738,1.1455664444625666
SB74784_component_881a,16.858797,-58.705539,14.02400016784668,75.80540466308594,16.859044865254916,-58.7057375876804,14.229053253461895,0.9385060342166457,0.9855891265593987
SB74784_component_883a,17.801196,-52.966505,13.859999656677246,38.82352828979492,17.80130810637728,-52.96688789993286,12.754094126228335,1.0347960624840502,1.0867098454428572
SB74784_component_884a,16.441188,-57.006663,14.65999984741211,75.95854949951172,16.441282196685325,-57.00696031535376,12.646157365335114,1.1038664902987705,1.1592454074308152
SB74784_component_887a,19.994811,-56.36349,14.524999618530273,75.65103912353516,19.995103054834168,-56.36365913822256,11.368374813584133,1.216631093794752,1.2776672001678087
SB74784_component_890a,14.078688,-52.355801,15.189000129699707,18.868322372436523,14.078954538844211,-52.356001246832705,11.900295605853703,1.2153814459322383,1.2763548598093903
SB74784_component_892a,18.94891,-52.491141,13.529000282287598,17.52461051940918,18.94881850409312,-52.491508635529314,12.459137138958484,1.0339961112952576,1.085869762199162
SB74784_component_893a,10.773843,-55.746392,13.027999877929688,57.39207077026367,10.773913158829284,-55.74665856789715,11.651298683070582,1.0647424666171705,1.1181586046591923
SB74784_component_895a,10.124472,-56.316245,14.086999893188477,51.412410736083984,10.12469129612685,-56.3164703942453,12.336029423534418,1.0873873603583295,1.1419395503640413
SB74784_component_898a,14.240192,-56.104211,14.142999649047852,81.75144958496094,14.240494719952205,-56.10456593232715,12.58184573673517,1.0703808738607024,1.1240798802479819
SB74784_component_900a,11.294544,-54.322551,13.699000358581543,60.615047454833984,11.294397198083217,-54.3228133121752,13.080305815586243,0.9972685998055699,1.047299700153652
SB74784_component_903a,13.376279,-54.205167,13.48900032043457,64.23333740234375,13.376204467781085,-54.2055668894788,12.268169496169747,1.0469866961799061,1.0995120604297144
SB74784_component_905a,17.822443,-56.091302,13.170000076293945,65.8499984741211,17.822551683493156,-56.0915972087144,11.664756192400048,1.0751059795046536,1.1290420356041913
SB74784_component_907a,10.523293,-58.300314,14.211000442504883,54.24045944213867,10.523276346182147,-58.30059559789531,11.571371769298084,1.1694481515535176,1.2281171779659203
SB74784_component_908a,8.948955,-57.315215,14.071000099182129,22.194005966186523,8.948951473314214,-57.31548476426973,11.827884125635135,1.1328152077191949,1.1896464278581647
SB74784_component_910a,18.170803,-56.981706,13.1850004196167,71.27027130126953,18.17086374019803,-56.981919835470116,12.124411492081615,1.035525138206434,1.0874754975305605
SB74784_component_914a,13.347435,-54.449997,14.359000205993652,65.56621551513672,13.34728061517815,-54.45029128148102,12.94194617611567,1.0564909427110771,1.109493117232488
SB74784_component_919a,15.425026,-54.929774,14.696000099182129,81.19337463378906,15.424832034031645,-54.93008257969156,13.401341038030283,1.0442201099045205,1.0966066796955518
SB74784_component_921a,22.062397,-53.553197,12.086000442504883,13.67194652557373,22.06231699769129,-53.55329562577392,11.351467315582758,1.0138454783153579,1.064708209652667
SB74784_component_922a,21.308711,-58.167994,12.949000358581543,51.79600143432617,21.308934312076506,-58.168193521838084,12.159756045646526,1.0140340694931047,1.0649062620970577
SB74784_component_923a,12.494935,-54.664322,13.378000259399414,64.00956726074219,12.494972633169992,-54.664654687117896,10.856953294198448,1.1733414047719914,1.232205748416374
SB74784_component_926a,18.021996,-53.130677,13.156999588012695,41.90127182006836,18.021970231698432,-53.131062018360524,12.69849360410924,0.9866107026022161,1.0361071161822755
SB74784_component_927a,11.381184,-58.256986,13.890999794006348,55.56399917602539,11.381206983633005,-58.25719697147369,10.876514474815446,1.2161437955694518,1.2771554551019941
SB74784_component_928a,16.108432,-55.391009,13.086999893188477,51.32156753540039,16.108458601725562,-55.391350620752945,11.972775434665579,1.0408458808785663,1.0930631719105672
SB74784_component_929a,17.753331,-55.870664,13.270999908447266,75.83428955078125,17.753493411410638,-55.87091851432545,11.31455756102513,1.1168818559838232,1.1729137296681778
SB74784_component_930a,19.354243,-55.206792,13.1899995803833,67.98968505859375,19.354432801245643,-55.20693902421953,11.750355158514527,1.068894774653508,1.122519226223182
SB74784_component_934a,19.725683,-57.90343,13.437999725341797,65.55121612548828,19.72577371203667,-57.903660645845065,10.199848015464369,1.254533009757745,1.3174705843624284
SB74784_component_935a,11.416013,-58.834626,13.300000190734863,47.670249938964844,11.416065367584604,-58.83469865878029,12.150750569294031,1.0422927267613624,1.0945826033451038
SB74784_component_937a,20.626463,-53.238465,13.6850004196167,32.35224533081055,20.62659512962187,-53.23876156426138,13.291241716470505,0.9804386529975738,1.0296254263932503
SB74784_component_939a,11.725668,-57.387421,12.45300006866455,54.379913330078125,11.725950945560294,-57.387635531573146,10.945278712947784,1.0833987527130493,1.1377508417335411
SB74784_component_942a,18.240176,-55.349276,12.508000373840332,68.3497314453125,18.240017097614135,-55.349583686170035,12.13934174295784,0.9811466234993756,1.0303689144509303
SB74784_component_944a,17.002639,-57.577666,12.732000350952148,67.01052856445312,17.002901964266297,-57.57794898197889,11.445858366001731,1.059227969827527,1.112367455879999
SB74784_component_947a,16.32323,-53.441444,12.708000183105469,55.252174377441406,16.323069192833326,-53.44179767502563,13.003538318240881,0.9305866895990166,0.9772724832347482
SB74784_component_951a,19.051218,-55.860467,12.449999809265137,63.19797134399414,19.05141398568253,-55.86075552870377,10.603886548350866,1.118009356211534,1.1740977944734217
SB74784_component_953a,20.933422,-56.000773,12.241999626159668,53.6929817199707,20.933477044609745,-56.001125700418726,11.650518757373037,1.0005718129966672,1.0507686293721739
SB74784_component_956a,12.836296,-59.491032,13.800999641418457,31.365907669067383,12.836428591857397,-59.49124236869164,10.044003840913536,1.308412969147865,1.3740536005373738
SB74784_component_957a,17.205259,-56.821085,12.78600025177002,72.6477279663086,17.205414220826277,-56.821331601766225,11.257537543338504,1.0815148087640452,1.1357723838403686
SB74784_component_959a,17.179329,-55.14574,12.038000106811523,60.79798126220703,17.179319899012683,-55.14601564198231,11.380443291435453,1.0072478048512754,1.0577795432512656
SB74784_component_961a,20.582606,-54.755298,14.01099967956543,54.51750946044922,20.58270261416728,-54.75560307407043,12.47744169384734,1.0692634942120816,1.1229064437523513
SB74784_component_963a,13.674908,-52.453755,12.890000343322754,18.735464096069336,13.675163496937941,-52.4536841329129,13.042661182145263,0.9410829002491705,0.9882952691409714
SB74784_component_971a,9.843152,-54.337843,12.317000389099121,25.767784118652344,9.842960950146367,-54.3382387599763,12.3137929326793,0.9524765116567478,1.000260476722108
SB74784_component_972a,17.828856,-57.076539,12.317000389099121,67.67582702636719,17.8289343140315,-57.07679066050689,9.461205697254178,1.2396515743427667,1.301842575167111
SB74784_component_973a,22.479545,-57.374352,13.456999778747559,30.86467933654785,22.48000612195453,-57.37443834996916,11.48511826094797,1.1157167153798793,1.171690136139428
SB74784_component_975a,13.986882,-55.410745,12.14900016784668,68.63842010498047,13.98706263910483,-55.41116740916462,11.063085074567631,1.0456960119866086,1.0981566250245516
SB74784_component_976a,20.716769,-55.426314,12.097000122070312,55.23744583129883,20.717057650702817,-55.42663188870991,10.092019614835175,1.1414076129370174,1.1986698979744188
SB74784_component_981a,13.32623,-52.795626,12.121999740600586,30.30499839782715,13.326633200058886,-52.79554284805676,10.582322469693258,1.0907731644023906,1.1454952138641412
SB74784_component_984a,12.316604,-53.03214,11.70199966430664,35.89570236206055,12.316568299758925,-53.03224035489741,10.747915945423294,1.0367570224813503,1.0887691831354167
SB74784_component_985a,12.761526,-56.811649,11.786999702453613,60.757728576660156,12.761879801320976,-56.8119148176083,11.477557913074376,0.9779011245634325,1.0269605949037943
SB74784_component_989a,16.021345,-54.993443,12.67300033569336,68.50270080566406,16.02128919064458,-54.99373712543058,10.718557155411073,1.1258597262889558,1.1823420029341936
SB74784_component_990a,12.888363,-53.850225,12.529999732971191,58.00925827026367,12.888654500201467,-53.85026814759532,11.643588252911934,1.0247204143355924,1.0761287208724144
SB74784_component_993a,11.225872,-58.209816,12.317999839782715,47.559844970703125,11.225798795463213,-58.21006012214655,11.958733850906178,0.9808354621335319,1.0300421427013624
SB74784_component_995a,10.765237,-57.697795,11.625,44.37023162841797,10.765170643894201,-57.69801375889714,10.559394175099866,1.0483230265603336,1.100915432005838
SB74784_component_1001a,9.280959,-54.896486,13.387999534606934,19.346820831298828,9.280758574185668,-54.89690636332593,11.247799295802974,1.1334158877755476,1.1902772429094248
SB74784_component_1005a,18.254715,-56.235496,11.550000190734863,63.1147575378418,18.2548801324783,-56.235792984824236,10.710569894957146,1.0268584411379373,1.07837400848044
SB74784_component_1006a,17.506982,-57.289084,11.897000312805176,62.61579132080078,17.507102547167054,-57.289385655743715,10.796397419205297,1.0493002493677026,1.1019416802536426
SB74784_component_1008a,16.885297,-54.454486,13.378000259399414,65.90148162841797,16.885221492068283,-54.45468368030201,11.196695142293626,1.1377386512596572,1.1948168713521794
SB74784_component_1009a,22.891322,-56.136991,11.727999687194824,16.02185821533203,22.891692425043082,-56.137288235532225,9.878901342164527,1.1304632882628474,1.1871765170017528
SB74784_component_1010a,16.366385,-54.548563,11.76200008392334,57.940887451171875,16.366268833038376,-54.5488428007005,11.338495559387894,0.9877951958496625,1.0373510332404547
SB74784_component_1012a,17.581873,-52.596212,12.428000450134277,24.22612190246582,17.581937632052888,-52.596635081841036,9.44672938526282,1.2527400197845098,1.3155876434358678
SB74784_component_1014a,17.265884,-56.880748,11.47599983215332,66.7209243774414,17.26593871366667,-56.881076221805074,10.294786646254677,1.0614861903101382,1.1147389670604178
SB74784_component_1020a,21.881145,-54.141103,10.935999870300293,19.424510955810547,21.881773656099472,-54.141507443852866,9.293169494265554,1.1205617762222915,1.1767782646220393
SB74784_component_1022a,9.288489,-56.722506,11.954999923706055,25.932754516601562,9.288425594873171,-56.72279142884732,9.500074740793677,1.1982949288380282,1.2584111441114076
SB74784_component_1027a,20.727531,-52.678574,11.539999961853027,14.871133804321289,20.727446885727993,-52.67888344058059,11.613809450012294,0.9461767605711957,0.9936446789077301
SB74784_component_1033a,13.823166,-59.256086,11.800999641418457,46.2784309387207,13.82286821696851,-59.25620740603808,9.332738925632901,1.2040675326457975,1.2644733486550594
SB74784_component_1035a,17.295782,-55.782409,11.909000396728516,62.02604293823242,17.295852141395166,-55.78272973811956,11.33906295150387,1.000090516685488,1.0502631873252857
SB74784_component_1036a,13.389055,-56.733722,11.364999771118164,55.710784912109375,13.389178340849266,-56.73419171889843,9.808536605547191,1.1033324208482846,1.1586845447149292
SB74784_component_1047a,21.136932,-53.997395,11.887999534606934,33.48732376098633,21.137371763094546,-53.997717599789524,10.27628925947329,1.101573867870851,1.1568377684238378
SB74784_component_1048a,8.819202,-58.402387,12.708999633789062,18.55328369140625,8.819654294648235,-58.40250596381087,10.418072208630754,1.161622912540733,1.2198993613482936
SB74784_component_1050a,13.387457,-56.045243,11.482999801635742,63.44198989868164,13.38797139719239,-56.045493983703764,9.271501208285484,1.1793601900957973,1.2385264849422606
SB74784_component_1051a,19.846554,-54.651076,11.279999732971191,47.394954681396484,19.84672943249557,-54.65138388951021,10.117877020260002,1.0615998751011608,1.1148583552047686
SB74784_component_1053a,22.731172,-58.037322,10.862000465393066,19.022768020629883,22.730838905563935,-58.03761490351504,9.209629361201634,1.1230751823816378,1.1794177636672925
SB74784_component_1054a,18.820117,-59.593265,11.472000122070312,31.690608978271484,18.82030208904204,-59.593431281985914,8.293271319814083,1.317208227981555,1.3832901010559835
SB74784_component_1055a,11.580855,-55.730205,11.36400032043457,34.752296447753906,11.581061394288602,-55.73035240731635,9.509093448082576,1.1379764844729554,1.195066636212942
SB74784_component_1056a,9.18336,-58.455904,10.402999877929688,21.058704376220703,9.183374072437479,-58.45608409190052,9.542938295063214,1.0380484958896286,1.0901254473489999
SB74784_component_1060a,19.068889,-57.649017,11.251999855041504,53.837318420410156,19.06878518902514,-57.64928324373599,9.861431020058639,1.0865030316644175,1.1410108565536157
SB74784_component_1063a,11.140237,-58.182935,10.392999649047852,43.852317810058594,11.140206913749353,-58.183103403164154,10.35815071521192,0.9554321531828173,1.00336439725527
SB74784_component_1064a,16.630203,-52.189701,12.291999816894531,11.194899559020996,16.630713457359768,-52.19025768576735,9.463610580023733,1.2368209978612026,1.298869993957814
SB74784_component_1065a,13.825977,-54.333652,10.965999603271484,54.01970291137695,13.825881316456254,-54.3339434213123,10.012703593719987,1.0428888678833022,1.0952086517521011
SB74784_component_1066a,19.149048,-59.320719,10.717000007629395,37.60350799560547,19.149243738218992,-59.32103669378892,10.376453828532036,0.9834797877853457,1.0328191292251465
SB74784_component_1069a,21.978512,-57.467015,11.50100040435791,33.9262580871582,21.978627421354968,-57.46728006114799,9.667435747224626,1.1328319525847068,1.1896640127822595
SB74784_component_1071a,14.962375,-52.119477,11.142000198364258,22.509090423583984,14.963022226780307,-52.1195269449353,11.3586573398397,0.934065495306264,0.9809258141175249
SB74784_component_1073a,19.718003,-54.245909,10.961000442504883,45.8619270324707,19.718012114373963,-54.246259862981944,10.01645465747659,1.0420230639456196,1.0942994120502763
SB74784_component_1078a,10.063728,-57.513715,11.07800006866455,34.946372985839844,10.064114029627564,-57.513966432848825,10.108605358517266,1.0435452541579475,1.095897967698432
SB74784_component_1084a,19.47038,-56.158674,10.833000183105469,57.01579284667969,19.47047484422487,-56.15883025750574,9.109542765918258,1.132382990551325,1.1891925271634074
SB74784_component_1087a,18.207236,-58.453064,10.887999534606934,49.71689224243164,18.20735000036768,-58.453219291202934,6.619938518690288,1.5661570268880485,1.6447281955665434
SB74784_component_1088a,18.007693,-54.497209,11.635000228881836,53.12785720825195,18.007759204177134,-54.497461565883995,9.537186391965566,1.1616820839685538,1.219961501295973
SB74784_component_1092a,17.848056,-53.0209,11.006999969482422,34.72239685058594,17.84802866242209,-53.021226393477654,9.640969561298961,1.0871498727375393,1.141690148433516
SB74784_component_1093a,11.973138,-59.478239,11.326000213623047,27.35748863220215,11.973003043016757,-59.47842111616506,10.22629827956086,1.0546279458956311,1.1075366573513843
SB74784_component_1094a,22.841251,-58.715336,10.444999694824219,15.451183319091797,22.84167750381875,-58.7156245229945,9.698392448532275,1.0255334807361436,1.0769825772935115
SB74784_component_1095a,17.762894,-58.220671,10.508999824523926,57.42622756958008,17.762985475066266,-58.22087266455908,8.884442285470735,1.12634744983021,1.182854194653268
SB74784_component_1096a,16.212444,-52.461642,11.041000366210938,16.986154556274414,16.212805390223167,-52.46207355351728,12.387439388349264,0.848727057147862,0.8913061061348408
SB74784_component_1097a,11.585109,-57.883051,11.630000114440918,46.150794982910156,11.585575053195427,-57.883374900904414,9.045153984356268,1.2243481239570984,1.2857713792993664
SB74784_component_1100a,19.539462,-54.942244,9.649999618530273,42.51101303100586,19.539785645327093,-54.942608767886824,6.636121232834148,1.3846950846711759,1.4541626471174278
SB74784_component_1102a,13.616289,-52.498569,11.390000343322754,18.580751419067383,13.61659303088263,-52.4987732965149,10.082540568763827,1.0757093037052137,1.129675627451428
SB74784_component_1103a,9.774468,-58.552703,10.708999633789062,28.8652286529541,9.774181706928955,-58.55291692171277,8.365482894220094,1.2189869436571212,1.2801412386113609
SB74784_component_1106a,15.143715,-59.08804,10.321999549865723,47.78703308105469,15.143866344280777,-59.08824592195445,9.085235596280492,1.0818543801381877,1.1361289908752132
SB74784_component_1111a,15.643233,-58.58853,10.23900032043457,51.45226287841797,15.643178940378405,-58.58881458838949,9.875644531355293,0.9872639363968445,1.0367931214945636
SB74784_component_1112a,13.416274,-57.383158,11.571999549865723,50.09523391723633,13.416706190450581,-57.383565911981535,7.276472119811896,1.5143585161690025,1.590331050449331
SB74784_component_1113a,21.624683,-54.684836,10.121999740600586,23.21559715270996,21.62490017957714,-54.685302713339745,9.487207435758112,1.0159424125225314,1.0669103431268812
SB74784_component_1115a,23.087188,-59.432846,11.131999969482422,12.314159393310547,23.08845081877147,-59.4332389595627,9.003537560356374,1.1773380541104874,1.2364029021767973
SB74784_component_1116a,21.259157,-53.868265,9.77400016784668,24.313432693481445,21.259233921069782,-53.86849288089118,9.34209831353021,0.9962516978966491,1.0462317821779872
SB74784_component_1117a,14.246742,-53.477398,10.602999687194824,47.12444305419922,14.246853651127076,-53.47755005085274,9.260653719889548,1.0902554574425836,1.1449515345144863
SB74784_component_1119a,17.991875,-58.737267,10.265999794006348,49.594200134277344,17.991976484377204,-58.73748416362828,6.803104574118666,1.4369288691086268,1.5090169028213558
SB74784_component_1120a,17.723166,-55.383316,10.416999816894531,58.19552993774414,17.72316287401995,-55.383552703744456,10.674190091145332,0.9292849199269233,0.975905406213053
SB74784_component_1121a,14.758867,-53.07914,9.852999687194824,31.479232788085938,14.759196478785944,-53.079301158915186,9.369467846737969,1.001370307507275,1.0516071828588642
SB74784_component_1123a,21.581934,-54.693245,10.633999824523926,24.168182373046875,21.582137350209347,-54.69366836422538,8.842241894388348,1.1451843991757367,1.2026361585145846
SB74784_component_1124a,13.234012,-59.612046,11.074000358581543,29.142107009887695,13.234120664860871,-59.61227589191385,8.933397176576989,1.180399606304173,1.2396180467176732
SB74784_component_1133a,21.718586,-53.788423,10.925000190734863,19.474153518676758,21.718704417452866,-53.78873188475264,9.227041702050608,1.127457384828187,1.1840198130140567
SB74784_component_1136a,17.115069,-55.549433,10.814000129699707,58.7717399597168,17.115031517965683,-55.54977217490899,9.894772943916392,1.0406907714051787,1.0929002808850186
SB74784_component_1137a,18.598719,-59.19671,10.156000137329102,44.34934616088867,18.59882388922501,-59.19731952468012,8.276457853280709,1.1684748146927246,1.2270950106153637
SB74784_component_1141a,9.080298,-58.532232,9.631999969482422,17.323741912841797,9.080152708408658,-58.53231490630483,8.397722869290341,1.092184728732267,1.1469775937362392
SB74784_component_1145a,14.708617,-58.428373,9.98900032043457,48.256038665771484,14.708678309047134,-58.42851758811591,8.574513776350138,1.1093119473597288,1.164964052887268
SB74784_component_1149a,22.250559,-56.847425,10.631999969482422,30.37714385986328,22.250414389397232,-56.84756138245137,9.106112069375303,1.1117909679935645,1.1675674413495107
SB74784_component_1152a,12.023508,-56.746027,10.291000366210938,45.13596725463867,12.023791724792932,-56.74629309076386,9.070265974708478,1.0803854756043274,1.1345863941483474
SB74784_component_1155a,17.754926,-60.144571,10.144000053405762,14.917647361755371,17.75507794886012,-60.14485913774965,7.95953977275606,1.2135633479504337,1.2744455512524329
SB74784_component_1156a,22.853667,-57.131394,11.197999954223633,17.859649658203125,22.853858356383316,-57.13147100385833,9.755903612293459,1.0929848100407948,1.1478178136275334
SB74784_component_1157a,13.679288,-56.228374,10.005000114440918,56.52542495727539,13.679572050214006,-56.22887273052511,8.734363334809231,1.0907544911072464,1.1454756037647063
SB74784_component_1159a,19.705658,-58.970275,10.477999687194824,46.98654556274414,19.705712156466994,-58.97083160256373,9.426588778855766,1.0584369310972148,1.1115367322161562
SB74784_component_1160a,15.139688,-52.917352,10.258999824523926,30.623878479003906,15.139957747035213,-52.91757245838444,8.84870790917351,1.1039930227214472,1.1593782877484697
SB74784_component_1161a,12.399705,-53.397057,10.29699993133545,41.35341262817383,12.399552225219965,-53.39728090851319,9.103920543280255,1.0770191291870908,1.131051164427816
SB74784_component_1162a,16.471442,-55.711627,10.310999870300293,54.84574508666992,16.471426394722407,-55.71215905383736,9.814025535994231,1.0004485601019308,1.0506391931102423
SB74784_component_1163a,16.121763,-55.750914,10.848999977111816,43.92307662963867,16.12182948403827,-55.75118257763997,7.79485309457548,1.3253266756899893,1.3918158361010997
SB74784_component_1166a,15.007649,-57.0153,10.359999656677246,42.63374328613281,15.007886902245895,-57.01546346377552,9.368158043867489,1.0530444364957918,1.1058737062467716
SB74784_component_1169a,13.548904,-57.206515,10.777999877929688,51.32381057739258,13.54899888603707,-57.20672349895477,9.397796356757897,1.0920771246061072,1.146864591312334
SB74784_component_1170a,13.202003,-52.364575,9.628999710083008,11.209545135498047,13.201800576590099,-52.36458048406504,9.47073803776411,0.9681407832168126,1.0167105954876838
SB74784_component_1171a,22.524906,-58.216685,9.538999557495117,19.309715270996094,22.524857417876458,-58.21686262960342,8.967994551184042,1.0128582239132875,1.063671426543818
SB74784_component_1175a,15.80367,-55.67186,9.720999717712402,36.683021545410156,15.803472071397,-55.67218985544347,7.478711888749532,1.237728221983805,1.2998227318177635
SB74784_component_1176a,11.686861,-55.021608,9.947999954223633,46.48598098754883,11.687006766961293,-55.02195006913465,8.244023976518738,1.14904673804442,1.206692263700141
SB74784_component_1180a,14.000297,-54.433037,10.413999557495117,52.86294174194336,14.000028663523004,-54.433312936323226,9.738308039714873,1.0182987549018496,1.0693848987960364
SB74784_component_1181a,19.561372,-56.513368,9.175000190734863,48.036651611328125,19.561571690475304,-56.51352723538848,7.6682199102398965,1.1393382782874886,1.1964967486760336
SB74784_component_1182a,9.403945,-57.950309,9.07800006866455,21.410377502441406,9.403904537965527,-57.95048595223506,7.539082054646033,1.1466024814123217,1.2041253832845797
SB74784_component_1184a,13.837625,-60.244294,10.491999626159668,12.329024314880371,13.836749622862941,-60.24481038271561,7.721167683835785,1.2939468805087626,1.358861775288808
SB74784_component_1189a,10.839697,-53.188421,9.664999961853027,22.015945434570312,10.839523978083857,-53.188575431616385,8.403411350673592,1.0951847794224692,1.150128151358235
SB74784_component_1193a,13.881533,-52.630527,9.288000106811523,19.190082550048828,13.88207256616282,-52.63078340923384,8.851613267639975,0.9991735902572706,1.0493002604131958
SB74784_component_1195a,13.361534,-53.155363,9.76099967956543,32.645484924316406,13.361934204886179,-53.15546315818578,7.008693001969292,1.3261676419536448,1.3926989920692485
SB74784_component_1198a,19.586224,-59.814544,9.944999694824219,18.79962158203125,19.586617727042544,-59.814631905239615,7.357038347581375,1.287190779595386,1.3517667334293064
SB74784_component_1205a,21.359232,-57.371644,10.498000144958496,39.61509704589844,21.359243382020757,-57.371839357037196,8.188763810303659,1.2207574836498467,1.2820006032838802
SB74784_component_1207a,18.025398,-59.89572,10.451000213623047,23.019824981689453,18.025255918805865,-59.89604825683351,8.874873682790046,1.121338780232046,1.1775942494696447
SB74784_component_1209a,16.709414,-55.795658,9.260000228881836,45.61576461791992,16.70930285040939,-55.796074018294235,8.746714609761305,1.0081083378669502,1.0586832475987848
SB74784_component_1212a,13.794793,-53.018972,9.354999542236328,29.418237686157227,13.794875299631634,-53.01909980220584,8.854741863224518,1.0060255980623884,1.0564960206338119
SB74784_component_1215a,13.255546,-55.157793,9.682999610900879,47.935638427734375,13.2557664536133,-55.15814620145062,7.961591676146829,1.1581136486227066,1.2162140442232727
SB74784_component_1218a,20.098372,-56.227184,9.494999885559082,45.21428680419922,20.098396129487302,-56.22740918255595,8.139330323167254,1.1108296301463414,1.1665578749805914
SB74784_component_1226a,20.67523,-57.262435,9.062000274658203,46.23469543457031,20.675267931973885,-57.262618148687054,6.724681848003045,1.2831974697049635,1.34757308665082
SB74784_component_1227a,23.158947,-56.789309,9.859999656677246,11.668638229370117,23.158731545575726,-56.78941669181274,7.953903324182625,1.1804232571711317,1.2396428841043903
SB74784_component_1228a,16.569953,-58.700272,9.47599983215332,48.34693908691406,16.569982771748776,-58.700461182367484,7.351116301732608,1.227475737046057,1.28905589888707
SB74784_component_1232a,15.392051,-56.370959,9.774999618530273,46.5476188659668,15.392250613162144,-56.37134973832506,7.946770226018089,1.1712976149355052,1.230059425466522
SB74784_component_1234a,22.652202,-56.996882,9.090999603271484,19.260591506958008,22.652311502682366,-56.99696544736558,7.870579827580677,1.0998819538238058,1.1550609742136304
SB74784_component_1241a,15.120858,-52.499303,8.899999618530273,15.239726066589355,15.121226602480027,-52.499446028634516,9.374873753191197,0.9039943701401448,0.9493460768472453
SB74784_component_1244a,21.300326,-53.955536,9.47700023651123,24.93947410583496,21.300440871374384,-53.95590599122845,8.33240101275882,1.083033509822884,1.1373672752907313
SB74784_component_1246a,21.559717,-56.33107,9.369000434875488,37.03162384033203,21.55981657508456,-56.331156196383944,6.630393744081258,1.3455353289229735,1.4130383196682548
SB74784_component_1248a,20.552628,-53.343407,9.758999824523926,28.535085678100586,20.5524322351644,-53.343598695564346,9.960229828313619,0.9329902736038579,0.9797966505534177
SB74784_component_1250a,18.370929,-59.468791,9.539999961853027,35.464683532714844,18.371130750969762,-59.469250452299384,7.349690708327182,1.2360057051656999,1.298013799552712
SB74784_component_1251a,19.390943,-56.398435,9.529999732971191,48.871795654296875,19.39120407834947,-56.398642141202856,7.522313370644627,1.206375844348429,1.2668974640383155
SB74784_component_1252a,10.107903,-56.084617,8.946000099182129,30.848276138305664,10.108009470946277,-56.084878331979354,7.493886907215429,1.1367446782723292,1.1937730325992169
SB74784_component_1260a,17.551027,-54.40979,9.20300006866455,46.24623107910156,17.55063154054207,-54.4101061731119,8.367964412490245,1.0472509584452614,1.099789580238643
SB74784_component_1262a,8.867407,-55.076924,9.208000183105469,10.118680953979492,8.86732594615524,-55.07715646726542,9.846616522404435,0.890470344065008,0.9351435756794332
SB74784_component_1264a,9.426887,-58.183339,9.494000434875488,21.43115234375,9.426712575185526,-58.183557109129374,7.922547521174366,1.1411048735216835,1.1983519706888657
SB74784_component_1266a,18.173814,-54.593544,9.125,42.64018630981445,18.17381637791143,-54.59399593338772,8.406976500467078,1.03355645921473,1.0854080535960853
SB74784_component_1268a,16.285653,-55.552028,8.9350004196167,39.0174674987793,16.285655518639494,-55.55242117519494,8.496602168159033,1.0013605068037301,1.0515968904723538
SB74784_component_1269a,18.744496,-59.48771,8.680999755859375,25.607669830322266,18.744826668101258,-59.48801949843363,6.092049140545294,1.3568989673217975,1.4249720505508507
SB74784_component_1271a,10.755209,-54.439681,8.569000244140625,32.335853576660156,10.755273990709624,-54.4399343977345,8.886215735154765,0.9182363231160855,0.9643025219656547
SB74784_component_1273a,10.786237,-53.193205,9.597000122070312,21.712669372558594,10.786260089801907,-53.193292023858845,8.851047821409919,1.0324807872370987,1.0842784171672872
SB74784_component_1279a,13.281642,-56.612124,9.008999824523926,46.20000076293945,13.281955029512709,-56.61249923483942,7.544183402924891,1.137117927252626,1.1941650067827252
SB74784_component_1284a,15.706847,-54.53719,9.239999771118164,49.41176223754883,15.706761469898868,-54.53756779018468,8.172691865250698,1.0765841985297286,1.1305944141128739
SB74784_component_1286a,20.721766,-56.071348,9.241000175476074,43.384979248046875,20.721889471580774,-56.07164802832277,7.4341373525545595,1.1836670642192304,1.2430494268848329
SB74784_component_1288a,15.531549,-57.636305,9.10200023651123,47.160621643066406,15.531330864190188,-57.63660995265529,8.086019018392541,1.0718727985948915,1.12564665205557
SB74784_component_1289a,13.972565,-54.665824,9.494000434875488,51.04301071166992,13.972414368462944,-54.66613316544438,7.574518126056595,1.1935356727208464,1.2534131250166014
SB74784_component_1290a,21.562128,-55.349653,9.321999549865723,31.493242263793945,21.56235641731169,-55.35003419080301,8.714501732445736,1.0186094074741965,1.0697111362268892
SB74784_component_1291a,15.224919,-54.264585,9.218000411987305,47.030616760253906,15.224886477251003,-54.26485224744366,8.0312803979683,1.0929318950852496,1.1477622440276414
SB74784_component_1293a,19.639272,-59.937786,8.88700008392334,14.039494514465332,19.638910456783755,-59.93807315284681,6.5743041697439715,1.2872015574739664,1.351778052013896
SB74784_component_1297a,19.376308,-56.912623,9.895999908447266,52.08420944213867,19.37616932529421,-56.912870001747294,8.85334300438281,1.0643722862033622,1.1177698529864135
SB74784_component_1300a,21.380129,-59.009306,9.383999824523926,30.173633575439453,21.38028544100169,-59.0095166242948,10.59691240527426,0.8432373064501475,0.8855409449127232
SB74784_component_1308a,11.309755,-55.507356,8.82800006866455,41.25233459472656,11.309688139706648,-55.50761838603654,7.372341222292998,1.14024470902578,1.1974486533490651
SB74784_component_1310a,18.883181,-56.243214,8.677000045776367,45.4293212890625,18.883426842643395,-56.24345768909602,8.656839469836319,0.954446086082936,1.0023288610133405
SB74784_component_1312a,13.524856,-57.867932,8.880000114440918,41.69013977050781,13.52501285966135,-57.868069972502795,11.063160119304937,0.7643194986899331,0.8026639783460732
SB74784_component_1314a,16.027079,-54.740751,9.045000076293945,51.39204788208008,16.026867383965463,-54.740753842914124,8.016133495786287,1.0744465100832652,1.1283494818354118
SB74784_component_1315a,17.005216,-54.961548,8.664999961853027,47.60988998413086,17.005215859528132,-54.96179403803151,8.544003167213083,0.9657135615120653,1.0141616046099164
SB74784_component_1320a,14.441214,-54.345971,9.04800033569336,45.01492691040039,14.44102508106588,-54.346265886421996,7.505480829007814,1.1479295980682056,1.205519078900833
SB74784_component_1321a,15.848563,-57.736439,9.112000465393066,51.480228424072266,15.848611686807104,-57.73672726102315,7.320231032805272,1.1853049854003954,1.244769519508068
SB74784_component_1322a,15.367,-58.357792,8.890999794006348,46.54973602294922,15.366818123614504,-58.358101451356056,7.297533823665808,1.1601540203886482,1.2183567776243736
SB74784_component_1323a,16.503667,-55.592774,9.001999855041504,44.564353942871094,16.503672468104682,-55.59303405921206,7.238254009204754,1.1842580562603064,1.2436700678912107
SB74784_component_1325a,18.885408,-58.655486,8.494000434875488,41.842369079589844,18.885557815312644,-58.65581733884047,6.599313848068589,1.225616676979585,1.287103573254273
SB74784_component_1327a,21.696456,-56.353248,8.385000228881836,29.216028213500977,21.696490711107874,-56.353881308807885,7.95603708273632,1.0035694813253604,1.0539166851140396
SB74784_component_1328a,17.8543,-53.790781,8.61299991607666,41.8106803894043,17.854065486225203,-53.791046818029784,7.870008214977842,1.0421264603141756,1.0944079956212485
SB74784_component_1332a,15.494627,-56.06852,8.45300006866455,36.912662506103516,15.49460942117792,-56.06892472434203,8.429875403314803,0.9548406123918658,1.002743179969262
SB74784_component_1333a,18.766661,-53.265497,7.947999954223633,26.493331909179688,18.766620628345663,-53.26575035921641,8.382615326191749,0.9028580708366003,0.9481527715329908
SB74784_component_1337a,13.509289,-56.500931,8.527000427246094,48.7257194519043,13.509707035941085,-56.50104243286177,7.950272086765055,1.0213050009761555,1.0725419626129686
SB74784_component_1341a,19.591683,-55.174239,8.586000442504883,40.885719299316406,19.591788135741716,-55.17452173345271,7.924586859770799,1.0317047791587393,1.0834634782150918
SB74784_component_1342a,10.738744,-54.582162,8.472999572753906,31.150732040405273,10.738677354229225,-54.58248014509809,8.552094014982424,0.9434217486032462,0.9907514531423588
SB74784_component_1343a,18.897204,-58.281894,9.01200008392334,43.1196174621582,18.897253902747117,-58.28209956913711,7.3255886907689245,1.1714393871449102,1.2302083101225005
SB74784_component_1346a,10.939931,-57.129327,8.100000381469727,32.530120849609375,10.940291098472592,-57.12964669681202,6.6142335930276985,1.16612921648844,1.2246317381364076
SB74784_component_1351a,10.990596,-57.516291,8.677000045776367,35.56147384643555,10.990948696782988,-57.51648859000279,7.340010902753376,1.125677694393361,1.1821508388388715
SB74784_component_1353a,17.843769,-57.128428,8.651000022888184,48.60112380981445,17.84384817710371,-57.12876045313594,7.814886363875328,1.0541072773216702,1.1069898678089332
SB74784_component_1357a,19.020216,-56.11362,9.013999938964844,49.80110549926758,19.020103193363646,-56.113707929084704,8.327458030915645,1.0307331977474101,1.082443154381615
SB74784_component_1359a,15.511378,-59.986842,9.246000289916992,19.343097686767578,15.511306784845523,-59.987297564098306,8.100822702953593,1.0868408196683668,1.14136559074992
SB74784_component_1365a,21.0827,-55.315244,8.666999816894531,34.25691604614258,21.08291603009845,-55.31562982814251,7.282007050455064,1.1333364537990898,1.1901938238789425
SB74784_component_1366a,16.385874,-58.599132,7.85099983215332,40.67875671386719,16.386105945011543,-58.59937462663329,6.078671228616894,1.2298651040940598,1.2915651360107678
SB74784_component_1367a,19.249308,-52.624992,8.758999824523926,15.42077350616455,19.249508457101,-52.62535752116035,7.3925247406752534,1.1282436470560608,1.1848455205472677
SB74784_component_1368a,13.206533,-58.325274,8.586999893188477,37.173160552978516,13.206297194290597,-58.32541848433117,7.212433204070574,1.1337069765682986,1.190582935082452
SB74784_component_1370a,15.190063,-56.996146,8.38599967956543,40.708736419677734,15.190213187713509,-56.996307173847946,7.431753453529506,1.07449577866959,1.1284012221345598
SB74784_component_1372a,13.244353,-55.958921,8.185999870300293,45.98876190185547,13.244569869117932,-55.95911640086661,7.4217464944733305,1.0502840814756387,1.1029748693782617
SB74784_component_1373a,21.305762,-58.247929,7.828999996185303,30.822834014892578,21.30575383797793,-58.248209229452186,7.908187686276186,0.9426934525020277,0.9899866197879567
SB74784_component_1377a,16.957273,-52.353122,9.390999794006348,11.857322692871094,16.9576910342427,-52.35323780501561,9.853589945848588,0.9075248201664361,0.9530536429479558
SB74784_component_1380a,20.907265,-55.202652,8.416999816894531,36.75545883178711,20.90747745842136,-55.20290168336386,7.3300146681160445,1.0934366833384104,1.1482923565633005
SB74784_component_1381a,12.604156,-57.469602,7.948999881744385,22.203908920288086,12.60425857700425,-57.469971721715794,6.9613663025766295,1.0873244895374445,1.141873525431667
SB74784_component_1384a,15.543086,-60.232062,8.916999816894531,12.830215454101562,15.542580526019393,-60.23227679862893,8.290768900283208,1.024153642298324,1.0755335149421341
SB74784_component_1385a,15.633054,-55.501021,7.9039998054504395,20.266666412353516,15.633137905861009,-55.50135927473689,6.926375591281588,1.0866308949132137,1.141145134462447
SB74784_component_1386a,12.848121,-59.150552,8.317000389099121,33.401607513427734,12.848334734691699,-59.15067753744886,7.782380820413335,1.017642904828343,1.0686961459510524
SB74784_component_1387a,17.860722,-55.285603,8.930000305175781,49.06593704223633,17.860612025891523,-55.28586071188528,7.657086472781485,1.1105269128249857,1.1662399708974296
SB74784_component_1389a,15.830467,-54.910219,7.914999961853027,37.870811462402344,15.830051882562415,-54.91053066371961,6.370650829759424,1.183064112420726,1.2424162261223666
SB74784_component_1391a,18.532599,-58.567122,8.543000221252441,37.634361267089844,18.53270421998727,-58.56737670445905,7.465314326714066,1.0896913036500078,1.1443590781813375
SB74784_component_1393a,21.097828,-56.514562,8.333999633789062,38.762786865234375,21.097557179953586,-56.5150058844251,6.904603498243615,1.1493595239014012,1.207020741438528
SB74784_component_1395a,19.826804,-54.783597,7.617000102996826,34.00446319580078,19.826831521489044,-54.78390755621558,6.572554955874647,1.103547169405604,1.1589100668057006
SB74784_component_1396a,15.187439,-53.813282,7.8379998207092285,39.98979568481445,15.187272538316439,-53.813540927994296,6.644470658014051,1.123274829006756,1.1796274261901711
SB74784_component_1397a,22.426646,-54.699475,8.470999717712402,12.719218254089355,22.42716777355427,-54.69986668014861,6.503495887174672,1.2403063384445911,1.3025301875592448
SB74784_component_1400a,16.984221,-55.830178,8.234000205993652,41.17000198364258,16.98420908139903,-55.83056187741357,6.795332015524946,1.1538287560630158,1.211714186618381
SB74784_component_1401a,21.912245,-58.044756,8.484999656677246,28.86054229736328,21.912288455228037,-58.044846522159006,8.215991129648465,0.9834064063593528,1.0327420663902653
SB74784_component_1402a,13.751268,-56.933101,8.182000160217285,43.9892463684082,13.751471377448848,-56.93339960447364,7.358571397441643,1.0587834433128842,1.1119006283015647
SB74784_component_1403a,20.915363,-58.208455,8.184000015258789,36.05286407470703,20.91546838301608,-58.2086758404715,6.999228938913352,1.1134137701430658,1.1692716564475423
SB74784_component_1406a,18.453796,-54.176111,7.9730000495910645,35.4355583190918,18.45373007348398,-54.17622244728936,6.451716166922948,1.176759409172976,1.235795227705076
SB74784_component_1411a,15.835211,-58.383195,8.053000450134277,43.29570007324219,15.835365585523949,-58.38345241460497,6.288491314196188,1.2194175011583275,1.2805933963770821
SB74784_component_1413a,21.910371,-53.99776,7.127999782562256,11.590243339538574,21.91037768155435,-53.99799377660599,4.8231120197247455,1.4072831728855455,1.4778839374684585
SB74784_component_1420a,12.031911,-56.252207,8.052000045776367,40.05970001220703,12.03181394109803,-56.25236890948579,7.034476374923009,1.0899665223450918,1.1446481040835814
SB74784_component_1425a,19.357714,-58.090131,8.04699993133545,37.42790603637695,19.3577613847408,-58.09040067780459,6.456069106005369,1.1868804955015837,1.2464240700041782
SB74784_component_1426a,19.50316,-54.759055,8.45300006866455,35.66666793823242,19.503479188914866,-54.75930920449262,6.470498202757162,1.243982633216461,1.3063909151636297
SB74784_component_1427a,11.006838,-53.97625,7.613999843597412,29.284616470336914,11.006649453357692,-53.97666684704956,6.510187082281506,1.1136803586810213,1.1695516192338167
SB74784_component_1428a,16.503744,-59.312436,7.658999919891357,33.44541549682617,16.50382360406845,-59.312756774088655,7.777315136869964,0.9377423584746156,0.9847871386337801
SB74784_component_1429a,10.766842,-54.973832,8.399999618530273,33.46613693237305,10.766901827454125,-54.97411725312051,7.118048626452171,1.1237235476001828,1.180098656156141
SB74784_component_1431a,17.786925,-57.241389,8.220999717712402,48.93452453613281,17.786869356304294,-57.24164827606376,6.801076867636544,1.1510339029671175,1.208779120970191
SB74784_component_1435a,10.838258,-53.099553,7.60099983215332,16.10381317138672,10.838483856046919,-53.099621612441915,8.230286656326035,0.8794211922372387,0.9235401085709418
SB74784_component_1436a,12.146175,-53.000146,8.251999855041504,24.706586837768555,12.146480046568573,-53.00038923894873,7.26320018875529,1.0818632366895813,1.136138291743225
SB74784_component_1440a,18.952961,-56.924283,8.477999687194824,42.60301208496094,18.953131840779704,-56.92446454390149,6.449186840809127,1.2517845955578863,1.3145842873628326
SB74784_component_1442a,20.871103,-57.546045,7.752999782562256,35.728111267089844,20.87070196745556,-57.546466698144656,6.997904875544026,1.0549767847003966,1.1079029967465124
SB74784_component_1443a,19.089375,-58.213184,7.706999778747559,33.951541900634766,19.089545501966015,-58.21341397824914,6.212983082921591,1.1812078954116854,1.2404668861778747
SB74784_component_1449a,12.963665,-56.200794,7.7129998207092285,38.373130798339844,12.96402859574128,-56.201040104345516,7.297925203648799,1.0063871412056997,1.0568757017203878
SB74784_component_1455a,9.712901,-56.123826,7.526000022888184,23.300308227539062,9.713161136551307,-56.124108266184045,6.835773837342627,1.04837750926774,1.10097264800877
SB74784_component_1457a,16.095968,-53.649698,7.797999858856201,38.039024353027344,16.095762155510666,-53.65017043271255,8.002497386861043,0.9278950283201824,0.9744457863440734
SB74784_component_1458a,12.835076,-52.705326,8.128000259399414,16.828157424926758,12.835409403646816,-52.705402421717565,7.540299732018227,1.0264463739813423,1.0779412686853345
SB74784_component_1460a,15.395068,-58.188001,7.751999855041504,40.165802001953125,15.395129388416887,-58.18823184370309,7.154179831168267,1.0317989203486027,1.083562342292368
SB74784_component_1461a,11.472368,-57.139485,8.289999961853027,35.27659606933594,11.472736619813622,-57.139687126998254,5.88528951549959,1.3413059846972712,1.4085967971533693
SB74784_component_1463a,20.608613,-57.111267,7.561999797821045,39.59162139892578,20.608890577101572,-57.11156575331104,5.907059746275436,1.2190077415341403,1.2801630798789692
SB74784_component_1464a,16.432186,-52.389913,7.728000164031982,10.429149627685547,16.432185387519162,-52.39031418155778,7.8520011117311395,0.937190625907463,0.9842077266757011
SB74784_component_1466a,16.51014,-56.080369,7.627999782562256,39.729164123535156,16.510317073661998,-56.08082140057581,5.471503011412708,1.327532601243556,1.394132428813697
SB74784_component_1467a,13.31555,-57.957242,7.8429999351501465,33.517093658447266,13.315688564125281,-57.95740051783626,5.755667371169184,1.297560719195883,1.36265691350349
SB74784_component_1470a,17.628222,-54.743216,7.335999965667725,35.61164855957031,17.6279606964395,-54.74340546654646,6.16402364797339,1.133277301173697,1.1901317036769736
SB74784_component_1471a,13.648568,-55.462635,8.208000183105469,45.8547477722168,13.648681540978519,-55.46310468448848,6.332584407760839,1.2342340853284097,1.2961533008618458
SB74784_component_1472a,15.149624,-56.846011,7.826000213623047,34.9375,15.149468041763605,-56.84655356176717,7.506337538588802,0.9927797992449762,1.0425857048648444
SB74784_component_1479a,9.884291,-56.88795,7.956999778747559,26.972881317138672,9.884794575521445,-56.88836820148282,7.034548308043364,1.0770957081236827,1.1311315851864228
SB74784_component_1484a,17.591925,-58.191553,7.658999919891357,44.52906799316406,17.59180019950663,-58.191732945302206,6.405275416716754,1.1386111235771201,1.1957331139739256
SB74784_component_1488a,17.116103,-54.341094,7.3460001945495605,35.83414840698242,17.115861441212466,-54.34151152361173,6.589589249609428,1.0615336285628998,1.1147887852015914
SB74784_component_1491a,22.238376,-57.207077,7.23199987411499,19.65217399597168,22.238369760888926,-57.207361399983085,6.845113580559746,1.0060484978337292,1.0565200692438486
SB74784_component_1494a,8.83099,-56.17014,8.28499984741211,11.835714340209961,8.831177337173987,-56.17061288117684,6.439697239610122,1.225090637634995,1.2865511434996761
SB74784_component_1495a,18.063812,-53.484259,7.701000213623047,27.503572463989258,18.06383038750945,-53.484524081263544,6.117210020497845,1.198767361307699,1.2589072776344379
SB74784_component_1498a,10.154237,-58.781404,7.136000156402588,20.446990966796875,10.153748825053444,-58.78191511505002,6.677673286333263,1.01758535926212,1.068635713431406
SB74784_component_1500a,13.990697,-56.46666,7.5929999351501465,35.985782623291016,13.99078618589759,-56.467020809662095,7.111066325247178,1.0167632311823833,1.067772340723628
SB74784_component_1505a,15.329254,-58.609052,7.2210001945495605,36.84183883666992,15.32909374959728,-58.60938120461137,6.131800195388749,1.121374116570189,1.177631358565779
SB74784_component_1509a,17.457533,-56.863133,7.158999919891357,36.902061462402344,17.457581300636917,-56.86341777737006,6.448826433184281,1.0570921190897489,1.1101244535056294
SB74784_component_1512a,8.776037,-56.134429,7.349999904632568,10.251046180725098,8.77592486200712,-56.13472153308452,6.1211070998467845,1.1434008767626627,1.2007631601179702
SB74784_component_1517a,18.232457,-60.051471,8.01200008392334,14.410072326660156,18.232700808041155,-60.05205558213159,6.402298378901914,1.191643093865697,1.2514255990201932
SB74784_component_1518a,12.569597,-53.188684,7.2769999504089355,25.267362594604492,12.569747625973061,-53.18859631389347,7.542180285437331,0.9187484688977496,0.9648403611432608
SB74784_component_1520a,18.061029,-56.510909,7.196000099182129,38.074073791503906,18.061263825379463,-56.511286541782454,7.509219882283257,0.9125097322674603,0.9582886387652441
SB74784_component_1521a,15.365382,-56.454362,7.1529998779296875,38.047874450683594,15.365565470271768,-56.45450826379472,6.704997337137087,1.0158527806333382,1.0668162145734557
SB74784_component_1523a,9.07583,-57.395949,6.788000106811523,10.948387145996094,9.075917525846197,-57.39608815471075,7.3996770118014465,0.873514749647577,0.917337350804044
SB74784_component_1524a,9.835485,-58.810792,6.486000061035156,15.936118125915527,9.835342213205559,-58.811194420813486,5.720247849053001,1.079700413579417,1.1338669638429963
SB74784_component_1528a,20.48422,-58.865367,7.185999870300293,29.941667556762695,20.48441085828953,-58.86555975675445,6.022397562963092,1.136210894423623,1.1932124698132176
SB74784_component_1530a,19.894345,-58.524353,6.686999797821045,30.53424644470215,19.894657686454217,-58.52462413078479,6.557008929213571,0.9711061416324986,1.01982472038864
SB74784_component_1531a,17.282243,-58.05561,7.124000072479248,38.50810623168945,17.28225309301493,-58.05583313381258,5.762208644019559,1.177270065618892,1.236331502829745
SB74784_component_1532a,19.008383,-54.153299,6.829999923706055,27.76422691345215,19.008412947632774,-54.15339142343874,5.723294609492304,1.1363595407757847,1.193368573474837
SB74784_component_1534a,16.533064,-57.652292,7.988999843597412,44.383331298828125,16.533146955720575,-57.652617252955885,7.942320842902452,0.9578249625911345,1.0058772494360604
SB74784_component_1536a,11.713382,-53.881563,7.507999897003174,33.36888885498047,11.713215323619616,-53.88191703220225,7.470292663553562,0.9570349702509778,1.0050476246578102
SB74784_component_1539a,17.186064,-52.83261,7.88100004196167,23.11143684387207,17.18599232982558,-52.833013349041735,6.573163566411094,1.1416896296053234,1.1989660628914862
SB74784_component_1542a,14.10146,-54.764685,7.300000190734863,36.68341827392578,14.101369088306619,-54.76502186935633,6.238006656433696,1.1143412400936108,1.1702456558307546
SB74784_component_1543a,12.263156,-59.752455,7.822000026702881,13.942959785461426,12.262837903111368,-59.75271669553292,5.861994085977583,1.2706139026203345,1.334358225542023
SB74784_component_1550a,15.221521,-52.990242,7.664999961853027,24.967426300048828,15.221802357731718,-52.990300498468166,6.348022704062891,1.1497802686188028,1.2074625941314354
SB74784_component_1551a,12.859836,-57.2216,6.813000202178955,29.621740341186523,12.859832796377614,-57.22188656888716,6.302347942560404,1.0293834733234704,1.0810257168078683
SB74784_component_1552a,11.438431,-53.52892,7.379000186920166,26.543167114257812,11.438193346368923,-53.52911164853287,6.936734104135568,1.0129398091253055,1.063757104733325
SB74784_component_1553a,16.886647,-53.856652,6.815000057220459,31.40553092956543,16.886413206785626,-53.85692754713894,7.115219252329211,0.9120501988753894,0.9578060514424102
SB74784_component_1554a,9.898989,-55.41966,6.99399995803833,20.87761116027832,9.89898827936009,-55.42006174989125,6.165375345689335,1.0802077025136259,1.1343997025141943
SB74784_component_1555a,9.494272,-55.503156,7.751999855041504,17.498870849609375,9.49408914091147,-55.50363119617176,7.158373272831943,1.031194482941357,1.0829275813909485
SB74784_component_1559a,20.517615,-53.925567,7.163000106811523,24.281356811523438,20.51779722879529,-53.925534292878396,5.472179344462958,1.2464526950678874,1.3089848953981063
SB74784_component_1560a,17.298288,-55.716865,6.803999900817871,38.011173248291016,17.298308018715673,-55.71720741464835,5.752868185317636,1.1262143096676545,1.182714375097784
SB74784_component_1565a,9.228883,-56.724484,7.501999855041504,15.247966766357422,9.229493540712397,-56.7244647674688,7.194606751975836,0.992912907191394,1.042725490587967
SB74784_component_1567a,9.423886,-57.800723,7.059000015258789,15.934537887573242,9.423878409586056,-57.80101381660648,5.9147390316655235,1.136445886604935,1.1934592511127333
SB74784_component_1568a,17.124967,-58.836053,6.672999858856201,33.87309646606445,17.125011088247312,-58.836403205840234,3.864127054817098,1.6444129323854122,1.726910053471846
SB74784_component_1569a,14.773126,-53.963282,7.741000175476074,40.10880661010742,14.77300403957825,-53.963627363711254,6.082740030902271,1.211822432028441,1.2726172968348655
SB74784_component_1570a,17.022868,-59.812141,6.973999977111816,17.928020477294922,17.02281871594547,-59.81224564510907,5.71064242182698,1.1628886726500538,1.2212286222748048
SB74784_component_1574a,12.768616,-55.107812,6.704999923706055,33.35820770263672,12.768499038714507,-55.10802689983408,7.003575887699271,0.9116331395213333,0.9573680690006343
SB74784_component_1575a,14.06279,-55.3108,6.882999897003174,40.48823547363281,14.062788278923566,-55.31117641743955,6.409272816577291,1.022610318777188,1.0739127657665952
SB74784_component_1580a,20.247958,-56.327722,6.873000144958496,37.557376861572266,20.247977602729424,-56.327804599343644,5.777243129726649,1.132835562301635,1.1896678035919344
SB74784_component_1581a,21.857501,-56.417935,7.193999767303467,22.34161376953125,21.85805076934786,-56.41827951216299,6.1311630672793385,1.117297220146952,1.1733499318744682
SB74784_component_1585a,11.107095,-55.114189,7.290999889373779,32.842342376708984,11.106939074493683,-55.11457069687177,7.120766114000404,0.9749930862527396,1.0239066657502867
SB74784_component_1588a,20.489545,-58.525267,7.479000091552734,34.46543884277344,20.489693927327,-58.52555413588753,6.653779860915473,1.0703264949067675,1.1240227732036392
SB74784_component_1592a,20.260941,-53.120926,7.372000217437744,19.764076232910156,20.26087257435356,-53.12124875422381,7.657063834944573,0.9167781150094685,0.9627711582857801
SB74784_component_1593a,15.717243,-54.257879,7.296999931335449,37.80828857421875,15.716906502628387,-54.25812550227018,6.4024867391224225,1.0852675567981747,1.1397134002241815
SB74784_component_1597a,16.209282,-55.737672,6.334000110626221,28.922374725341797,16.209268547418386,-55.73836117737141,6.8041719553508555,0.8864289918740157,0.9308994764080164
SB74784_component_1599a,16.603811,-55.561042,6.958000183105469,32.97630310058594,16.603860663247026,-55.56143102362047,6.33272683505803,1.046248495943045,1.098736826067709
SB74784_component_1602a,20.396481,-56.162576,7.059000015258789,36.3865966796875,20.396497836997245,-56.16281142211605,5.8250913545974425,1.153935695372878,1.2118264908733982
SB74784_component_1603a,16.603407,-58.89917,7.080999851226807,35.0544548034668,16.60331787346297,-58.89918538250444,6.837536016336335,0.9861344345528683,1.03560695465571
SB74784_component_1606a,20.824045,-57.611805,7.243000030517578,33.37788009643555,20.824193833193863,-57.61208574473141,6.294804982255606,1.0956639509655384,1.1506313620413713
SB74784_component_1608a,14.134664,-54.207072,6.888999938964844,35.51030731201172,14.134541474239391,-54.207407919773026,4.790767059976969,1.3692800853791722,1.4379743061433594
SB74784_component_1610a,19.343516,-57.456767,6.559000015258789,32.631839752197266,19.343335038163197,-57.45648898651098,5.507139322989637,1.1341036130415838,1.1909994700657278
SB74784_component_1612a,17.51179,-54.816484,6.178999900817871,30.89499855041504,17.511646196519756,-54.81676794087238,5.204006982846525,1.1306325476485288,1.187354267814229
SB74784_component_1615a,10.290703,-58.166716,6.413000106811523,23.23550796508789,10.29064036785869,-58.16713079558673,7.626680735486108,0.8006945019553698,0.8408638474890575
SB74784_component_1618a,11.350425,-58.726936,6.486000061035156,24.201492309570312,11.350190115401066,-58.72723819307424,4.948233152940018,1.2481533867759855,1.310770907628204
SB74784_component_1622a,15.5484,-56.354217,6.441999912261963,31.578432083129883,15.548831674276125,-56.35459241319432,5.633332116154777,1.0889213785383904,1.1435505273669484
SB74784_component_1623a,22.004749,-56.212056,6.375999927520752,18.919879913330078,22.005015024512403,-56.212399157032216,8.005345717536715,0.7584193016610704,0.7964677794680777
SB74784_component_1624a,14.563966,-58.428146,6.836999893188477,31.21917724609375,14.564041888432072,-58.42853602074347,5.7904665390567125,1.1243284043769268,1.1807338574660424
SB74784_component_1625a,18.195389,-56.033805,7.02400016784668,39.022220611572266,18.195591027901685,-56.03404967632208,6.296246513507562,1.0622921096063913,1.115585317820362
SB74784_component_1626a,17.879255,-54.546116,6.638999938964844,31.16901397705078,17.879231660017005,-54.54619952352179,6.512389553400527,0.9707411937665725,1.0194414637708835
SB74784_component_1629a,10.941387,-56.454607,6.984000205993652,35.272727966308594,10.941421596856442,-56.45504960303291,5.90187473044589,1.1268222712896971,1.1833528370172655
SB74784_component_1634a,20.894112,-53.567439,6.646999835968018,17.44619369506836,20.894301891942938,-53.56776931824526,6.002837449931193,1.0544117830749284,1.1073096500462807
SB74784_component_1635a,19.423949,-55.853462,6.96999979019165,36.8783073425293,19.423764645782146,-55.853690571382174,5.211100899873071,1.273633426317883,1.337529233095721
SB74784_component_1641a,15.118134,-55.870509,6.638000011444092,34.0410270690918,15.118371316870514,-55.87071587952128,6.64932129387343,0.950607192903048,0.998297377742933
SB74784_component_1647a,18.529948,-56.465871,7.293000221252441,38.79255676269531,18.529979102835256,-56.46629789024305,6.019165766291953,1.153748338655949,1.2116297348204155
SB74784_component_1648a,12.583904,-53.774171,6.493000030517578,28.98660659790039,12.583789785252192,-53.77435199055522,6.41840025506389,0.9632960384185596,1.011622798904576
SB74784_component_1650a,20.07896,-53.920907,6.495999813079834,19.926380157470703,20.079013700267055,-53.921066200302356,6.347673321694146,0.9744792624931914,1.0233670644137844
SB74784_component_1657a,10.530039,-58.055559,6.685999870300293,23.055171966552734,10.529926728973383,-58.05583809302636,4.800632760322343,1.326200065761631,1.3927330425190356
SB74784_component_1658a,14.185259,-54.973408,6.697999954223633,37.62921142578125,14.185205472693987,-54.97367817050805,5.347296827788723,1.1927571087779487,1.2525955019769248
SB74784_component_1661a,12.623158,-56.055921,6.749000072479248,38.34659194946289,12.623436388182595,-56.05620404997541,6.340060766468873,1.0136480241765828,1.0645008496090702
SB74784_component_1666a,11.523902,-57.420234,7.188000202178955,30.587234497070312,11.524219603798665,-57.42048228627463,5.97478831326395,1.145583430859785,1.2030552088718676
SB74784_component_1672a,11.324854,-55.711851,6.474999904632568,29.43181800842285,11.3248744548165,-55.71216599816899,6.0369961945527955,1.0213157516597857,1.0725532526382882
SB74784_component_1673a,10.545576,-57.940281,6.302000045776367,22.587812423706055,10.545493188093452,-57.94067296502051,5.654535575493561,1.0612620318226056,1.1145035629608346
SB74784_component_1676a,10.208233,-58.25713,7.098999977111816,22.115264892578125,10.208515822198494,-58.25733304779001,5.947909328689916,1.136511935896372,1.1935286139735823
SB74784_component_1677a,19.663982,-53.980575,6.71999979019165,24.888887405395508,19.663833107966745,-53.98071792949051,6.238818819166644,1.0256709418710588,1.0771269345964563
SB74784_component_1681a,15.708695,-56.349913,6.932000160217285,30.537445068359375,15.708771813266805,-56.35021562653355,6.1427680252212,1.074572234709977,1.128481513831489
SB74784_component_1682a,11.317284,-59.524454,6.1529998779296875,14.309301376342773,11.317290029030122,-59.524529942346426,5.028422370304095,1.1651888563234372,1.2236442018607883
SB74784_component_1685a,18.887472,-54.906425,6.0329999923706055,28.19158935546875,18.88756068736792,-54.90666075723354,6.034179321198519,0.9520423733781569,0.999804558538098
SB74784_component_1688a,22.713919,-57.860408,7.204999923706055,12.379724502563477,22.71341423786026,-57.860414199975594,5.114896394830157,1.3413382371665856,1.408630667668744
SB74784_component_1691a,14.507874,-56.211465,7.197999954223633,38.69892501831055,14.508267855218017,-56.21196405647732,6.430156183425568,1.065936868051523,1.1194129269794824
SB74784_component_1694a,11.499945,-55.217526,6.0970001220703125,29.3125,11.499896621772319,-55.21791150337363,6.3806139660104675,0.909902586081153,0.9555506969312098
SB74784_component_1699a,10.788792,-58.505506,6.633999824523926,26.325395584106445,10.788889488031714,-58.50569949177311,4.870305663218924,1.2970610049555744,1.3621321295344173
SB74784_component_1700a,12.118708,-56.766717,6.2789998054504395,28.540908813476562,12.119145803097629,-56.76696071838224,5.671663210708681,1.05419560504338,1.107082626767232
SB74784_component_1701a,19.120375,-52.978912,6.484000205993652,17.06315803527832,19.12065951498788,-52.97910775265112,5.519804289982112,1.1185631455596963,1.1746793663973665
SB74784_component_1703a,21.012941,-53.727898,6.328000068664551,18.395347595214844,21.01284892025284,-53.727891019253185,4.925491213830369,1.223370749129045,1.2847449714042845
SB74784_component_1705a,22.568222,-56.611149,6.578000068664551,13.342799186706543,22.568227648856986,-56.61121915822808,5.7419714359491625,1.0908725453512778,1.1455995805693504
SB74784_component_1706a,14.716208,-53.79521,5.890999794006348,29.16336441040039,14.716000409460701,-53.7953930708536,4.541330978784818,1.235227688917973,1.2971967516850484
SB74784_component_1708a,11.644037,-56.583261,6.453999996185303,31.330097198486328,11.644354250440971,-56.58352131858921,5.377911555240675,1.1427637907791244,1.2000941127222517
SB74784_component_1709a,21.692656,-53.851795,6.626999855041504,12.480225563049316,21.692728788367358,-53.85209735712677,6.466128996790021,0.9759189757612043,1.0248790054035952
SB74784_component_1710a,13.199356,-55.450847,6.605000019073486,35.702701568603516,13.199501440234137,-55.45123666129259,5.382281306373913,1.1685507983226624,1.2271748062018946
SB74784_component_1711a,15.058639,-55.674835,5.46999979019165,24.863636016845703,15.058861315267318,-55.67530572751469,5.568396383351913,0.9354020831042429,0.9823294560253572
SB74784_component_1712a,18.427319,-55.408755,5.839000225067139,32.082420349121094,18.42731364862305,-55.408921639907334,6.143383935166643,0.9050488066202393,0.9504534124333143
SB74784_component_1715a,14.445705,-56.394896,6.632999897003174,36.849998474121094,14.446185064452735,-56.395191082837655,5.694790070207689,1.1091069768413278,1.1647487993813386
SB74784_component_1716a,21.498854,-56.353005,6.785999774932861,24.94852638244629,21.498977236732298,-56.35324872364331,6.146293411783974,1.0513364407671832,1.1040800235671162
SB74784_component_1717a,16.614302,-54.539141,6.452000141143799,34.5026741027832,16.614150440966235,-54.5394299604387,5.440772113935112,1.12921073475638,1.1858611252286586
SB74784_component_1718a,13.189996,-57.24547,6.177999973297119,28.33945083618164,13.190084331456335,-57.245798506441034,6.30288186805624,0.9333615378942888,0.980186540478882
SB74784_component_1719a,15.512523,-59.851505,6.8480000495910645,18.16445541381836,15.51233696716551,-59.85171531649016,5.682268631878759,1.147580498053985,1.2051524651918601
SB74784_component_1720a,11.913397,-55.528448,6.533999919891357,30.390697479248047,11.913457211502884,-55.5288058120218,5.561508501835662,1.118736184418872,1.174861086292453
SB74784_component_1726a,15.288217,-54.00971,5.745999813079834,32.834285736083984,15.288075295538976,-54.00993888604959,4.250617222934096,1.2872259183496548,1.351803635029153
SB74784_component_1733a,15.330092,-58.822125,6.285999774932861,29.933332443237305,15.329928476633611,-58.822491963583715,4.699464127350228,1.2737001151828675,1.337599267616326
SB74784_component_1735a,12.994004,-58.944228,6.428999900817871,26.134145736694336,12.994093045455664,-58.9443897070945,5.131832729382133,1.1929221226408862,1.2527687942767214
SB74784_component_1736a,22.310844,-55.979048,6.693999767303467,15.248291015625,22.310836696300743,-55.979336847730146,5.896502367664995,1.0810166459258173,1.1352492291043172
SB74784_component_1737a,9.741307,-54.102053,6.776000022888184,12.056940078735352,9.741048603285556,-54.10215609723467,6.273166936916763,1.0285554737610905,1.0801561780561448
SB74784_component_1739a,19.012423,-55.795383,6.241000175476074,30.44390296936035,19.012216231378645,-55.79544309480045,5.630870203452401,1.0554066930090176,1.1083544727508707
SB74784_component_1740a,11.799593,-55.312328,6.229000091552734,31.145000457763672,11.799625382622251,-55.312808634212914,4.262835922046564,1.3914284732045756,1.4612338371593305
SB74784_component_1745a,10.022556,-58.545128,5.873000144958496,17.42729949951172,10.022831826680473,-58.54530607461132,6.5530942126930745,0.853404179705032,0.8962178711825531
SB74784_component_1746a,16.233497,-56.227946,6.552999973297119,30.059633255004883,16.23341536511914,-56.22829796086853,5.840593256655129,1.0683766046863175,1.1219750606379293
SB74784_component_1749a,10.999243,-58.000234,6.053999900817871,24.60975456237793,10.999435182835278,-58.00048140230963,5.0487522786591175,1.1418249094090136,1.1991081294298984
SB74784_component_1754a,14.172758,-59.129505,6.0920000076293945,27.44144058227539,14.172592607656489,-59.12962892069711,5.228197108545531,1.1095556989638515,1.1652200330534537
SB74784_component_1755a,9.01034,-58.349805,6.552999973297119,12.387523651123047,9.009895834432484,-58.35019418354871,5.629340241527852,1.1084697185056682,1.1640795709869152
SB74784_component_1756a,15.386724,-60.086124,6.72599983215332,11.904424667358398,15.38683832934997,-60.085876179894065,6.668209318844722,0.9604810345626765,1.0086665715704632
SB74784_component_1757a,16.098866,-57.78569,5.925000190734863,32.02702713012695,16.099016440743092,-57.78595033722527,5.1352828704141436,1.0986646807869982,1.1537826328653695
SB74784_component_1763a,19.785007,-53.733392,5.932000160217285,22.469697952270508,19.785078172418082,-53.73361782509523,4.640758581054478,1.217175896398263,1.2782393344989322
SB74784_component_1764a,10.830827,-58.681057,6.206999778747559,23.511362075805664,10.83095519544404,-58.68103621887011,4.879504334721559,1.2112873662376729,1.2720553877941685
SB74784_component_1765a,9.75307,-54.726442,5.808000087738037,12.253164291381836,9.752855861375375,-54.726637965996346,5.913686133366082,0.935210790835194,0.9821285669809655
SB74784_component_1766a,17.834696,-59.155835,6.416999816894531,29.036197662353516,17.834949341842528,-59.156030870861976,4.47085135608409,1.366730737447433,1.4352970621942183
SB74784_component_1768a,12.644347,-53.520868,5.885000228881836,26.62895965576172,12.644497053093847,-53.52105510264579,6.160363084013341,0.9096646961133618,0.9553008724686869
SB74784_component_1776a,20.825174,-57.81876,5.808000087738037,25.699115753173828,20.825128584207548,-57.819096652348,4.800164195966545,1.1521570637486915,1.2099586286274022
SB74784_component_1777a,15.349848,-57.773558,5.324999809265137,28.026315689086914,15.349849044404177,-57.77372943804615,4.90106900516011,1.034593975315819,1.0864976199393825
SB74784_component_1782a,13.034674,-54.879218,5.688000202178955,25.85454559326172,13.03435881337133,-54.87956702978273,5.785734363079488,0.9361431820438764,0.9831077345126309
SB74784_component_1786a,18.42991,-53.250286,6.2820000648498535,21.15151596069336,18.42999299712449,-53.25060777876425,5.252198161320698,1.1389325342883776,1.196070649259396
SB74784_component_1789a,12.315217,-55.000341,6.074999809265137,26.880531311035156,12.314941419434325,-55.000562996023085,5.229775527700963,1.1061254528866526,1.1616176979465387
SB74784_component_1793a,20.154232,-58.443853,6.191999912261963,28.27397346496582,20.154262009779103,-58.44388858636869,4.813794840008364,1.2248545794073762,1.286303242672304
SB74784_component_1794a,16.628707,-57.150558,6.13700008392334,33.3532600402832,16.628543310619918,-57.15092163724529,5.330330118886259,1.0963347711918086,1.1513358360636825
SB74784_component_1796a,10.572212,-59.202448,6.0329999923706055,16.574176788330078,10.571938082700907,-59.20258863952699,5.443523106105726,1.0553449099719239,1.1082895901743657
SB74784_component_1799a,10.650497,-58.777357,6.020999908447266,19.740982055664062,10.650296489461272,-58.777596515548915,4.983127530722373,1.1505560604944542,1.208277306034437
SB74784_component_1800a,22.095766,-58.241069,5.573999881744385,16.15652084350586,22.095827899466137,-58.24112804921127,4.347684736348029,1.2208156173528428,1.2820616534460216
SB74784_component_1801a,10.735724,-57.973845,5.209000110626221,19.731061935424805,10.735835039631866,-57.97411981481676,5.655412927394344,0.877063852367083,0.9210645053686997
SB74784_component_1806a,17.430457,-58.202694,5.730999946594238,32.01675796508789,17.430460287490263,-58.202935308274235,4.41171838616635,1.2369831618033125,1.299040293361586
SB74784_component_1807a,13.522504,-53.428997,5.534999847412109,22.139999389648438,13.522384547096582,-53.42927197565773,4.859045497492287,1.0846954375780855,1.13911257885292
SB74784_component_1809a,21.791384,-54.082179,5.499000072479248,10.474286079406738,21.791409426985474,-54.082293845001885,5.849498717489992,0.8951714880377827,0.940080567252241
SB74784_component_1812a,17.934398,-52.963896,5.535999774932861,15.908045768737793,17.934421802392052,-52.96415941602009,5.015812399453074,1.0509836137712276,1.1037094959007057
SB74784_component_1813a,12.640334,-53.438537,5.831999778747559,23.804080963134766,12.640526448233409,-53.438556275986215,5.331171597882713,1.0416840225123725,1.0939433615424703
SB74784_component_1816a,12.587988,-58.079907,5.669000148773193,22.14453125,12.588399399340055,-58.07989497119558,4.942844154778419,1.0921208956088484,1.1469105582244128
SB74784_component_1819a,21.987396,-54.588916,6.164999961853027,12.607361793518066,21.98759428676695,-54.58905884483341,5.466135535905249,1.0739741987476066,1.1278534755234604
SB74784_component_1822a,17.07393,-58.616497,5.966000080108643,30.594873428344727,17.074410493731207,-58.61641602175413,5.068473490751032,1.1208493421560204,1.1770802572007963
SB74784_component_1824a,16.228017,-53.959499,5.691999912261963,31.447513580322266,16.227763964928485,-53.959773098484796,5.421739934431001,0.9996946516263802,1.0498474624565934
SB74784_component_1825a,19.529185,-55.566434,5.922999858856201,30.065990447998047,19.52965049810559,-55.56659148663072,4.736550905071028,1.1907502432952313,1.2504879558066064
SB74784_component_1826a,15.003818,-59.284692,5.754000186920166,24.278480529785156,15.003660355728268,-59.284823445190824,4.415164889397328,1.240978078827753,1.3032356279009978
SB74784_component_1828a,15.036225,-58.117348,6.461999893188477,32.30999755859375,15.036297071391786,-58.11743392686943,5.5103187511347285,1.116686820308621,1.172708909417948
SB74784_component_1829a,14.83786,-53.571148,5.4670000076293945,26.9310359954834,14.838003375421813,-53.57144896135851,5.197692494048668,1.0015661957904713,1.0518128984908366
SB74784_component_1830a,13.863962,-57.81278,6.054999828338623,27.1524658203125,13.863862918039198,-57.81304940970833,5.259627389287116,1.0962265662418873,1.1512222026738115
SB74784_component_1831a,9.691784,-54.821503,6.164000034332275,13.547252655029297,9.6916237289012,-54.82182316301485,5.679347340094703,1.0334878325755443,1.085335984086772
SB74784_component_1837a,11.149752,-56.234955,5.644000053405762,28.219999313354492,11.150049927850672,-56.235373108000104,4.961709534991662,1.0831705371909515,1.1375111770655568
SB74784_component_1840a,10.602954,-53.523781,5.9029998779296875,15.412532806396484,10.602873315341578,-53.52422025879808,4.680667621906993,1.2008980438777033,1.2611448525637232
SB74784_component_1842a,13.412584,-55.414107,5.669000148773193,30.315507888793945,13.412672177994452,-55.41451383047112,5.147334656231263,1.0487337128229333,1.1013467216300794
SB74784_component_1846a,10.656841,-57.714833,5.541999816894531,21.90513801574707,10.656905900556756,-57.71516732866322,4.788203043706522,1.1021358125860832,1.1574279048543645
SB74784_component_1851a,18.442348,-57.492165,5.546999931335449,28.592782974243164,18.442632916821363,-57.49238269363648,4.833038934501709,1.092896493355613,1.1477250662594445
SB74784_component_1853a,14.160508,-59.910344,5.129000186920166,10.531827926635742,14.160960365842413,-59.91050163850799,6.105656837951597,0.7999106685547972,0.8400406906328702
SB74784_component_1856a,12.923725,-57.618792,4.948999881744385,14.996968269348145,12.923773726944173,-57.61901319804439,5.806155178843333,0.8116522003566305,0.8523712731236877
SB74784_component_1857a,14.707799,-54.979867,5.968999862670898,36.61962890625,14.707742962480562,-54.98006938217606,5.225213977717331,1.087773951548497,1.1423455361111345
SB74784_component_1860a,20.795505,-56.143069,5.9730000495910645,27.781394958496094,20.79582964128908,-56.14348250271867,4.433419109419433,1.282906174164246,1.3472671773576677
SB74784_component_1861a,21.096275,-53.221903,6.313000202178955,12.28210163116455,21.096361285370833,-53.22241049570087,6.230676081602588,0.9648099977149917,1.013212710707181
SB74784_component_1869a,15.591118,-52.611945,5.535999774932861,11.321063041687012,15.591249624931766,-52.61253189051535,4.195520326736254,1.256467906491235,1.3195025512459815
SB74784_component_1871a,18.156058,-58.25585,5.882999897003174,25.467531204223633,18.156374027358602,-58.25613544808671,4.411028416864041,1.2699895603412779,1.333702561178604
SB74784_component_1873a,10.539513,-56.948427,6.046999931335449,25.091285705566406,10.539951718000989,-56.94850326957668,5.601989253612258,1.0278715795834736,1.0794379741868017
SB74784_component_1880a,13.108124,-54.758306,5.810999870300293,24.83333396911621,13.10820680809579,-54.75872036442108,4.811232152705915,1.150100304515308,1.207798685630269
SB74784_component_1882a,10.545425,-59.47868,5.980999946594238,11.137802124023438,10.54486048187012,-59.478493852261764,3.704139157388622,1.5375444160950404,1.6146801436074498
SB74784_component_1885a,14.439695,-57.860514,6.2129998207092285,31.22110366821289,14.43929911085386,-57.86086971960802,4.650807841009186,1.2720790811458986,1.3358969093337254
SB74784_component_1886a,16.851699,-54.056868,5.01200008392334,24.096153259277344,16.851659436571527,-54.057092387657555,3.5115238399283073,1.3591162784961723,1.427300600079556
SB74784_component_1890a,19.733402,-55.722459,5.322999954223633,28.015789031982422,19.733512009353113,-55.72275581315401,4.428728883605081,1.1445072118067214,1.2019249979218858
SB74784_component_1893a,10.613347,-57.173194,5.684000015258789,24.18723487854004,10.613554354913433,-57.173466573983255,4.555177283496379,1.1882011057658572,1.2478109328153237
SB74784_component_1897a,12.953414,-56.478338,5.814000129699707,30.439790725708008,12.953783115728244,-56.478674512730876,4.980563644163265,1.1115722821555123,1.1673377844519963
SB74784_component_1898a,18.395065,-54.20417,4.909999847412109,22.42009162902832,18.394780742172365,-54.20444586179892,4.668303193487051,1.0015291401160742,1.0517739838025644
SB74784_component_1904a,20.479021,-58.459967,5.672999858856201,28.084156036376953,20.478993300256864,-58.46017831461398,5.045677555700264,1.0706177640929044,1.124328654820051
SB74784_component_1909a,17.675671,-56.38695,5.2179999351501465,28.053762435913086,17.675658544091757,-56.387116928723835,4.471529966564953,1.1111919578290343,1.1669383799654227
SB74784_component_1910a,14.0683,-52.653418,5.895999908447266,12.334728240966797,14.068454844393212,-52.653591981318485,4.945195446548587,1.1353118560399507,1.1922683283554094
SB74784_component_1913a,11.333139,-53.307455,5.038000106811523,15.453988075256348,11.332907602499722,-53.30763032971311,5.2430003496668665,0.9149965392829795,0.9609002042373755
SB74784_component_1914a,18.441608,-60.00791,6.077000141143799,10.910234451293945,18.44175406429898,-60.008374058530165,3.494794072559247,1.6558035972680567,1.738872166706405
SB74784_component_1918a,14.495783,-57.297952,5.6539998054504395,28.846939086914062,14.495866866695842,-57.29822263407753,5.2368922459656755,1.0280714932072317,1.0796479171031426
SB74784_component_1920a,11.181006,-54.294907,5.4710001945495605,21.884000778198242,11.180651467690586,-54.29515289148775,4.760363524031662,1.0943790665895965,1.1492820174195528
SB74784_component_1924a,13.37484,-57.618432,5.431000232696533,23.61304473876953,13.374903822184525,-57.61856167712614,5.488873625949872,0.9421884050672503,0.9894562350680238
SB74784_component_1926a,21.098959,-55.491037,5.230000019073486,20.509803771972656,21.099318040523258,-55.49129331943989,4.26596800157652,1.1674149824499143,1.2259820085712554
SB74784_component_1929a,12.094152,-54.856448,5.071000099182129,21.041494369506836,12.094122227631292,-54.85673491690262,3.9532478127311377,1.221464207827577,1.282742782491741
SB74784_component_1930a,9.614022,-54.771036,5.755000114440918,12.167019844055176,9.613985180524786,-54.77130594191859,5.5133583735099965,0.9939631401331774,1.0438284117520704
SB74784_component_1932a,15.168482,-53.165593,5.105999946594238,19.05223846435547,15.168486596053347,-53.16566605116274,4.462709317351153,1.089490310395511,1.144148001471203
SB74784_component_1933a,19.759063,-53.863279,5.6479997634887695,19.817543029785156,19.758999402967014,-53.86357620074806,4.52489994297849,1.1885757227834353,1.248204343667985
SB74784_component_1934a,14.098501,-58.94744,5.269000053405762,24.28110694885254,14.098478573831235,-58.94738796545764,3.7009234412276855,1.3556864881738866,1.4236987435919257
SB74784_component_1940a,15.958137,-53.913667,5.843999862670898,29.96923065185547,15.958133399197353,-53.913873901982356,4.8533892028225365,1.146584966481514,1.2041069896624532
SB74784_component_1942a,13.613673,-59.142437,5.1529998779296875,19.518939971923828,13.613637790026463,-59.14263082672531,4.616788475169914,1.0628239216181992,1.1161438098460943
SB74784_component_1943a,16.413172,-52.992003,4.763000011444092,15.616393089294434,16.413269821193577,-52.992362824914096,4.310804594353185,1.0521154818755982,1.1048981477108117
SB74784_component_1944a,13.190951,-57.497011,5.675000190734863,20.787546157836914,13.190847394652604,-57.49720872679611,4.026768215383996,1.3419935061951833,1.4093188103188827
SB74784_component_1946a,19.525682,-54.312159,5.593999862670898,21.682170867919922,19.52564585437752,-54.31238942932436,4.514387886207096,1.1799530990987712,1.239149139080929
SB74784_component_1948a,16.89661,-57.114598,5.281000137329102,28.392473220825195,16.89691735254089,-57.114879518155895,5.2283357824942405,0.9618201534663497,1.0100728715648284
SB74784_component_1953a,15.245292,-57.817829,5.688000202178955,28.158416748046875,15.245321110345921,-57.81804016692056,5.411298023339822,1.0009198816536329,1.0511341599826272
SB74784_component_1956a,10.629894,-54.443397,5.507999897003174,18.99310302734375,10.629780333166863,-54.443944525672855,3.948575144151539,1.3282954404933949,1.3949335382818757
SB74784_component_1962a,18.465178,-53.165761,5.48799991607666,17.646303176879883,18.46466641250444,-53.16584551603955,4.815796865562249,1.0851433220508468,1.139582932851951
SB74784_component_1964a,21.685641,-57.0057,5.245999813079834,20.0996150970459,21.685743996192535,-57.00613236827389,3.932494756448821,1.2702853350281897,1.3340131743283374
SB74784_component_1967a,21.381811,-54.142073,5.191999912261963,13.416020393371582,21.38174290583608,-54.14214078421347,4.682592260676922,1.0558190635827673,1.1087875311850022
SB74784_component_1969a,21.378286,-58.722915,5.383999824523926,19.79411506652832,21.378749423975652,-58.72320160131592,4.454204845549938,1.1510018371107391,1.2087454464297747
SB74784_component_1970a,18.793117,-56.408142,5.459000110626221,29.9945068359375,18.793208964969303,-56.40875738361507,5.1702640586835065,1.005406166764856,1.0558455136266742
SB74784_component_1971a,18.538368,-56.584385,4.835000038146973,25.9946231842041,18.538691426584297,-56.58457455694282,3.604773439227776,1.2772022448963847,1.3412770926271413
SB74784_component_1975a,15.752094,-57.53157,5.090000152587891,25.19801902770996,15.751902881191175,-57.53191978553373,5.397267017172909,0.898018031059872,0.9430699160135374
SB74784_component_1981a,17.698157,-59.681281,5.031000137329102,16.441177368164062,17.6985968058267,-59.68137042145969,3.4370923794956476,1.3938122913702964,1.4637372470237011
SB74784_component_1985a,20.622331,-56.137926,5.197999954223633,26.120603561401367,20.62258175428489,-56.13834147528201,3.806040826577595,1.3004809491456546,1.3657236459278057
SB74784_component_1986a,19.422707,-53.036031,5.301000118255615,13.87696361541748,19.42291746000032,-53.03637766351533,3.66083050133844,1.3788574134340457,1.448032110833187
SB74784_component_1987a,14.205354,-56.306953,4.931000232696533,26.510753631591797,14.205503912230633,-56.307443205079956,3.3770352087464266,1.390402692852103,1.4601565953252074
SB74784_component_1993a,20.466425,-57.953735,4.826000213623047,22.657278060913086,20.466286242366106,-57.95408935667625,3.381385626655772,1.3590448848799632,1.4272256247791575
SB74784_component_1995a,9.706695,-58.052201,5.673999786376953,15.805013656616211,9.706602828093242,-58.05244772877736,4.5868697552790625,1.1779153258626496,1.2370091345730287
SB74784_component_1996a,16.704429,-57.554055,5.416999816894531,30.09444236755371,16.704517194062653,-57.55428250309873,4.287316232520581,1.2031352979022127,1.263494345438053
SB74784_component_1997a,15.336886,-59.344347,4.980000019073486,21.74672508239746,15.336726030341332,-59.34460609956008,3.8748634654652023,1.2238103051579454,1.2852065791370033
SB74784_component_1998a,14.54269,-57.936814,5.415999889373779,27.492385864257812,14.542693806378683,-57.93695124083372,4.482055846168847,1.1506481646277236,1.2083740308597997
SB74784_component_1999a,14.775405,-59.522122,4.85099983215332,16.556312561035156,14.775006194771745,-59.52234976183685,3.5113745022432368,1.3155133938215395,1.3815102402361998
SB74784_component_2001a,14.472725,-53.140406,4.804999828338623,17.796295166015625,14.472607396861722,-53.1404801169873,4.228349164593068,1.0820907868970437,1.136377257718983
SB74784_component_2002a,14.394426,-54.714661,5.540999889373779,27.704999923706055,14.394604691306213,-54.714981938308064,4.682027111290965,1.1269259591037104,1.1834617266549685
SB74784_component_2004a,13.117497,-58.135484,5.035999774932861,20.471542358398438,13.117555155188466,-58.135710885418334,4.119216403871687,1.1641588914620882,1.222562565588805
SB74784_component_2006a,14.047588,-54.969469,5.339000225067139,27.952880859375,14.047488193412693,-54.97007219789169,4.847840342595448,1.0487036908601353,1.1013151935215615
SB74784_component_2007a,19.203369,-57.696374,4.875,22.8873233795166,19.203416838961104,-57.69647904269055,3.9796799466266415,1.1664540601228426,1.2249728785683565
SB74784_component_2008a,12.295483,-56.253869,5.711999893188477,28.703516006469727,12.295838853643737,-56.25421877492878,4.157217564508346,1.3083580260026286,1.3739959009973073
SB74784_component_2009a,17.723783,-57.297501,4.800000190734863,28.402368545532227,17.724157238177177,-57.29769516710787,4.239446686583459,1.0781352415510537,1.1322232700614878
SB74784_component_2010a,13.372911,-54.947688,4.914999961853027,23.075117111206055,13.372748635824031,-54.94817589216334,4.465241840739527,1.0481409745467454,1.1007242467832408
SB74784_component_2011a,21.05638,-57.575788,5.123000144958496,21.082305908203125,21.056326394026968,-57.576021216306295,2.9557329273277277,1.6504422937817798,1.7332418966520735
SB74784_component_2012a,19.057544,-57.399999,4.910999774932861,24.803030014038086,19.057862180170424,-57.40019793233619,4.505131244428319,1.038015007535951,1.0900902789472553
SB74784_component_2015a,21.930629,-55.771155,5.416999816894531,15.6560697555542,21.930768972247744,-55.771739606176766,4.302848727370072,1.1987922001077131,1.25893336255059
SB74784_component_2024a,14.78259,-56.846023,4.800000190734863,20.253164291381836,14.782815252891142,-56.84634471527889,5.204005622747106,0.8783036008845967,0.9223664497504953
SB74784_component_2033a,15.907095,-56.229759,4.640999794006348,15.52173900604248,15.907327764962458,-56.230358580083454,4.381102201293016,1.0087169777394496,1.0593224217952795
SB74784_component_2034a,9.230612,-58.224502,5.138000011444092,11.598194122314453,9.230997060220995,-58.224474771747154,4.327196551280047,1.1306511905441792,1.1873738459890844
SB74784_component_2035a,19.369416,-59.86888,5.684000015258789,10.315789222717285,19.369958714941564,-59.86909908973369,3.663447932386355,1.4774242148664176,1.5515438243327933
SB74784_component_2036a,13.228024,-56.625591,4.995999813079834,24.370731353759766,13.228403248782099,-56.6260472255269,4.617563501167372,1.030269166501658,1.0819558435561933
SB74784_component_2037a,9.94464,-55.005028,5.208000183105469,13.7052640914917,9.944730562884832,-55.005105689031744,4.734880900742839,1.0473771554818945,1.0999221083445634
SB74784_component_2041a,12.24817,-54.6094,4.544000148773193,21.951690673828125,12.24796638256068,-54.60973815323674,4.446006158665203,0.9732164537483661,1.0220409029162052
SB74784_component_2043a,14.224295,-54.856517,5.236999988555908,26.719388961791992,14.224076746864252,-54.85697584374712,3.8202144581126594,1.3053771155152532,1.370865443806314
SB74784_component_2044a,20.940363,-58.805835,5.117000102996826,20.800813674926758,20.940338482809914,-58.80604156746204,3.642173314658283,1.337814760749611,1.4049304250302856
SB74784_component_2050a,16.067773,-59.666162,4.747000217437744,17.137184143066406,16.067851769964157,-59.66618686612774,5.10168308122942,0.8860269682746155,0.9304772840365844
SB74784_component_2052a,14.934195,-53.085688,5.1529998779296875,19.593154907226562,14.934193494465607,-53.08582394854474,4.187825839461604,1.1716898984253432,1.230471389085313
SB74784_component_2053a,18.817659,-56.781508,5.2769999504089355,27.061538696289062,18.818009959278264,-56.78168578026074,4.695970004720973,1.0700472165999,1.123729484026482
SB74784_component_2061a,15.361025,-54.46632,4.728000164031982,26.711864471435547,15.360918458834757,-54.46666586992435,4.476294194997349,1.0057731251553728,1.0562308816332797
SB74784_component_2065a,14.669214,-55.860078,4.715000152587891,25.90659523010254,14.669211384649984,-55.860657879443444,4.1121933326566,1.0918157434007312,1.1465900971007752
SB74784_component_2067a,16.806845,-58.482182,5.086999893188477,27.20320701599121,16.80701119777663,-58.482536150714424,4.5909299747840056,1.0551209001290598,1.1080543421766764
SB74784_component_2068a,21.391959,-57.638203,4.685999870300293,17.03999900817871,21.391886250500995,-57.63836398647019,4.119082800540759,1.0832854647260535,1.137631870300133
SB74784_component_2070a,17.991185,-58.022684,4.619999885559082,22.758621215820312,17.990894147329268,-58.02291000645727,3.858093944629582,1.14027691495549,1.1974824749900306
SB74784_component_2072a,21.715494,-56.421263,5.245999813079834,18.15224838256836,21.71572315110379,-56.421602453576504,4.03098240050882,1.2392488785268911,1.3014196768553605
SB74784_component_2076a,18.20806,-58.22597,5.025000095367432,23.928571701049805,18.207870384011596,-58.22610210830767,3.982368928093177,1.2015331278160617,1.2618117974753995
SB74784_component_2080a,20.626395,-55.296442,4.553999900817871,20.421524047851562,20.626381049947017,-55.296709298591445,3.723435965014162,1.1646362221609932,1.2230638430760685
SB74784_component_2081a,16.261796,-59.461721,5.335999965667725,19.98501968383789,16.262253154316916,-59.46212443033774,4.487534652812727,1.1322678309243424,1.189071590193335
SB74784_component_2082a,15.35402,-53.100123,5.26800012588501,19.15636444091797,15.354314515922567,-53.10044435219657,4.5969098465143805,1.0912417060735984,1.145987261394627
SB74784_component_2083a,20.877464,-57.883103,5.019000053405762,22.710407257080078,20.87713358077609,-57.883348797078206,3.7431173078897446,1.276806039016917,1.3408610098397693
SB74784_component_2084a,15.418036,-58.495379,4.820000171661377,24.845361709594727,15.418103111687605,-58.49557284855589,4.603203101840282,0.9970755857049486,1.0470970028966184
SB74784_component_2085a,21.397567,-55.252004,4.460000038146973,15.985662460327148,21.39753784688688,-55.25237722889995,3.437175311542137,1.2355898854792833,1.2975771189703824
SB74784_component_2092a,16.303908,-58.400144,4.6529998779296875,24.75,16.30405293870612,-58.40043705569299,3.905048493155995,1.1346130530965444,1.1915344677753823
SB74784_component_2097a,11.50888,-53.608246,4.607999801635742,17.520910263061523,11.50850087167218,-53.608488977408385,3.5167338489336855,1.2477113218184788,1.310306665098623
SB74784_component_2098a,20.77916,-59.505801,5.109000205993652,12.164286613464355,20.77917303279845,-59.50653675861022,3.6472245652355726,1.3338733068919333,1.400791235804715
SB74784_component_2101a,12.007193,-58.212014,4.533999919891357,15.369491577148438,12.00687372493158,-58.21192890315701,3.386338184645776,1.274947630429983,1.3389093683700204
SB74784_component_2107a,14.266416,-57.067334,4.6020002365112305,20.273128509521484,14.266587144839221,-57.06746489799111,4.817140754613187,0.9097005683654181,0.955338544364533
SB74784_component_2109a,14.027418,-54.454496,5.160999774932861,26.740930557250977,14.02765774645721,-54.4546198177267,3.551810138529291,1.3836468647073172,1.4530618399185866
SB74784_component_2110a,19.563343,-54.424847,5.078999996185303,16.490259170532227,19.563056747979793,-54.4249623629712,3.5279647341414857,1.370866434936337,1.4396402398906787
SB74784_component_2113a,22.160495,-57.098398,5.199999809265137,15.522387504577637,22.160772800516472,-57.09870874077367,3.6996892805173873,1.3383793962462929,1.4055233872337345
SB74784_component_2114a,16.811981,-56.229688,4.870999813079834,25.909574508666992,16.812017568337044,-56.23007350546364,3.6689995391124617,1.2641878774806818,1.3276098187404348
SB74784_component_2115a,14.967578,-58.601228,4.690999984741211,23.691919326782227,14.967453062227005,-58.601494456733704,4.056678115653048,1.1011235424270835,1.1563648509948514
SB74784_component_2128a,14.541095,-55.431491,4.236999988555908,23.02717399597168,14.541281819717495,-55.43188812479436,3.6199341913602887,1.1145484526503617,1.1704632638539045
SB74784_component_2131a,10.663951,-57.433688,5.00600004196167,20.432653427124023,10.664109147211672,-57.433951643578396,4.534334074580426,1.0512802373936503,1.104021000575457
SB74784_component_2133a,16.164402,-54.408472,4.613999843597412,24.41269874572754,16.16399546593728,-54.40869326846104,4.707264628903802,0.9333620257901043,0.980187052851518
SB74784_component_2135a,12.689207,-54.162928,4.367000102996826,20.0321102142334,12.688780791563248,-54.16315096454318,4.3326227889511815,0.9597839612150522,1.0079345273568039
SB74784_component_2136a,14.09231,-58.469947,4.781000137329102,22.985576629638672,14.092699939100054,-58.470033759647905,3.957964305270581,1.1502388941400457,1.2079442280372599
SB74784_component_2140a,10.715562,-55.739434,4.520999908447266,20.73853302001953,10.715831890946,-55.739911673963604,4.034416854381356,1.067074875655976,1.1206080262969065
SB74784_component_2146a,13.301814,-54.653183,4.543000221252441,20.744293212890625,13.301747903498645,-54.65340096708526,3.5206421500719522,1.2287457808029805,1.2903896583637717
SB74784_component_2150a,11.870807,-57.264194,4.354000091552734,18.767242431640625,11.870652030511803,-57.26439890556882,2.904521034163769,1.4274308338443458,1.4990423688931143
SB74784_component_2151a,19.124352,-55.560574,4.560999870300293,23.632123947143555,19.124556622744706,-55.560633377844084,4.100671322762,1.0591226714350734,1.1122568748641477
SB74784_component_2152a,18.608872,-57.888502,4.35099983215332,20.71904754638672,18.60944573788638,-57.888247211567894,5.276584801706853,0.7851946107133911,0.8245863556946669
SB74784_component_2155a,18.608574,-58.822051,4.485000133514404,19.24892807006836,18.608914090920276,-58.82176872054423,3.5929496206622127,1.188645904682242,1.2482780464613858
SB74784_component_2156a,20.638774,-53.474195,4.513000011444092,13.391691207885742,20.638327631001324,-53.47421928148053,4.4522290574262104,0.9652259751360878,1.013649556937444
SB74784_component_2159a,13.009529,-58.283106,4.771999835968018,18.713726043701172,13.009281901923224,-58.28377805321633,3.4886193791547826,1.3025307860818531,1.3678763193490515
SB74784_component_2164a,17.188554,-56.985271,4.578000068664551,25.153846740722656,17.18800392490546,-56.98581354721174,4.4992434411558095,0.9688966814252421,1.0175044156953885
SB74784_component_2165a,20.369674,-58.029683,4.931000232696533,24.77889633178711,20.370037179158683,-58.02992608202828,6.6345050421073815,0.7077300896294048,0.743235584478545
SB74784_component_2174a,17.510705,-52.900187,4.513999938964844,12.897143363952637,17.510815959069454,-52.900429881180784,4.266945425566933,1.00736214416753,1.0578996187571548
SB74784_component_2177a,19.62677,-53.714903,4.604000091552734,17.984375,19.627110488119285,-53.71535279421725,2.858771518487921,1.5335468304965063,1.610482006616573
SB74784_component_2179a,16.131566,-58.942795,4.751999855041504,24.879579544067383,16.131623658602276,-58.94291823118697,4.204602112007112,1.0761992384356789,1.13019014129094
SB74784_component_2182a,13.598427,-55.36803,4.8460001945495605,25.108808517456055,13.598641913370775,-55.368355180073394,4.186214231583136,1.1023084667532208,1.157609220758133
SB74784_component_2183a,18.16514,-55.553461,4.426000118255615,23.54255485534668,18.16524122655248,-55.55389593149419,4.596734947472596,0.9168602074603496,0.962857369161375
SB74784_component_2186a,15.462758,-52.924671,4.333000183105469,14.540268898010254,15.462783272972906,-52.92495969992928,3.5534561641981703,1.1611248261396776,1.2193762868841245
SB74784_component_2188a,21.950499,-57.722089,4.848999977111816,15.492012977600098,21.950935589682352,-57.72263248965839,3.18627268727122,1.4491402094827621,1.5218408633018115
SB74784_component_2189a,11.506119,-56.928153,4.829999923706055,23.221153259277344,11.506300762210653,-56.92836474458967,4.829458933527191,0.9523351457924268,1.0001120187967865
SB74784_component_2190a,20.090228,-56.910681,4.52400016784668,23.68586540222168,20.09026741964538,-56.9107123493826,3.731787384589677,1.1543749286106362,1.212287759621147
SB74784_component_2193a,16.639959,-57.473494,4.508999824523926,24.911602020263672,16.640328028744232,-57.473817865308064,3.5507880346448673,1.209195817854259,1.269858910340418
SB74784_component_2196a,11.922069,-55.847869,4.348999977111816,17.536291122436523,11.922247829484547,-55.84828141156159,3.99861093781535,1.0356700601164226,1.0876276899017092
SB74784_component_2198a,20.293817,-56.121996,4.547999858856201,21.657142639160156,20.294073599402616,-56.12232840815387,4.000157833844133,1.0826410268826139,1.136955102215453
SB74784_component_2200a,21.534458,-58.938346,4.546999931335449,13.737159729003906,21.534538648998808,-58.93841158097456,2.5135484717830643,1.7225778114366648,1.8089963183044935
SB74784_component_2203a,15.517762,-57.75072,4.557000160217285,23.734375,15.517665141569438,-57.75089056083894,3.907471210716361,1.1105149837813797,1.166227443396018
SB74784_component_2204a,15.797377,-55.948613,4.803999900817871,20.618024826049805,15.797687491560549,-55.94893344882131,3.775166641423968,1.211736050306642,1.2725265815036535
SB74784_component_2207a,10.218554,-57.919344,4.36299991607666,15.750901222229004,10.21872372208796,-57.91965465355916,3.457231285253854,1.2017051878035385,1.2619924893906247
SB74784_component_2208a,20.492286,-59.114422,4.301000118255615,15.197880744934082,20.4924875102593,-59.114839580976174,2.223754351995567,1.841720869086409,1.9341165603098005
SB74784_component_2210a,15.468512,-55.551963,4.567999839782715,16.550724029541016,15.468481450795046,-55.55233964811333,4.794430720570888,0.9072567297022839,0.952772102886657
SB74784_component_2211a,11.836416,-53.0665,4.738999843597412,13.979351043701172,11.836553667073598,-53.06650119715531,4.40323056725195,1.0248408619147267,1.0762552110813073
SB74784_component_2215a,10.020501,-56.801479,4.63700008392334,15.989655494689941,10.020915423912331,-56.80184391526968,3.771964657294098,1.1706057545558992,1.229332855745736
SB74784_component_2219a,9.702602,-55.092931,4.218999862670898,10.215496063232422,9.702011582273657,-55.09318368760036,4.74930173587794,0.8459036807130411,0.8883410861851649
SB74784_component_2220a,17.266212,-53.527249,4.431000232696533,21.720590591430664,17.266096250823384,-53.52745917360669,3.1948416379780586,1.320667841181542,1.3869232765793083
SB74784_component_2230a,14.250927,-52.795527,4.046000003814697,10.760638236999512,14.250849586813999,-52.7957945821413,3.9569636821384804,0.9736547353824567,1.0225011723201105
SB74784_component_2231a,17.218487,-55.462887,4.160999774932861,22.86263656616211,17.218354585661995,-55.46358504086693,4.059016957862574,0.9761532225758793,1.0251250039428241
SB74784_component_2232a,18.72304,-55.100771,4.473999977111816,22.369998931884766,18.722908372603136,-55.10101566835637,3.047376419296946,1.398012455291063,1.4681481253123314
SB74784_component_2233a,16.588649,-59.050305,4.817999839782715,23.733989715576172,16.58910111466571,-59.05053675761143,3.5806171094380943,1.2812977527846539,1.3455780644858737
SB74784_component_2238a,14.133737,-58.310951,4.849999904632568,21.748878479003906,14.133562914847044,-58.31116312435055,3.3892727385838937,1.3626250777600568,1.430985429239606
SB74784_component_2239a,13.623334,-59.012961,4.209000110626221,18.379913330078125,13.623615023320069,-59.01293375169826,3.3071476994564577,1.2118992360642926,1.2726979539855405
SB74784_component_2243a,13.754388,-55.394593,4.169000148773193,23.822858810424805,13.754592835385688,-55.394976532367195,3.2317538807603996,1.2283858283111189,1.2900116477286534
SB74784_component_2244a,14.813829,-53.793297,4.488999843597412,21.376190185546875,14.813782227055565,-53.793476696690576,3.8139247606623954,1.1207755156222214,1.1770027269278829
SB74784_component_2245a,19.256606,-58.472054,4.5,19.480518341064453,19.257108506024778,-58.47255915695277,3.55643868605454,1.2048649029633187,1.265310721549999
SB74784_component_2252a,18.265756,-55.266512,4.201000213623047,24.143680572509766,18.2656604154632,-55.266794411216644,4.00212419735094,0.999547201313993,1.0496926148378267
SB74784_component_2254a,17.94526,-54.5054,4.622000217437744,20.633928298950195,17.9452163588144,-54.505664061860074,4.379219405140173,1.0050193485637249,1.0554392894799023
SB74784_component_2265a,19.449789,-57.281522,4.039999961853027,21.263158798217773,19.45025134773634,-57.28169185260408,3.388543410693029,1.1352969549936558,1.192252679751493
SB74784_component_2274a,17.507397,-54.595293,4.4039998054504395,21.694580078125,17.507249539651255,-54.595239698304326,3.484095411367115,1.2036450033811665,1.2640296218875262
SB74784_component_2279a,10.554625,-56.919926,4.2829999923706055,17.995798110961914,10.555617200168738,-56.919961759234674,3.822060606998923,1.0670669527957974,1.1205997059616517
SB74784_component_2280a,17.972752,-56.627862,3.874000072479248,16.626609802246094,17.972373306884126,-56.62808408099273,3.600595168630706,1.024534284249865,1.0759332529884267
SB74784_component_2282a,17.08324,-58.759895,3.759000062942505,18.889448165893555,17.083568543859982,-58.76014478659465,3.3358871773062124,1.0730059860030734,1.1268366893564918
SB74784_component_2283a,16.219303,-58.24163,4.434000015258789,24.09782600402832,16.219456013763722,-58.24179777142348,4.205585562482248,1.003946067581096,1.0543121639978537
SB74784_component_2285a,20.534445,-57.728339,4.494999885559082,20.810184478759766,20.534289064761044,-57.7286208363193,3.1276660662543696,1.3685178693416709,1.4371738511529155
SB74784_component_2288a,15.709991,-57.623496,4.584000110626221,25.186813354492188,15.709898410866131,-57.623819302702856,3.0843141519416495,1.4152304969126412,1.486229963877215
SB74784_component_2290a,16.851861,-59.55537,4.210000038146973,16.381322860717773,16.85184792925195,-59.555584194949816,3.321032959632293,1.207118983374507,1.267677884959355
SB74784_component_2295a,13.622553,-58.750616,4.0929999351501465,17.873361587524414,13.622784198506617,-58.75098832442265,3.595036893767601,1.0841254805209883,1.1385140281163233
SB74784_component_2298a,20.894086,-58.937625,3.996999979019165,15.373077392578125,20.89403518673541,-58.93789177212427,4.144702164815238,0.918294501378796,0.9643636189229879
SB74784_component_2300a,18.403729,-56.002978,4.140999794006348,22.628414154052734,18.403708037116147,-56.00312800074222,3.786003998264249,1.0415144659941564,1.0937652986908761
SB74784_component_2301a,17.237211,-52.877428,4.354000091552734,11.961539268493652,17.2378731473677,-52.87786073329588,3.6666474614780293,1.1307339811838828,1.1874607900803293
SB74784_component_2311a,14.081961,-57.569771,4.52400016784668,24.063831329345703,14.081866675811444,-57.56999080272539,3.827509554346169,1.1255051710541508,1.181969660326423
SB74784_component_2312a,13.792023,-53.946995,3.7109999656677246,17.260465621948242,13.792118564904802,-53.94712298316213,3.411747890318074,1.0357505782657954,1.087712247496034
SB74784_component_2316a,21.430739,-56.986372,4.223999977111816,16.963855743408203,21.43080498677684,-56.98656529977944,2.792831792520504,1.4401916654391123,1.5124433875409649
SB74784_component_2322a,14.296755,-56.165797,4.703999996185303,27.034482955932617,14.297232293505898,-56.166335513204324,4.049855835302355,1.1060351134635482,1.1615228263635489
SB74784_component_2326a,13.975469,-58.56827,4.136000156402588,19.884614944458008,13.975554012027777,-58.56841858514873,3.7084844191990802,1.0620018018161201,1.1152804458312482
SB74784_component_2330a,13.752374,-53.272267,4.567999839782715,16.198579788208008,13.752555095470633,-53.272062808593375,3.5327261981540414,1.2312812520263252,1.2930523294360134
SB74784_component_2333a,9.943133,-56.702848,3.7730000019073486,13.475000381469727,9.943287135487171,-56.70311874786441,3.1855356960247807,1.1278348112503322,1.1844161742138575
SB74784_component_2334a,11.601015,-57.934882,3.9820001125335693,16.121458053588867,11.601385546921716,-57.935060696208865,3.8155455902317077,0.9937697815672066,1.043625352748505
SB74784_component_2335a,9.9308,-57.927187,4.031000137329102,11.550143241882324,9.930702654489576,-57.92768654110033,3.8285642411016965,1.0025776988680373,1.0528751467858752
SB74784_component_2336a,15.540676,-55.68472,4.0229997634887695,13.637288093566895,15.54072773896528,-55.68520013264194,3.753071686883046,1.0207145673217526,1.071921908006479
SB74784_component_2337a,11.858723,-55.274893,3.9140000343322754,19.472637176513672,11.858817019988937,-55.27523789021423,2.646522444736256,1.4082715618705186,1.4789219120801118
SB74784_component_2338a,12.385107,-58.31884,3.928999900817871,11.87009048461914,12.385104069978738,-58.31920658510259,3.0565350240252367,1.2240349177760843,1.2854424601500758
SB74784_component_2344a,17.852079,-54.595795,4.048999786376953,19.751218795776367,17.85207505304343,-54.595938902163,3.412614325981247,1.1298003632820186,1.1864803343145796
SB74784_component_2345a,19.428253,-53.590915,3.7730000019073486,13.92250919342041,19.42872851971332,-53.59104156009341,4.11853774184442,0.8723382607265718,0.9161018396343923
SB74784_component_2348a,14.049528,-55.621014,4.046999931335449,21.994564056396484,14.049921310734655,-55.62078972717329,4.1205381964007834,0.9352342831521728,0.9821532378635469
SB74784_component_2350a,11.543919,-54.191651,3.86299991607666,17.017620086669922,11.543855635691234,-54.19175907958905,4.266285362186116,0.8622157730886846,0.9054715257249446
SB74784_component_2351a,13.18697,-54.338161,4.0279998779296875,19.0,13.186835996293679,-54.33843022607622,4.249110534556424,0.9026774340597794,0.9479630725469421
SB74784_component_2353a,22.106985,-57.93385,4.186999797821045,10.989500045776367,22.106704194252977,-57.93390031631115,2.5725026966005924,1.5498450016814105,1.6275978265655129
SB74784_component_2354a,12.84531,-57.320961,4.381999969482422,18.489450454711914,12.845150709427836,-57.3215486559571,2.6149069627188,1.595722227352236,1.6757766268388838
SB74784_component_2357a,20.872754,-57.318912,4.396999835968018,19.034631729125977,20.87322684965759,-57.31889520364914,3.5194545088180686,1.1896583554117173,1.249341289950258
SB74784_component_2360a,17.175909,-55.351116,4.061999797821045,22.56666374206543,17.176034910980214,-55.3513156549719,3.0380552448053635,1.2731670673086068,1.3370394777272332
SB74784_component_2363a,20.461375,-56.665902,3.888000011444092,18.083721160888672,20.461558286392933,-56.666000884586175,3.3447442155675025,1.10689012251278,1.1624207296175606
SB74784_component_2367a,21.279715,-53.763605,4.563000202178955,12.007895469665527,21.28029428113659,-53.764146986797776,5.123138055961175,0.848116660445259,0.8906650869713622
SB74784_component_2369a,18.712555,-58.876133,3.9140000343322754,18.120370864868164,18.71259163164642,-58.87655883863505,2.5461355081565062,1.4637957346868031,1.5372316287934542
SB74784_component_2374a,21.48836,-57.908602,3.947999954223633,15.482353210449219,21.488180763038322,-57.90879421550646,2.6803453896955163,1.4025796836510607,1.4729444829765468
SB74784_component_2375a,19.821222,-59.479009,4.064000129699707,12.54321002960205,19.821207269927456,-59.47879169416329,3.757564985401485,1.0298841601851403,1.081551522192897
SB74784_component_2376a,10.119891,-58.072759,3.934999942779541,13.24915885925293,10.12062607004356,-58.07305481947518,3.394181410475577,1.1039536649616963,1.1593369554835276
SB74784_component_2378a,13.858053,-58.123884,4.041999816894531,18.20720672607422,13.85808614880856,-58.124131641883054,3.085033002583301,1.2476065350755308,1.3101966214007756
SB74784_component_2382a,13.060786,-53.677344,3.871999979019165,17.520360946655273,13.06097120189633,-53.67758804094335,3.7855859405046313,0.9739651155623029,1.0228271236930404
SB74784_component_2387a,11.237945,-57.36087,3.562000036239624,14.65843677520752,11.238142791811788,-57.3612078125335,3.7035423866609114,0.9158361158343281,0.9617819007739503
SB74784_component_2388a,21.125743,-58.645836,4.078000068664551,16.247013092041016,21.125518613167657,-58.6460257986809,2.9645134615838447,1.3098904256057846,1.3756051782223333
SB74784_component_2392a,17.686636,-58.100919,3.9230000972747803,22.417142868041992,17.687052514275294,-58.10123255130716,2.9309480969496846,1.2745337991151129,1.338474775912119
SB74784_component_2393a,14.623971,-52.812248,4.156000137329102,11.417583465576172,14.624486671501689,-52.81242283798572,3.0339904598359926,1.304375125429406,1.369813185751995
SB74784_component_2395a,13.439692,-57.883352,4.051000118255615,18.004446029663086,13.439951129650026,-57.8828538937171,3.677398668649137,1.0489691289394436,1.1015939481328298
SB74784_component_2396a,17.095413,-53.529066,3.9519999027252197,18.21198081970215,17.09519528486884,-53.52960045491807,3.752695413209285,1.002801037457874,1.053109689855029
SB74784_component_2399a,18.287032,-55.198105,4.25,22.727272033691406,18.287227901087892,-55.19829301026708,3.575845413766153,1.1317522332515315,1.18853012594966
SB74784_component_2400a,19.204774,-54.111266,4.252999782562256,18.986604690551758,19.204621638711057,-54.111435345280064,3.4847163248656856,1.1621684905248886,1.2204723099594579
SB74784_component_2401a,9.712868,-56.904274,3.8550000190734863,11.371682167053223,9.712919188173537,-56.90472127443708,3.565448834088395,1.0295592428443503,1.081210304356849
SB74784_component_2403a,16.619438,-59.720436,4.439000129699707,13.785715103149414,16.619627209826984,-59.72039864376431,2.71831239166952,1.554987701799506,1.6329985263295597
SB74784_component_2409a,15.787514,-53.654343,3.7660000324249268,20.467391967773438,15.78758780753979,-53.65458239845253,3.2437860431551546,1.1055268234278408,1.1609890363674624
SB74784_component_2412a,21.412458,-58.050399,3.816999912261963,14.40377426147461,21.412635251108554,-58.05083285704609,3.4546406798522904,1.052108266812628,1.1048905706816274
SB74784_component_2417a,12.198674,-56.290428,3.888000011444092,20.25,12.199049649420534,-56.290653025994565,2.4512098431216045,1.510382452539685,1.5861555151446118
SB74784_component_2422a,16.951221,-53.282945,3.635999917984009,13.984615325927734,16.951387812795534,-53.28369446419912,3.831155168220015,0.9037229026210579,0.949060990310482
SB74784_component_2424a,10.585345,-57.032566,3.753999948501587,15.448559761047363,10.585601212586942,-57.032888758655005,3.110100355102262,1.1493730910163842,1.2070349891902936
SB74784_component_2425a,14.892585,-56.918545,4.114999771118164,15.469923973083496,14.892747823669628,-56.91891541901661,3.0911238198325566,1.2676360439309424,1.3312309732520096
SB74784_component_2431a,14.22133,-54.226247,4.210000038146973,21.370559692382812,14.221054772928696,-54.22657063342129,2.88497618971686,1.3895719293191142,1.4592841539396395
SB74784_component_2432a,18.910346,-54.07424,3.7950000762939453,16.21794891357422,18.90994461104605,-54.074859875097104,3.763180985998129,0.9602799230913273,1.008455370712758
SB74784_component_2437a,18.017021,-57.847794,4.203999996185303,21.670103073120117,18.0165672656999,-57.84804410769814,3.3973126012032826,1.1783338741744795,1.237448680670805
SB74784_component_2445a,12.256041,-59.255085,4.178999900817871,14.070707321166992,12.255912027442886,-59.255015370741496,2.8541361190328853,1.3942441952407132,1.4641908187034582
SB74784_component_2446a,14.238961,-57.750886,3.9860000610351562,18.118183135986328,14.239136814324723,-57.75123167594451,4.255073761565602,0.8920133904430143,0.93676403380809
SB74784_component_2447a,13.517665,-53.635643,3.750999927520752,17.52803611755371,13.518225837077454,-53.635552357027336,3.484311400298642,1.0251118636512908,1.07653980846811
SB74784_component_2451a,9.518587,-58.253487,3.884000062942505,10.010309219360352,9.518049150714116,-58.253523606939396,3.5034172883501884,1.0556708394306413,1.1086318709044045
SB74784_component_2452a,17.1396,-54.197065,3.6610000133514404,19.370370864868164,17.139771124877427,-54.19725873945205,3.9804516332420548,0.8758072683689989,0.9197448809017627
SB74784_component_2453a,14.369253,-54.125125,3.8480000495910645,21.02732276916504,14.369160698293141,-54.124990871639305,3.7215552184097067,0.9845817183122898,1.0339763415455623
SB74784_component_2455a,15.734664,-56.743452,3.8510000705718994,17.269058227539062,15.734722850020267,-56.74371215357388,3.377767378569527,1.0856377974442795,1.1401022151509987
SB74784_component_2456a,16.150198,-56.413226,3.5969998836517334,16.130043029785156,16.150366984049697,-56.41352923439602,3.3048275590047527,1.0364128428839776,1.088407736691402
SB74784_component_2464a,12.840303,-55.626605,4.294000148773193,22.84042739868164,12.840484163683964,-55.62690545439495,3.0076643201215276,1.3594832375902657,1.427685968825035
SB74784_component_2465a,10.369216,-55.210586,3.7750000953674316,13.292253494262695,10.369113790072586,-55.210752674017755,3.2097867639251,1.1199069784976987,1.176090616920346
SB74784_component_2466a,12.190997,-52.88334,4.171999931335449,10.808289527893066,12.190978046156184,-52.8836273057671,3.8238836153722753,1.0389168567080653,1.091037372205504
SB74784_component_2467a,12.100322,-54.141986,4.263999938964844,19.832557678222656,12.100170925322058,-54.142343349069286,3.002685398003897,1.3522236382366633,1.4200621689503117
SB74784_component_2469a,17.824028,-56.433797,3.802000045776367,20.440860748291016,17.824397008210582,-56.43419686036818,3.4548910021808488,1.047897810905219,1.1004688840766355
SB74784_component_2470a,19.092799,-55.994809,3.8310000896453857,18.24285888671875,19.09291226847353,-55.994960304158965,3.2344575279059202,1.1278513797976522,1.1844335739742065
SB74784_component_2472a,16.915288,-59.496303,3.7760000228881836,14.523077964782715,16.915556747973003,-59.496726517843975,3.3139597457590093,1.0849904741517151,1.1394224168596083
SB74784_component_2474a,11.490724,-55.516895,4.2729997634887695,20.347618103027344,11.490795171776066,-55.5171302089508,3.3852187387760475,1.2019524812306477,1.2622521890664313
SB74784_component_2478a,19.655075,-58.627879,3.5290000438690186,15.825112342834473,19.65539053257835,-58.62830064355704,3.232296969549387,1.0396366340611005,1.09179325944206
SB74784_component_2480a,15.182081,-53.347519,3.6429998874664307,16.191110610961914,15.18236408769153,-53.3476286219158,3.3369677606947588,1.039557013455125,1.0917096444192065
SB74784_component_2482a,20.562428,-53.896401,4.060999870300293,14.10069465637207,20.562514948246584,-53.89637297691105,2.7809271389039076,1.3905433453438267,1.4603043040893626
SB74784_component_2483a,10.734026,-57.674999,3.8010001182556152,14.789883613586426,10.734240335143122,-57.67533587522399,3.217115654901657,1.1250514270835534,1.1814931528695094
SB74784_component_2484a,19.071244,-53.248336,4.135000228881836,13.46905517578125,19.07095497618362,-53.24856338686072,2.2328670980181675,1.7634121525771589,1.851879241962923
SB74784_component_2488a,20.187827,-59.070745,3.684000015258789,14.677291870117188,20.187940226296227,-59.07076581797311,2.5867503214402117,1.3561454692885595,1.4241807509306377
SB74784_component_2494a,11.911041,-56.394872,3.938999891281128,17.98630142211914,11.911295305888688,-56.39531640145736,2.7759172853115124,1.351203039212106,1.4189903683816338
SB74784_component_2495a,17.921319,-56.719936,3.808000087738037,18.666667938232422,17.921774891575936,-56.720225424329136,2.7758675257804546,1.3062893294624611,1.3718234218210363
SB74784_component_2496a,22.093682,-57.966845,4.176000118255615,11.076923370361328,22.09325927804738,-57.96662274936618,4.240499979043594,0.9377446663496558,0.9847895622905942
SB74784_component_2500a,16.01227,-56.590427,3.818000078201294,19.28282928466797,16.012747901190835,-56.5906031990281,2.806969284942485,1.2952077616712312,1.360185912500829
SB74784_component_2502a,11.473467,-56.0212,4.040999889373779,18.622119903564453,11.473896605788477,-56.021495452836355,2.9357749236023456,1.3107119161449459,1.3764678814053177
SB74784_component_2507a,20.193567,-58.733243,3.871000051498413,18.791261672973633,20.19401994607616,-58.733307198190694,3.455571907905421,1.0667051899919573,1.1202197941945888
SB74784_component_2508a,18.793438,-55.856246,4.079999923706055,20.71065902709961,18.793675219347662,-55.856476725021075,3.393669549300659,1.1448056631299737,1.2022384219897986
SB74784_component_2509a,20.28359,-53.926307,3.8949999809265137,13.384879112243652,20.28358670968821,-53.9267274372971,2.8709951953997312,1.2918621078763068,1.3566724135127677
SB74784_component_2514a,15.667862,-56.210948,3.680000066757202,14.661355972290039,15.667583431288996,-56.21141231876665,3.891586938523062,0.9004555003098105,0.9456296685366712
SB74784_component_2524a,16.985917,-59.376334,3.8510000705718994,15.913223266601562,16.986538160024676,-59.37658992350042,2.301541842150248,1.5932936216894418,1.6732261825724828
SB74784_component_2526a,12.838988,-58.100654,3.936000108718872,16.677967071533203,12.83933634045611,-58.100623141969024,2.8351178411399522,1.3219808149571797,1.3883021197934664
SB74784_component_2534a,15.33883,-53.008837,3.36299991607666,11.967971801757812,15.338970213355367,-53.009153657389916,2.780239975959053,1.1518229794237709,1.2096077839167758
SB74784_component_2536a,19.643288,-54.298445,3.6610000133514404,14.245136260986328,19.643535487632917,-54.298733152943456,3.3723686784508784,1.0337269747701525,1.085587123597989
SB74784_component_2538a,11.110422,-53.98844,3.9059998989105225,14.466665267944336,11.109759607348526,-53.98866543490011,3.48190083561618,1.0682108754935342,1.1218010171215262
SB74784_component_2545a,20.175043,-58.62915,4.070000171661377,18.842592239379883,20.17496862628417,-58.62940532023268,3.030699414547227,1.2787708512284817,1.342924393004978
SB74784_component_2546a,20.215414,-56.133442,3.421999931335449,17.02487564086914,20.215565072025818,-56.133803731462784,2.835824873981824,1.1490574813940029,1.2067035460234778
SB74784_component_2548a,12.399193,-55.433588,4.058000087738037,19.41626739501953,12.399311035850868,-55.43385533069238,3.5636388608123095,1.0843251517421069,1.1387237164691377
SB74784_component_2549a,15.1549,-54.301636,3.8359999656677246,19.373737335205078,15.154516906008169,-54.302170657228345,3.2370962464006126,1.1284027820129272,1.1850126390072722
SB74784_component_2550a,20.77305,-59.41513,3.871999979019165,11.031338691711426,20.77360219511906,-59.41561567146512,3.0306212887910577,1.216591680937281,1.277625810040997
SB74784_component_2559a,13.41749,-58.233677,3.5230000019073486,14.497941970825195,13.417540255131053,-58.233836264507644,3.289239074370309,1.0199018238051067,1.071068390667769
SB74784_component_2560a,10.260821,-56.857208,3.8499999046325684,14.365671157836914,10.26202487305775,-56.85700515546871,4.007605515521316,0.9147805432596346,0.9606733720975413
SB74784_component_2563a,11.520209,-54.082705,3.3559999465942383,15.254545211791992,11.519243871297663,-54.08322998817055,3.441145598526528,0.92866710542622,0.9752565971144178
SB74784_component_2567a,21.000963,-56.092289,3.743000030517578,17.4093017578125,21.00131847096569,-56.09257055570579,3.3811658350522857,1.0541308522646133,1.107014625462669
SB74784_component_2570a,12.807106,-53.807212,3.571000099182129,16.23181915283203,12.806996621451699,-53.80723868500623,3.1440674328090905,1.0815315075572627,1.1357899203808082
SB74784_component_2575a,20.881819,-53.769571,3.309999942779541,10.0,20.881947642248594,-53.76998990080814,2.774248130096702,1.136119071147935,1.1931160399355354
SB74784_component_2579a,14.27504,-54.743393,3.384000062942505,18.39130401611328,14.274727819959962,-54.74352426872286,2.384978784840458,1.3510984881704138,1.4188805722097337
SB74784_component_2580a,11.593923,-56.536479,3.7239999771118164,18.43564224243164,11.594502852346563,-56.53695288264379,2.825924007479708,1.2548457856699315,1.317799051657109
SB74784_component_2581a,10.43565,-58.088008,3.681999921798706,12.740484237670898,10.435869951033165,-58.08825280067324,3.3374161386572436,1.05054480381956,1.103248671674519
SB74784_component_2584a,18.008218,-59.012719,3.747999906539917,17.679244995117188,18.008050426830085,-59.01276120644409,2.599383113208934,1.3729997050270342,1.4418805321517296
SB74784_component_2585a,17.125965,-58.695721,3.4739999771118164,16.946340560913086,17.12587627582592,-58.69598075631331,3.0968989873280157,1.0681787573212218,1.121767287640583
SB74784_component_2587a,19.111902,-57.076958,3.503999948501587,18.44210433959961,19.112021577101288,-57.07704833148632,3.3593279143766854,0.9932369283330694,1.043065767264267
SB74784_component_2593a,11.202473,-56.701798,3.246000051498413,14.621622085571289,11.203097021728478,-56.70198320472964,3.086716902747168,1.0013661074205373,1.0516027720616308
SB74784_component_2600a,9.579117,-55.926693,3.8580000400543213,10.776535987854004,9.579934074675007,-55.92698154532544,2.6444925541716517,1.3891880699919426,1.4588810371079992
SB74784_component_2601a,19.269209,-57.664566,3.621000051498413,16.920560836791992,19.269213077493042,-57.664687672081826,3.0139225234795024,1.14403052570723,1.201424397372383
SB74784_component_2602a,10.349957,-56.303793,3.433000087738037,13.30620288848877,10.35038586582315,-56.304051342497104,2.822628403467862,1.1581405634365796,1.2162423093030157
SB74784_component_2604a,16.176452,-58.66006,3.877000093460083,20.956756591796875,16.176442203399496,-58.66016270467456,2.5913813159286665,1.4246417062156775,1.4961133159481366
SB74784_component_2605a,10.252279,-58.012733,3.5739998817443848,13.237035751342773,10.252302804873459,-58.0128866808979,4.181132017832317,0.8139576684824723,0.8547924022732255
SB74784_component_2607a,12.191268,-57.342439,3.503999948501587,13.074625968933105,12.191116683937993,-57.342585942383494,3.5158864564226135,0.9490091845383448,0.9966192002875084
SB74784_component_2610a,13.923699,-57.843054,3.86299991607666,16.508546829223633,13.923793648527775,-57.84333584875432,3.3587067508547532,1.095200862902995,1.150145041716896
SB74784_component_2611a,19.705522,-53.537354,3.8269999027252197,14.226765632629395,19.705299421751622,-53.53785244007901,3.2879908942761165,1.1083298010908802,1.1639326341771306
SB74784_component_2613a,17.909564,-54.746266,3.7750000953674316,18.414634704589844,17.90913376086958,-54.746595155543105,3.462735946536896,1.0380989633368694,1.0901784466536737
SB74784_component_2618a,21.071574,-55.994418,3.259999990463257,14.553570747375488,21.071650488253827,-55.99472729811441,3.4288346687429243,0.905341064848727,0.9507603327104817
SB74784_component_2620a,21.199959,-54.206417,3.7829999923706055,11.463635444641113,21.20059232046814,-54.20703628408333,2.6898079045747743,1.3392333036245807,1.4064201335480317
SB74784_component_2621a,18.458216,-55.036936,3.321000099182129,17.030771255493164,18.458657832029665,-55.037262882098574,3.434865123970886,0.9206623132951018,0.9668502195343487
SB74784_component_2622a,16.176087,-53.590832,3.6649999618530273,18.417085647583008,16.17587208548787,-53.590882043311915,3.2090565506377096,1.087521295305962,1.142080204577483
SB74784_component_2623a,17.368279,-59.728942,3.7760000228881836,11.477204322814941,17.36858867278328,-59.72898682782632,2.845153254455997,1.2637683928763475,1.3271692893781104
SB74784_component_2624a,14.551775,-55.761327,3.5490000247955322,20.754384994506836,14.551730996663547,-55.76180123737301,3.5054044315773223,0.9640710391842955,1.0124366800091575
SB74784_component_2625a,10.204592,-58.772375,3.86899995803833,11.941357612609863,10.204414049956078,-58.77262642088806,2.8088920517283795,1.3116103697663286,1.377411408764406
SB74784_component_2626a,14.944676,-54.443603,3.7330000400543213,20.510990142822266,14.944266856615364,-54.44403487981415,2.8941831470769896,1.2282114734998206,1.2898285458625878
SB74784_component_2629a,17.362937,-54.319993,3.319999933242798,17.0256404876709,17.362337016554324,-54.320312374005304,2.6849110337526456,1.1774686180132454,1.2365400162263482
SB74784_component_2630a,14.662874,-57.803663,3.306999921798706,14.193133354187012,14.66296842496594,-57.803810868140275,4.35874931828233,0.7224594197417269,0.7587038575326716
SB74784_component_2631a,15.243933,-59.185096,3.3269999027252197,15.474417686462402,15.243400679307825,-59.18527205532192,3.0030230981083275,1.0549582707789689,1.1078835540162753
SB74784_component_2634a,18.644568,-55.792787,3.4619998931884766,18.918031692504883,18.644435866739485,-55.793127907546754,2.7917971722914783,1.1808217741956233,1.240061393982609
SB74784_component_2636a,19.92447,-59.24814,3.3589999675750732,11.785964965820312,19.924391429319996,-59.24858161112077,3.0497788523943936,1.0487761842915548,1.1013913238128425
SB74784_component_2638a,11.867444,-57.223358,3.8420000076293945,16.560344696044922,11.867931211383532,-57.223303340719234,3.073815059590814,1.1902023218651259,1.2499125461831921
SB74784_component_2640a,13.191778,-58.690944,3.5439999103546143,14.232931137084961,13.192206315192209,-58.691217977744884,3.0974021413383066,1.08952518522133,1.1441846259018031
SB74784_component_2642a,12.459635,-56.455951,3.427999973297119,18.630434036254883,12.459450950132858,-56.45607248666113,3.1526348125208896,1.0354003531378921,1.0873444522285294
SB74784_component_2643a,11.109442,-58.978691,3.1459999084472656,10.181229591369629,11.110325514914456,-58.97902361663422,2.2176230889664614,1.3508655823751825,1.4186359819663859
SB74784_component_2646a,20.966081,-56.658541,3.4260001182556152,15.934884071350098,20.966357271899028,-56.659094403345534,3.5884274068642514,0.9091266199325833,0.9547358020123435
SB74784_component_2648a,14.793097,-58.654638,3.3340001106262207,17.010204315185547,14.792978857943194,-58.655062247260666,2.710394318892836,1.1713165976911744,1.2300793605515379
SB74784_component_2649a,11.228517,-57.785151,3.1059999465942383,12.995816230773926,11.228723666410112,-57.78514139059857,2.9171499566918366,1.0138736940736028,1.064737840942728
SB74784_component_2650a,18.892201,-57.988227,3.924999952316284,19.334976196289062,18.89267779955509,-57.988398599717826,3.750793420193897,0.9964549665185992,1.0464452484065043
SB74784_component_2651a,14.188885,-55.35116,3.7639999389648438,20.45652198791504,14.189121734732002,-55.35180527813186,3.075572426248889,1.1653726323032374,1.2238371975377582
SB74784_component_2658a,15.48044,-55.320568,3.1730000972747803,11.055749893188477,15.480639431896146,-55.32072519815222,3.166221156660303,0.9542672178570871,1.0021410193031581
SB74784_component_2659a,17.127744,-59.264438,3.802000045776367,16.53043556213379,17.1282709191969,-59.264642144083055,2.460638525792413,1.4713143276237866,1.5451274154752122
SB74784_component_2661a,15.647056,-58.425731,3.621999979019165,19.06315803527832,15.647753178312115,-58.42606349747518,2.709941386782115,1.2727107476424255,1.336560265356906
SB74784_component_2662a,17.05207,-54.406324,3.2860000133514404,16.68020248413086,17.051498889823442,-54.40649605026733,2.448733554119397,1.277812682868995,1.3419181551310664
SB74784_component_2663a,12.422268,-53.863322,3.303999900817871,14.427947044372559,12.422255846733993,-53.86347313335896,2.8776947992211594,1.0932927281669826,1.148141179430178
SB74784_component_2666a,20.426826,-55.406178,3.8440001010894775,19.02970314025879,20.426955442359393,-55.40666650363455,2.7481950974805764,1.3319164895594928,1.3987362486067625
SB74784_component_2667a,20.190806,-54.783573,3.4639999866485596,13.967741966247559,20.19124653867477,-54.78381399208168,2.8481326827802467,1.1581340490470444,1.2162354680987422
SB74784_component_2670a,12.29624,-57.267203,3.5169999599456787,14.715481758117676,12.296430006749455,-57.267209655550396,3.8433038111386617,0.8713824575482019,0.9150980855983102
SB74784_component_2671a,11.381401,-55.01259,3.7839999198913574,16.524017333984375,11.381134581566117,-55.013135303321675,2.733144828274591,1.3183467075527693,1.3844856960178584
SB74784_component_2674a,10.577621,-58.936949,3.5360000133514404,10.813455581665039,10.57787226668788,-58.937128956918436,2.7774244781313944,1.2123029585531546,1.273121930476541
SB74784_component_2675a,14.436261,-57.297575,3.440999984741211,18.5,14.43660766440746,-57.2980575096817,2.7679737992353384,1.1837605472347534,1.2431475997683932
SB74784_component_2677a,10.770646,-57.875701,3.0840001106262207,12.485830307006836,10.770979319827974,-57.87600826200593,3.0524581945623748,0.9620681251793737,1.0103332835548853
SB74784_component_2687a,16.323591,-58.583285,3.1700000762939453,16.256410598754883,16.324303446919593,-58.58345572015228,2.6571299062581804,1.1360243779438746,1.1930165961505428
SB74784_component_2688a,21.670629,-55.825605,3.1459999084472656,10.737200736999512,21.670070134455226,-55.825867391949544,2.6526501265296765,1.1293274886139852,1.185983736408922
SB74784_component_2689a,16.984394,-56.266794,3.4230000972747803,17.201005935668945,16.984461320204957,-56.267528378815925,3.2493945394562074,1.0031032348592428,1.0534270479347905
SB74784_component_2690a,17.924999,-57.682405,3.7709999084472656,19.142131805419922,17.92473950914752,-57.68275995099615,2.944271084881087,1.2196069590685705,1.2807923590363175
SB74784_component_2691a,15.031291,-54.078038,3.069999933242798,16.157894134521484,15.031103772040309,-54.0783976630524,3.1029090718133996,0.9421292397449403,0.989394101532157
SB74784_component_2692a,14.898159,-57.273495,3.2060000896453857,15.950248718261719,14.898524237628923,-57.27391566460598,2.511484209622241,1.2155539641098392,1.2765360329012814
SB74784_component_2695a,13.117185,-55.826877,3.6630001068115234,20.126375198364258,13.117282599992137,-55.82731507161533,3.3645340684731737,1.0367001631579453,1.088709471286107
SB74784_component_2698a,10.74063,-58.296212,3.302999973297119,13.318548202514648,10.74067055013814,-58.296423358805285,2.7566743459237983,1.1409438489031742,1.1981828677664281
SB74784_component_2700a,17.200975,-56.889259,3.0799999237060547,17.4011287689209,17.201746097008563,-56.88967407997358,3.0321697560758687,0.9672491570269901,1.0157742380796273
SB74784_component_2705a,20.305923,-54.693196,3.1519999504089355,11.76119327545166,20.30561582278724,-54.69342873907628,2.725144927099188,1.10138146655824,1.156635714697243
SB74784_component_2707a,16.41852,-59.16915,3.444999933242798,15.1762113571167,16.41812978504909,-59.16920447144127,2.47811322464568,1.3237599523558006,1.3901705131876545
SB74784_component_2708a,10.61528,-55.101578,3.2799999713897705,13.119999885559082,10.61559646317363,-55.10161046777882,2.8230096677968826,1.1063757298540144,1.1618805308412314
SB74784_component_2711a,12.76197,-55.223364,3.7300000190734863,18.649999618530273,12.762052891161638,-55.22349915522926,3.7404680900819853,0.9495635724454118,0.9972014007989386
SB74784_component_2715a,10.999434,-56.407094,3.5209999084472656,17.964284896850586,10.999971969783125,-56.40724413600574,3.0703754222543433,1.091982550611884,1.1467652727177131
SB74784_component_2718a,15.233379,-58.302306,3.2039999961853027,16.863157272338867,15.232793337207013,-58.3022695413864,2.4701711512649696,1.2351128136571594,1.2970761133472637
SB74784_component_2722a,17.735046,-55.174031,3.509000062942505,19.9375,17.735371094459477,-55.17462926539305,3.0229745617272092,1.1053251431911912,1.1607772382105657
SB74784_component_2723a,19.537201,-54.208761,3.3489999771118164,13.504032135009766,19.537329937119196,-54.209077135743435,2.112757886919452,1.5094077611965233,1.5851319253598393
SB74784_component_2725a,18.514583,-53.155936,3.1549999713897705,10.551839828491211,18.514453843891054,-53.15590883216159,2.6196622070623725,1.1468199272816328,1.2043537380064406
SB74784_component_2729a,18.701223,-53.328407,3.3499999046325684,10.436136245727539,18.701028937330744,-53.32863472339442,2.7676237504033367,1.1526007865202057,1.210424612140418
SB74784_component_2734a,20.731725,-54.257407,3.4739999771118164,12.45161247253418,20.731811054081597,-54.25717362207169,3.35803480742668,0.9851123950583465,1.034533641351384
SB74784_component_2751a,19.058303,-55.506683,3.1730000972747803,16.27179527282715,19.058459620963283,-55.506876555326386,2.700363569717401,1.1188941697219956,1.1750269974227365
SB74784_component_2757a,16.367022,-55.42229,3.0309998989105225,13.235807418823242,16.36735274003081,-55.42280496647526,2.9348522753143222,0.9834240877320128,1.0327606348043201
SB74784_component_2758a,13.203801,-53.7593,3.3989999294281006,15.17410659790039,13.204047739936945,-53.75931420843697,3.1130490536534596,1.0396959619882344,1.0918555637403304
SB74784_component_2761a,14.394828,-53.685248,3.2790000438690186,15.688995361328125,14.394923003947108,-53.685200978760726,2.92244372079307,1.068406279278115,1.1220062239484938
SB74784_component_2763a,9.985534,-56.412579,3.2699999809265137,11.084746360778809,9.986010584959725,-56.412931097451036,2.7421595290299594,1.1355236896058112,1.1924907892150527
SB74784_component_2764a,18.839036,-56.870603,3.25,16.839378356933594,18.8392109694473,-56.87091079642626,2.9399450314967055,1.0526532031493654,1.1054628454551232
SB74784_component_2767a,16.575681,-58.074861,3.371000051498413,17.93085289001465,16.57513767401551,-58.07497908075407,2.9460654089944844,1.089576028964237,1.1442380203801932
SB74784_component_2772a,15.066478,-59.455263,3.575000047683716,13.240740776062012,15.066141120121063,-59.45476107142547,2.655487608940529,1.2819554660625447,1.346268774008721
SB74784_component_2776a,17.499779,-54.122273,3.309000015258789,15.682464599609375,17.500201736686723,-54.122537761994025,2.714440813437179,1.1608004247651955,1.2190356108994491
SB74784_component_2779a,15.746068,-54.2837,3.313999891281128,17.082473754882812,15.745860881734647,-54.28398869717721,1.7331424838170624,1.8207880212042689,1.9121335506024841
SB74784_component_2783a,12.991784,-58.869428,3.2100000381469727,13.717948913574219,12.991950339083749,-58.86994609142285,2.4950023629958014,1.2251104435870572,1.286571943079308
SB74784_component_2789a,15.074941,-54.798366,3.068000078201294,17.837209701538086,15.074982672925078,-54.79841392999623,2.7839705293528954,1.0493778634148452,1.1020231880523599
SB74784_component_2793a,18.104399,-53.940233,3.1449999809265137,14.36073112487793,18.10447485450245,-53.940233653319424,3.3468083164678495,0.8948102977299982,0.93970125670229
SB74784_component_2795a,15.654591,-56.350663,3.308000087738037,15.174312591552734,15.65504522651587,-56.35121604501948,2.7294358369177294,1.1540743501534478,1.2119721017049674
SB74784_component_2799a,13.716628,-58.078506,3.378000020980835,14.815789222717285,13.7167732519558,-58.078442771164944,2.4753381768492457,1.2994700480820134,1.3646620298486043
SB74784_component_2801a,11.786375,-54.837105,2.757999897003174,12.257777214050293,11.785945191843643,-54.837579000078435,3.306264993869248,0.7943241240359693,0.8341738796246784
SB74784_component_2803a,11.319148,-54.587312,3.496000051498413,15.40088176727295,11.319046117617862,-54.58794784626737,2.8236647492750944,1.1789610682513743,1.2381073399014257
SB74784_component_2814a,13.774721,-55.217168,3.062000036239624,16.374330520629883,13.774683740882278,-55.2179107507337,3.048279707867696,0.956514465371977,1.004501007022589
SB74784_component_2815a,18.033346,-54.641571,3.009999990463257,14.611650466918945,18.032814610046394,-54.641767632548955,2.515640773503495,1.1393549273023675,1.1965142329408485
SB74784_component_2821a,21.02783,-54.803522,3.0390000343322754,10.738515853881836,21.027691203877005,-54.80403204818344,2.6397761880483537,1.0962377762781321,1.1512339750966074
SB74784_component_2823a,16.614645,-55.62024,3.4600000381469727,18.70270347595215,16.61514977128493,-55.620503611564864,2.2724484222751746,1.449850539603396,1.5225868293559868
SB74784_component_2824a,13.417412,-54.48057,3.1649999618530273,14.789719581604004,13.417147581985466,-54.48093180160923,3.642661172933802,0.8273630058983155,0.868870260393704
SB74784_component_2829a,13.19829,-56.394268,3.3940000534057617,17.957672119140625,13.198395491346801,-56.39469572198756,3.252899826066176,0.9935330563581234,1.0433767514784562
SB74784_component_2834a,11.24639,-56.380004,3.2130000591278076,15.52173900604248,11.24673054038147,-56.3801583889454,2.7499116919270996,1.1125848753891951,1.1684011775942456
SB74784_component_2839a,16.099474,-56.681994,3.1589999198913574,16.803192138671875,16.099754841849588,-56.68197847270613,3.108301813966627,0.9677598466031619,1.016310547996635
SB74784_component_2840a,20.063377,-54.612089,3.4489998817443848,14.077549934387207,20.063384445030668,-54.61244057918879,3.022612695745271,1.0865553213903998,1.141065769557347
SB74784_component_2859a,15.486215,-56.794567,3.0399999618530273,13.693693161010742,15.486285594108482,-56.794989168365866,3.1880789226476356,0.9079996474226363,0.9535522913994765
SB74784_component_2862a,17.489864,-56.583022,2.8970000743865967,15.917583465576172,17.489780114087175,-56.58312762473293,2.702573256245234,1.0207330980224378,1.0719413683577574
SB74784_component_2866a,12.13168,-56.585276,2.687999963760376,13.112195014953613,12.131778232595682,-56.58562783558818,2.5615304369340035,0.9992425146571678,1.0493726426213186
SB74784_component_2873a,17.732496,-55.795692,2.9519999027252197,16.58426856994629,17.73248472883128,-55.795893029159714,2.3936652201626263,1.1743406520042416,1.233255126013261
SB74784_component_2876a,13.587954,-57.342952,3.003000020980835,14.098591804504395,13.588116420921926,-57.34328603081367,2.313814544984879,1.2358562385751672,1.2978568345028967
SB74784_component_2878a,13.970959,-55.964099,3.007999897003174,17.387283325195312,13.971923340918984,-55.96454018923795,3.378557286133938,0.8477888406443418,0.8903208210641913
SB74784_component_2892a,15.365866,-58.670865,3.1619999408721924,16.132652282714844,15.36602951692544,-58.671061932652314,1.5698598107927118,1.9179715101909225,2.014192553458336
SB74784_component_2893a,13.734609,-56.67969,2.6610000133514404,14.949438095092773,13.734951580623703,-56.680016125674776,2.856221793039857,0.8871439884869136,0.9316503430636445
SB74784_component_2900a,18.352885,-53.916491,2.6530001163482666,12.114155769348145,18.352910791444938,-53.916874910983424,2.704127962369544,0.9342243780198242,0.9810926676796481
SB74784_component_2902a,20.79067,-57.554964,3.319999933242798,16.038646697998047,20.790023464709314,-57.555067054922155,1.9659391002210576,1.608085664528348,1.6887603145333874
SB74784_component_2915a,18.192417,-56.543125,2.61299991607666,13.825396537780762,18.19194694638042,-56.54373247036046,2.718384500809799,0.9153130961249206,0.9612326421439849
SB74784_component_2918a,11.780084,-59.208576,3.0950000286102295,10.282392501831055,11.780874245001474,-59.208963309051235,2.5612979553346604,1.1506459689534034,1.2083717250326056
SB74784_component_2919a,11.111125,-57.626739,2.7209999561309814,10.971774101257324,11.11150980997005,-57.62689247343211,2.3309352119573057,1.1115768616821475,1.1673425937249176
SB74784_component_2921a,11.012335,-57.29415,3.3299999237060547,14.800000190734863,11.012691943496932,-57.29476372551761,2.392433779757352,1.3253954140476683,1.3918880229336144
SB74784_component_2924a,17.280652,-54.495379,3.0889999866485596,16.25789451599121,17.2802081177271,-54.49549498115434,2.8218066425922395,1.042393802739569,1.0946887501160831
SB74784_component_2926a,12.72915,-53.935256,3.2100000381469727,14.33035659790039,12.728841475766819,-53.9354445158451,3.034122304209598,1.007425919330834,1.057966593401116
SB74784_component_2931a,15.791391,-58.812381,2.878999948501587,14.917098045349121,15.791668030040892,-58.81269427629567,2.707930026568623,1.01238426144744,1.0631736862675645
SB74784_component_2935a,10.682081,-57.141003,2.98799991607666,13.399102210998535,10.68279169088464,-57.14127730888545,1.6537582123794614,1.7204804136176624,1.8067936979599117
SB74784_component_2941a,15.195229,-56.211841,2.7339999675750732,13.20772933959961,15.19540341943919,-56.21202037492534,2.57433360409633,1.011287979407442,1.0620224058081202
SB74784_component_2946a,21.701011,-56.696922,3.2179999351501465,11.371025085449219,21.701182903028442,-56.69701710594187,2.3160416669089243,1.3230639263585244,1.389439568867951
SB74784_component_2951a,21.425553,-58.348893,3.0869998931884766,11.561798095703125,21.425544911623405,-58.34904763589334,2.631855574163178,1.1169036932241956,1.172936662442055
SB74784_component_2954a,21.415388,-58.104003,3.078000068664551,10.914894104003906,21.41570881470247,-58.10392950473955,2.0358404898740377,1.4396802383007246,1.5119063030596243
SB74784_component_2960a,11.700587,-56.667966,2.822000026702881,14.039800643920898,11.701425161604009,-56.66823341394309,2.729805367522748,0.9843884194717405,1.0337733452637314
SB74784_component_2962a,15.019974,-58.717764,2.7079999446868896,13.539999961853027,15.020016478887428,-58.718097103998524,2.3899184213544373,1.078963467345125,1.1330930463945235
SB74784_component_2967a,18.719708,-53.711878,2.736999988555908,11.309917449951172,18.719834447166388,-53.71222969206165,2.1683246320407674,1.2019645470557543,1.2622648602114155
SB74784_component_2970a,21.190813,-56.252848,2.930999994277954,12.911894798278809,21.190867629295102,-56.252942421215174,1.924806482251446,1.4500063721708694,1.522750479751899
SB74784_component_2971a,19.835026,-58.339278,2.7939999103546143,13.900496482849121,19.834468322429302,-58.33988302911211,2.694650665532252,0.9873362499450499,1.036869062878226
SB74784_component_2973a,19.777713,-57.523932,3.1549999713897705,13.540772438049316,19.777627596564628,-57.52432032116518,3.0763946316826725,0.9765589859199836,1.025551123674957
SB74784_component_2976a,16.925263,-54.267868,3.124000072479248,15.38916301727295,16.924374288199488,-54.26797231294898,1.654966991462316,1.7974750255351561,1.8876509855455823
SB74784_component_2979a,14.696004,-57.207342,2.4670000076293945,11.062780380249023,14.69596200979961,-57.20759547990507,2.4283293800421877,0.9673925137783965,1.0159247867711154
SB74784_component_2980a,11.840668,-55.144616,2.569999933242798,12.009345054626465,11.840290965058795,-55.14465558115853,2.410479554145775,1.0152449214780723,1.066177860261318
SB74784_component_2985a,16.907756,-58.370119,3.052999973297119,16.77472496032715,16.907759309256498,-58.37036246446103,2.1422487679321263,1.3570569218444017,1.425137929356414
SB74784_component_2989a,18.764608,-55.789739,2.8570001125335693,15.784531593322754,18.764435236553986,-55.789706859909884,2.2854341286827595,1.1903720328357328,1.250090771235765
SB74784_component_2990a,17.899444,-55.814075,2.7709999084472656,14.739361763000488,17.900001289374675,-55.814484986515495,2.2035655221886343,1.1974343397697458,1.2575073808992263
SB74784_component_2992a,21.017387,-58.389091,2.930999994277954,12.855262756347656,21.0181274341246,-58.38974068586556,1.92987511565103,1.4461980683754625,1.5187511204781774
SB74784_component_2994a,17.088956,-55.24771,2.9549999237060547,15.718085289001465,17.088379371323242,-55.24815334838521,2.3918881535094454,1.176407465629435,1.2354256278122353
SB74784_component_3001a,16.362151,-59.008563,2.7990000247955322,14.136363983154297,16.36235042169516,-59.00876729470564,2.4352578972661822,1.0944580191592916,1.1493649308919958
SB74784_component_3003a,11.0959,-58.437519,3.002000093460083,11.590733528137207,11.095130486914755,-58.437791223655786,2.8867267474355676,0.9902530550920561,1.0399321986838272
SB74784_component_3004a,13.951063,-53.427935,3.066999912261963,12.267999649047852,13.95078158180286,-53.42850503186494,3.389657201925163,0.861587023535324,0.9048112329825133
SB74784_component_3007a,12.781758,-55.84099,2.8919999599456787,14.755102157592773,12.78207603158848,-55.84119669134741,2.3521074106709707,1.1707988796008224,1.2295356695129396
SB74784_component_3009a,10.216615,-55.590765,2.9130001068115234,10.079585075378418,10.216614562924317,-55.59100197358957,2.4571975431974242,1.1288639233291484,1.1854969149208032
SB74784_component_3011a,17.213561,-55.880459,2.7760000228881836,14.458333015441895,17.213490640353953,-55.881090185671496,2.032181992199274,1.3007625732900086,1.3660193986287286
SB74784_component_3016a,11.801886,-58.215342,2.8459999561309814,11.338645935058594,11.802006816366724,-58.21545762249155,2.4565074398571167,1.103209444233373,1.1585553985932644
SB74784_component_3017a,16.041668,-55.990901,2.7209999561309814,13.144927024841309,16.04164935401699,-55.99154031473601,2.6960654695672526,0.9610351369203949,1.0092484722070683
SB74784_component_3020a,17.396269,-56.379512,2.996000051498413,16.461538314819336,17.39629211075861,-56.37994146443447,2.3630908604186116,1.2072648656140663,1.267831085838013
SB74784_component_3033a,19.550518,-56.227891,2.9590001106262207,15.3316068649292,19.550445819045812,-56.22837710499632,2.769021425339785,1.0175595417421825,1.0686086006947828
SB74784_component_3035a,18.410897,-56.159159,2.7170000076293945,15.094444274902344,18.411176244252673,-56.159167152063574,2.56184190620019,1.0099002505015549,1.060565057138651
SB74784_component_3037a,17.260038,-55.830067,3.0169999599456787,16.133689880371094,17.259742119672193,-55.830225156683746,2.4979299432128665,1.1501016226288732,1.2078000698711262
SB74784_component_3038a,20.287242,-53.617319,2.953000068664551,10.546428680419922,20.287994413551985,-53.617617353022354,2.60144858454905,1.080909604947488,1.135136818080316
SB74784_component_3051a,12.645604,-54.092324,2.7860000133514404,11.70588207244873,12.645572860186384,-54.091937619678035,2.432895746223593,1.0904324845758568,1.145137442767922
SB74784_component_3052a,16.976589,-53.223666,2.7070000171661377,10.138577461242676,16.977242878610294,-53.22364851804956,1.9723454938865852,1.3069122601008636,1.37247760372443
SB74784_component_3056a,13.748908,-54.25541,2.680999994277954,12.766667366027832,13.747613227258501,-54.25585942922814,2.282336370435308,1.118557535144335,1.1746734745179603
SB74784_component_3059a,15.225427,-57.592824,2.438999891281128,11.725960731506348,15.225455310129155,-57.593174279198095,2.619267004858546,0.8866927849471874,0.931176503486267
SB74784_component_3062a,15.08492,-57.987429,2.6659998893737793,13.532994270324707,15.085488276890047,-57.98756339665299,1.8906433822294224,1.3427392186587563,1.410101933781963
SB74784_component_3073a,11.07549,-55.803492,2.8499999046325684,12.895927429199219,11.07549664028248,-55.80376607617087,2.711171750989442,1.0009882521697333,1.051205960519639
SB74784_component_3074a,15.718884,-56.189685,2.5299999713897705,10.0,15.719230880823723,-56.190193903204964,2.4014827346197434,1.00318773403431,1.0535157862754223
SB74784_component_3092a,16.346528,-56.143964,2.9519999027252197,13.85915470123291,16.346946779553935,-56.144193894836995,2.43500243076943,1.154404751225411,1.2123190783807247
SB74784_component_3093a,19.450324,-57.132723,2.5439999103546143,12.979591369628906,19.450382998920116,-57.13306607419065,2.3109155811264204,1.04827246102246,1.100862329689508
SB74784_component_3094a,17.7138,-56.86873,2.4679999351501465,12.339999198913574,17.713790849907966,-56.86915652594781,2.7920700577555415,0.8417051771944504,0.8839319515979821
SB74784_component_3095a,19.757741,-58.674939,2.809000015258789,12.826484680175781,19.75828956380568,-58.67525795332921,2.106386955190439,1.269856805509897,1.333563146285639
SB74784_component_3103a,17.645007,-53.439943,2.7360000610351562,11.7424898147583,17.645396966859106,-53.44055944318645,2.3149950472285465,1.1254007553399357,1.1818600062711262
SB74784_component_3105a,10.846137,-56.929065,2.6559998989105225,11.020746231079102,10.846449265337435,-56.92954993700119,2.534515453928831,0.9978707126029697,1.0479320198238977
SB74784_component_3106a,12.649354,-54.146173,2.5420000553131104,11.714286804199219,12.649290983035606,-54.146525144089175,2.3990520647545117,1.0089672000374994,1.0595851972780033
SB74784_component_3114a,17.478062,-59.539376,2.98799991607666,11.318181991577148,17.478104537436653,-59.539942371722695,1.939776059151686,1.4667974686224998,1.5403839541062228
SB74784_component_3115a,10.441566,-55.40415,3.0309998989105225,11.793773651123047,10.44109835989214,-55.40429093889034,2.4349878939506846,1.1853054500391955,1.2447700074569277
SB74784_component_3117a,14.340496,-55.067495,2.5999999046325684,15.116277694702148,14.3403063205149,-55.06745546880923,2.2429610857320297,1.1038060216594674,1.1591819051929797
SB74784_component_3121a,13.682933,-58.208544,2.506999969482422,10.947598457336426,13.682897119653525,-58.20873787437566,2.3770468055407123,1.0042868152549669,1.0546700063451837
SB74784_component_3122a,20.568341,-57.996689,2.746000051498413,12.538813591003418,20.567891241864626,-57.99705831608767,2.430856273354035,1.0756783439332,1.1296431144855597
SB74784_component_3134a,11.955958,-54.53297,2.740000009536743,11.004015922546387,11.955738684420126,-54.5333194865477,2.5933540865592315,1.0060739692881062,1.0565468185534495
SB74784_component_3135a,11.089151,-53.833228,2.872999906539917,10.760299682617188,11.089418477038576,-53.83358016782639,2.9268602245236486,0.9347054930227662,0.9815979193224038
SB74784_component_3142a,19.532817,-58.214414,2.680999994277954,11.862832069396973,19.532891185385697,-58.214646290907964,1.450848395112615,1.759608070343027,1.8478843160383098
SB74784_component_3143a,15.740302,-53.602863,2.7160000801086426,14.072539329528809,15.739818456410708,-53.60327764767957,2.235583941625165,1.1568577565803089,1.2148951464261446
SB74784_component_3146a,10.351325,-55.131038,2.874000072479248,10.155477523803711,10.351335895431435,-55.13146818667342,2.7250657555980142,1.0042710749421873,1.0546534763703528
SB74784_component_3148a,12.002932,-56.224984,2.5239999294281006,12.683416366577148,12.00323711669567,-56.22530826184285,2.4720909443071766,0.9722233793920378,1.0209980078768792
SB74784_component_3153a,16.211717,-58.828657,2.5360000133514404,13.708107948303223,16.21132356750246,-58.82925863850816,2.4591494386329753,0.9819864526146974,1.0312508762221404
SB74784_component_3167a,21.311088,-56.779125,2.821000099182129,12.881278991699219,21.31063538100716,-56.77935845640136,2.510932547262642,1.0698163256787452,1.1234870097396743
SB74784_component_3169a,14.290534,-56.101009,2.9790000915527344,16.7359561920166,14.290848230316318,-56.10124463836298,2.899858196520317,0.9782163581138842,1.027291643131855
SB74784_component_3170a,14.041232,-56.00604,2.8340001106262207,15.744444847106934,14.041268404880654,-56.006375630243646,2.938176695946384,0.9184660733910738,0.9645437983822113
SB74784_component_3172a,12.928551,-55.874144,2.7249999046325684,13.903060913085938,12.928810006033064,-55.8746198187273,2.720152171328993,0.9539254972265444,1.0017821551877397
SB74784_component_3177a,16.598313,-58.60561,2.871999979019165,14.21782112121582,16.59868465364366,-58.60559724398953,2.35203075203719,1.1627399715509157,1.2210724611196553
SB74784_component_3183a,17.222214,-56.18981,2.7249999046325684,15.93567180633545,17.22230678085913,-56.19001917165859,3.007889617200052,0.8626721199238391,0.9059507666272619
SB74784_component_3188a,14.643309,-58.199452,2.6519999504089355,13.25999927520752,14.643478966250418,-58.2001642998543,1.7805617262399442,1.418265842753455,1.489417587341512
SB74784_component_3193a,14.765749,-55.494879,2.821000099182129,16.028409957885742,14.765786757259265,-55.494955087000506,2.3160091477086384,1.159855795214514,1.2180435910510574
SB74784_component_3194a,17.938609,-58.994096,2.763000011444092,12.559090614318848,17.939120194150245,-58.9944514762203,2.527005323402483,1.041156214466887,1.0933890743545622
SB74784_component_3196a,15.450797,-53.072313,2.809999942779541,10.107913970947266,15.450700196675385,-53.07292918953507,2.290789711600109,1.1680522031323157,1.2266511974234273
SB74784_component_3197a,21.386473,-56.233627,2.9130001068115234,12.137500762939453,21.38652908101388,-56.23371715663519,1.8253856531862465,1.5195921224464504,1.5958272169647134
SB74784_component_3200a,13.174691,-56.100228,2.5439999103546143,13.249999046325684,13.175628372847909,-56.10082936862006,2.1809562715359707,1.110737154641107,1.1664607601522266
SB74784_component_3202a,18.523085,-54.341272,2.374000072479248,10.889908790588379,18.52253597976167,-54.341239469763636,2.1168770325440738,1.0678893680440955,1.1214633802447005
SB74784_component_3206a,12.410478,-54.674966,2.5239999294281006,11.420814514160156,12.410142216274444,-54.67513471355182,2.052672049259746,1.1708760846164021,1.2296167477597453
SB74784_component_3208a,18.353071,-56.421029,2.8259999752044678,13.852941513061523,18.353358119785447,-56.42116304254031,1.421740435561559,1.892748907442632,1.987704579906848
SB74784_component_3219a,11.631936,-55.364055,2.378000020980835,11.830845832824707,11.631554379192032,-55.36423519758013,2.876111694241902,0.787312727081822,0.8268107339995495
SB74784_component_3224a,18.585888,-56.260497,2.753000020980835,15.466292381286621,18.58613632113261,-56.26070083664411,2.223418220212626,1.179033704463763,1.2381836201367302
SB74784_component_3235a,15.783211,-58.594225,2.5739998817443848,12.742572784423828,15.783346487851961,-58.5941733991931,2.2265013490369765,1.100846398143135,1.156073802900551
SB74784_component_3238a,17.921584,-54.315168,2.374000072479248,10.742081642150879,17.921384434262308,-54.315326834637105,1.7651166028052947,1.2807031971246552,1.3449536810804774
SB74784_component_3239a,16.545142,-53.672104,2.8269999027252197,13.857842445373535,16.54518910195305,-53.672012246725345,2.0877575488400053,1.2893977162402535,1.3540843879577638
SB74784_component_3266a,14.306285,-53.696223,2.635999917984009,12.433961868286133,14.306311919240976,-53.69627755279897,2.5025986792865136,1.0029870995644639,1.0533050863494933
SB74784_component_3271a,10.35192,-57.0313,2.5299999713897705,10.039682388305664,10.351926374965672,-57.03162210704638,2.230893779947924,1.0798981307491635,1.134074600113336
SB74784_component_3273a,13.661452,-57.739064,2.5829999446868896,12.358851432800293,13.66182324300536,-57.73911402582111,2.1297189158190477,1.1548970563764056,1.2128360815603307
SB74784_component_3284a,13.917837,-54.902592,2.7269999980926514,14.82065200805664,13.91781514045691,-54.90273690382872,1.8398377188067159,1.411389185021722,1.482195940553568
SB74784_component_3291a,21.276203,-58.30163,2.5490000247955322,10.48971176147461,21.276019536183085,-58.30204100026441,2.2429768859955197,1.0821468691732257,1.1364361535380636
SB74784_component_3294a,14.880371,-56.284827,2.556999921798706,13.180411338806152,14.880662666100536,-56.28464568549203,2.0553430169007774,1.184643207745127,1.2440745417056323
SB74784_component_3295a,12.617006,-56.908587,2.25,10.97560977935791,12.617084156835102,-56.909299715782836,1.6423808769264996,1.3045171837323644,1.3699623708543052
SB74784_component_3298a,14.714349,-54.362145,2.48799991607666,13.026177406311035,14.713987395657123,-54.36230269456592,2.2142139211697254,1.0699708602927755,1.1236492970662468
SB74784_component_3300a,17.531279,-58.497481,2.687999963760376,14.297872543334961,17.531054643219747,-58.497571000548255,1.751124592960137,1.461683609186268,1.5350135419071043
SB74784_component_3302a,13.781417,-54.929312,2.4570000171661377,14.039999961853027,13.780725660685961,-54.929938273988796,1.507674618751264,1.551810555434612,1.6296619884741148
SB74784_component_3304a,11.879205,-56.698087,2.5160000324249268,12.273171424865723,11.879659354416804,-56.69841744094686,1.913820178985674,1.2518453450306057,1.3146480845229715
SB74784_component_3307a,16.920702,-59.216315,2.566999912261963,11.56306266784668,16.92077954131091,-59.21672792507096,2.3960293366864587,1.020175497366889,1.0713557939202634
SB74784_component_3311a,19.497015,-55.301486,2.615000009536743,13.983956336975098,19.497939680351895,-55.301990197765974,1.3502601852975378,1.8441464148611262,1.9366637911792626
SB74784_component_3320a,20.828201,-55.697212,2.447999954223633,11.49295711517334,20.828595976196475,-55.69761458410481,2.308559806238395,1.0097443717938344,1.0604013582877214
SB74784_component_3321a,18.620509,-56.080732,2.75600004196167,15.060110092163086,18.6198217934261,-56.08089770184052,1.986754741907807,1.3209188184158664,1.3871868448720475
SB74784_component_3331a,14.686261,-59.064022,2.5369999408721924,12.559405326843262,14.685621740414785,-59.06427907035347,1.8294924096190277,1.32047751630584,1.3867234034605782
SB74784_component_3334a,12.958005,-58.594967,2.3459999561309814,10.155843734741211,12.95864004619264,-58.59493828182691,1.3420762460502291,1.6645313370998278,1.748037760921058
SB74784_component_3335a,19.706365,-54.910617,2.124000072479248,10.114286422729492,19.70687788095477,-54.9108502465249,2.062597430713398,0.9805759121085516,1.0297695715370945
SB74784_component_3337a,18.66782,-56.91587,2.24399995803833,11.748690605163574,18.668319369054814,-56.91644122831884,2.1277620167898323,1.0042479602962981,1.0546292021059134
SB74784_component_3339a,12.249157,-58.678803,2.7260000705718994,11.358333587646484,12.249584113136804,-58.67856334274552,2.249682850125508,1.1538403730608153,1.2117263864192314
SB74784_component_3347a,16.568653,-56.001306,2.388000011444092,11.821782112121582,16.568346101619507,-56.00163124012975,2.6175429276322224,0.8687237153143225,0.9123059592395031
SB74784_component_3348a,12.089671,-56.158875,2.2660000324249268,12.182795524597168,12.090527596155503,-56.158903661724075,2.0847569619382034,1.0350126187883244,1.0869372659718672
SB74784_component_3349a,20.16784,-55.517827,2.4730000495910645,12.947644233703613,20.16790819931358,-55.51818583437717,2.1603693187674367,1.090027086392523,1.1447117065159924
SB74784_component_3350a,13.599421,-57.139896,2.5280001163482666,12.964103698730469,13.59958134497947,-57.14001707212121,1.7502637358922888,1.3753548420035595,1.4443538219452887
SB74784_component_3356a,18.551328,-55.524524,2.2339999675750732,12.207650184631348,18.55110142390112,-55.52493210247671,1.9488027946082247,1.0915821731890014,1.1463448091083956
SB74784_component_3359a,13.53998,-55.882911,2.5,13.7362642288208,13.540028449815475,-55.883433712399004,2.0724845171791126,1.1486557202368304,1.2062816292605094
SB74784_component_3365a,14.0786,-55.697699,2.4700000286102295,13.954802513122559,14.078819553595578,-55.698146987493274,2.1612854676534785,1.0882432718191524,1.1428384013019457
SB74784_component_3369a,19.014877,-54.529509,2.6050000190734863,10.854166984558105,19.015223690745927,-54.52986622469758,2.2241260808404104,1.1152943286412016,1.1712465590481087
SB74784_component_3372a,12.190068,-56.231256,2.2049999237060547,11.79144287109375,12.190496656804005,-56.23158243191023,2.1556979861218837,0.9740064403865821,1.0228705217064593
SB74784_component_3385a,18.862985,-56.094414,2.197999954223633,12.279329299926758,18.862995306223706,-56.09446533419563,1.7681716803856475,1.1837075409250897,1.2430919342313171
SB74784_component_3394a,14.29758,-55.407706,2.3350000381469727,13.497110366821289,14.297765529049753,-55.40815762798951,2.046571321404057,1.0864285597626357,1.1409326485358147
SB74784_component_3398a,14.522249,-57.993539,2.4100000858306885,11.990050315856934,14.522129531762749,-57.994061519050234,2.053298716605798,1.117650683694309,1.1737211280268733
SB74784_component_3401a,13.909937,-56.083198,1.9889999628067017,10.693548202514648,13.910098718791438,-56.08392708587708,1.648242755891446,1.14909190479398,1.2067396963810457
SB74784_component_3404a,18.960567,-57.622888,2.4149999618530273,11.780488014221191,18.960898821597944,-57.6236936186538,2.5279344582822842,0.9096880384874232,0.9553253858859951
SB74784_component_3406a,14.281883,-56.694998,2.2320001125335693,10.528302192687988,14.282387890329304,-56.69481915953335,1.6407084949169886,1.2954001745689616,1.360387978393747
SB74784_component_3410a,12.341643,-56.332827,2.3559999465942383,12.207253456115723,12.342217392129134,-56.33309179554974,2.359844561119923,0.9506771255158866,0.9983708187441549
SB74784_component_3412a,19.520797,-54.165091,2.552999973297119,10.506173133850098,19.5203893397005,-54.1652695252631,2.498276139414409,0.9730866981953219,1.0219046377697611
SB74784_component_3418a,15.55598,-53.496664,2.311000108718872,11.273171424865723,15.556836411320562,-53.49686698131976,2.0885073394981046,1.0536712393908236,1.1065319546706671
SB74784_component_3422a,15.153476,-58.871838,2.181999921798706,11.076142311096191,15.153773039403411,-58.872290440199215,1.7497218078992611,1.1874816075410664,1.247055338710354
SB74784_component_3427a,15.681037,-57.245126,2.368000030517578,12.081633567810059,15.68130819169846,-57.24572659775133,2.421165937127252,0.9313186804366963,0.9780411966836292
SB74784_component_3428a,14.059485,-58.279873,2.3369998931884766,11.128571510314941,14.058992933216878,-58.28016486455742,2.3261804482068134,0.9566574483948521,1.0046511632362845
SB74784_component_3434a,12.978451,-56.776996,2.4149999618530273,12.6439790725708,12.978415326483537,-56.776999717308044,1.9463753826044332,1.181494463674553,1.2407678310344896
SB74784_component_3441a,18.983765,-58.250173,2.3320000171661377,11.0,18.983343780702533,-58.25026609934555,1.4297662905725024,1.5531187456251319,1.6310358081196374
SB74784_component_3449a,20.289544,-55.401884,2.4140000343322754,12.507771492004395,20.290297185972015,-55.40177491270349,1.8700744005134295,1.2291915116783454,1.2908577507234529
SB74784_component_3451a,15.195953,-56.288434,2.3980000019073486,12.489583015441895,15.196441482260084,-56.288629986343686,1.6794786965404211,1.3596146813252048,1.427824006846302
SB74784_component_3461a,18.979091,-55.649327,2.4509999752044678,13.393442153930664,18.979290188573124,-55.64980731179991,2.419642606385354,0.9645688873856951,1.0129595043236397
SB74784_component_3477a,17.683194,-55.503951,2.2090001106262207,12.768787384033203,17.683857637780036,-55.50440798846619,2.1574835520312954,0.9749658633246947,1.0238780770988598
SB74784_component_3486a,17.994928,-57.710674,2.305999994277954,11.472636222839355,17.994441668395567,-57.71103388429714,1.124036755550427,1.9535294150101907,2.0515343318544192
SB74784_component_3490a,15.077361,-58.216228,2.305999994277954,12.073298454284668,15.077166772317877,-58.21636987399477,2.288547813468376,0.9594900541721721,1.00762587554731
SB74784_component_3491a,12.072014,-55.948261,2.444000005722046,12.533333778381348,12.072703526334745,-55.9487649476562,2.031456432694767,1.1456048817825666,1.203077735947323
SB74784_component_3495a,18.246839,-56.311642,2.434000015258789,14.402366638183594,18.246704125100642,-56.3119230612787,2.133966244354778,1.0861109620891045,1.1405991175810415
SB74784_component_3498a,18.062213,-55.779961,2.0910000801086426,11.681564331054688,18.062420670754392,-55.78004831404991,1.7576362336917093,1.1328338516516276,1.189666007121816
SB74784_component_3501a,16.690481,-58.787172,2.2899999618530273,11.170731544494629,16.69076496876526,-58.78716103479873,2.13984888080343,1.0190454094930497,1.0701690116515243
SB74784_component_3507a,11.045447,-56.054356,2.38700008392334,11.312796592712402,11.045240071239503,-56.054591401272994,2.107660350493353,1.0784325174091003,1.132535459693304
SB74784_component_3510a,13.924299,-57.81692,2.5450000762939453,11.311111450195312,13.924645157843418,-57.81707125385483,1.489202343981766,1.6273285895141423,1.7089686210735016
SB74784_component_3546a,16.913055,-57.748598,2.4030001163482666,12.260205268859863,16.912595348928836,-57.74866894315388,1.698783622263915,1.3469668026969073,1.4145416078039796
SB74784_component_3560a,15.288707,-57.797053,2.0859999656677246,10.697436332702637,15.289168614983245,-57.79722968875038,2.136091895176314,0.9298984643570608,0.9765497310196691
SB74784_component_3563a,14.819508,-58.247923,2.1480000019073486,11.425532341003418,14.819460579423078,-58.2482062821879,2.4119943720602754,0.8480064451668445,0.8905493423985776
SB74784_component_3573a,13.839852,-53.827013,2.1559998989105225,10.218008995056152,13.83988733906105,-53.82691864328008,2.2801693949412853,0.9003736772881542,0.9455437406070613
SB74784_component_3587a,14.921958,-57.413041,2.2839999198913574,11.958114624023438,14.922400897080482,-57.41340434018835,1.6460457040459722,1.3212815189874654,1.3875677414529237
SB74784_component_3598a,17.318946,-56.744562,2.322000026702881,13.193181991577148,17.31899742163403,-56.744787331982,1.9643568825154045,1.1255971721481937,1.1820662769432742
SB74784_component_3608a,14.356437,-53.958224,2.2780001163482666,11.333333969116211,14.356292236475037,-53.95862487889219,1.9435393882347138,1.1160960243450082,1.172088474325873
SB74784_component_3617a,16.214304,-58.075193,2.380000114440918,12.934782981872559,16.214794351948278,-58.07554910122457,1.876657260098496,1.2076280179250873,1.2682124568212334
SB74784_component_3634a,17.539267,-54.962623,2.125,11.363636016845703,17.538926584584715,-54.96313095085671,1.5270604885012697,1.3250853726049783,1.3915624272916503
SB74784_component_3637a,20.605771,-58.397193,2.2300000190734863,10.229357719421387,20.606224901231602,-58.39737118355899,1.949233254079065,1.0893870809645814,1.1440395932128054
SB74784_component_3666a,17.297291,-53.827831,1.9910000562667847,10.590426445007324,17.296956212987144,-53.82810687949729,1.5145912795329115,1.2517482303653686,1.3145460977966241
SB74784_component_3667a,14.294828,-58.084965,2.2980000972747803,10.890995979309082,14.294775649891118,-58.08496206647701,1.8325376424676953,1.1940934172701623,1.2539988505667437
SB74784_component_3678a,19.632968,-55.492075,2.2820000648498535,11.762887001037598,19.633104178616662,-55.49233911962917,2.0542232775685267,1.0578136626967347,1.110882195605793
SB74784_component_3684a,20.120416,-56.956413,2.0820000171661377,10.900524139404297,20.120025079449093,-56.95662104855526,1.5896003091978157,1.2471938365283388,1.3097632185393882
SB74784_component_3701a,18.233966,-56.72505,2.117000102996826,12.028409957885742,18.234021018669495,-56.72477898360608,2.2715721534796893,0.8874328660694901,0.9319537130942184
SB74784_component_3740a,12.355296,-56.20249,2.1500000953674316,11.621622085571289,12.355476049779417,-56.2022972564591,1.7105139416524981,1.196886660384292,1.256932225463391
SB74784_component_3760a,17.225452,-54.045406,2.0420000553131104,10.691100120544434,17.225399040483964,-54.045490710378935,1.462640402663675,1.3294112495637416,1.396105325406258
SB74784_component_3832a,13.013037,-55.459179,2.063999891281128,10.42424201965332,13.013611800426338,-55.45967547363959,2.2363038480520347,0.8788606599261026,0.922951455402183
SB74784_component_3844a,13.964685,-57.40562,1.9859999418258667,10.081217765808105,13.964382673810043,-57.40575658376684,1.9606836748145302,0.964523613272605,1.0129119588929771
SB74784_component_3873a,17.141897,-57.579259,1.8830000162124634,10.015957832336426,17.142408713890283,-57.57974930106788,1.9172161458546653,0.9352342686875972,0.9821532226733106
SB74784_component_3887a,17.559689,-55.493964,1.8270000219345093,10.560693740844727,17.56029366900961,-55.4944400642353,1.7616492581059209,0.9875526826597788,1.0370963536174345
SB74784_component_3945a,17.292999,-56.994564,1.8029999732971191,10.302857398986816,17.29332213579666,-56.99468978346772,1.9374251974454415,0.8861595912031357,0.9306165604093689
SB74784_component_3949a,14.770028,-54.50649,1.9290000200271606,10.152631759643555,14.76999053598626,-54.50680334632158,2.0714532801245302,0.8867439933805621,0.9312302809509633
SB74784_component_3985a,17.856277,-56.961244,1.9479999542236328,10.586956024169922,17.85539029064509,-56.96154121176036,1.501015721266277,1.2357905422748137,1.2977878423420335
SB74784_component_4064a,17.474771,-55.602785,1.9320000410079956,10.915254592895508,17.47488607132245,-55.602976307610895,1.8343688462776477,1.0029092365287013,1.0532233170708627
SB74784_component_4067a,17.942472,-55.117442,1.9739999771118164,10.123077392578125,17.94193277774541,-55.117581238825416,2.1611144089170646,0.8697822691022064,0.9134176186909923
SB74784_component_4072a,13.177409,-56.466098,1.9769999980926514,10.629032135009766,13.178036288632844,-56.466649277981745,2.192618283120839,0.8585879787115993,0.9016617316894349
SB74784_component_4088a,18.498392,-57.112212,1.9910000562667847,10.762162208557129,18.498147490605177,-57.11291150703572,2.2833293628464695,0.8303168980924721,0.871972343834243
SB74784_component_4218a,17.881147,-56.274459,1.7990000247955322,10.106741905212402,17.880346949016463,-56.27414693334928,1.831493513327149,0.935334492650181,0.982258474684637
