Component_ID,RA,DEC,ASKAP_flux,ASKAP_flux_SNR,RA_comp,DEC_comp,Comp_flux,Flux_Ratio_AlphaCorr,Flux_Ratio_NOAlphaCorr
SB87168_component_3a,76.901922,3.131239,1553.68896484375,1221.45361328125,76.90210958799277,3.1311715918598515,985.6711575541904,0.96801964292233,1.5762751633100627
SB87168_component_24a,75.015228,7.275017,316.1669921875,560.5797729492188,75.01531652725569,7.275284867933772,211.88289854443852,0.9163740022372808,1.4921779641465016
SB87168_component_28a,79.252944,7.206877,300.468994140625,794.8915405273438,79.25307291216296,7.206801491160699,192.41391826249597,0.9589927347934801,1.5615761939358126
SB87168_component_38a,80.967198,7.716105,263.52801513671875,378.0889587402344,80.96737926649017,7.716075276622799,142.687995001877,1.1342048314516573,1.8468828799034716
SB87168_component_40a,75.997007,4.468969,264.3399963378906,613.31787109375,75.99659785820052,4.468584611971445,19.176805979835734,8.465229617478316,13.784359951070169
SB87168_component_44a,81.110599,8.962535,254.01600646972656,227.81704711914062,81.11082908981679,8.962538985430761,197.80189972818718,0.7886471950983961,1.284193967898119
SB87168_component_45a,77.364357,10.195559,272.46099853515625,158.40756225585938,77.36439827589705,10.195780967563866,548.89845921411,0.3048347473633226,0.4963777798269913
SB87168_component_47a,78.766866,2.169015,256.9590148925781,113.04840087890625,78.76683679184993,2.1687369565438717,116.3476789108656,1.356307840619957,2.2085444015555775
SB87168_component_49a,80.230995,5.115567,237.73300170898438,533.0336303710938,80.23115480092764,5.115298158912971,133.3033839410106,1.0952176578087112,1.7833981004877264
SB87168_component_50a,76.557146,9.345629,231.62399291992188,395.26275634765625,76.55713376792319,9.345835671383941,118.11125610744763,1.2043269175489202,1.9610662061642115
SB87168_component_51a,74.086684,2.913044,239.2270050048828,117.72982025146484,74.08666192984852,2.912885705917307,135.6302008156176,1.0831932270725928,1.7638181140061853
SB87168_component_53a,78.598754,3.54875,222.1439971923828,503.7278747558594,78.59892235726184,3.5484505538601416,118.30447188766087,1.1531493496387542,1.877731193486291
SB87168_component_54a,80.320734,5.124965,223.38999938964844,529.3602294921875,80.32091936988823,5.124682587835587,197.6595434964842,0.6940616947422161,1.1301756314823317
SB87168_component_59a,74.302223,2.792284,219.08799743652344,99.81230163574219,74.30222507814933,2.792325011868525,102.75981805344207,1.3093248077434982,2.1320395616366588
SB87168_component_60a,78.2631,7.106769,201.36000061035156,482.8777160644531,78.26320692633091,7.106688923505197,140.98861915332958,0.8770841931745447,1.4282003882268413
SB87168_component_66a,76.4614,7.130439,194.1529998779297,463.372314453125,76.46131907494606,7.130449666595663,128.38005540897296,0.928749694463796,1.5123299274130053
SB87168_component_69a,76.584725,3.362299,176.43699645996094,371.4463195800781,76.58486162138784,3.362286084446139,96.6007159976231,1.1216605565576936,1.8264564049846406
SB87168_component_75a,78.44235,7.882581,160.64300537109375,353.0615539550781,78.44250144437268,7.882316399871446,107.2342753030556,0.9199841322741402,1.4980565208008292
SB87168_component_80a,73.681517,9.154139,161.4199981689453,52.88990783691406,73.68166477605307,9.153954598204198,138.03311935092364,0.7181682032913642,1.1694294740855986
SB87168_component_82a,78.136417,6.365572,155.1060028076172,377.3868408203125,78.13648033416376,6.365645115442227,94.8595783694393,1.0041522214240217,1.6351116616135766
SB87168_component_83a,81.177507,8.30535,154.76199340820312,161.21041870117188,81.17782496170167,8.305201664660355,106.64223941399312,0.8912246624777396,1.451226026934839
SB87168_component_87a,75.088544,7.973759,164.01499938964844,309.4622802734375,75.08858857016962,7.973464392151569,108.09388456834695,0.9318254757923111,1.517338377139578
SB87168_component_91a,78.965337,5.549963,152.42999267578125,373.6029357910156,78.96559388745553,5.549922771414536,102.7587664341197,0.9109691798197058,1.483377019453679
SB87168_component_98a,77.563535,7.872413,147.4080047607422,340.4342041015625,77.5643552673546,7.872909134310782,5.642026148560568,16.044940490250227,26.12678510863512
SB87168_component_100a,79.065256,4.264975,137.79600524902344,261.9695739746094,79.06547290921925,4.264710527512213,80.97460005203418,1.045056938925433,1.7017188743195508
SB87168_component_105a,74.898195,7.675969,137.2429962158203,271.768310546875,74.89827978424431,7.676019833493969,82.60748479725248,1.020288353091232,1.6613869379108006
SB87168_component_107a,74.962707,3.389794,124.51399993896484,217.30191040039062,74.962873787148,3.3899650371054326,76.44094228308674,1.000332295858622,1.62889148432848
SB87168_component_109a,76.175302,4.206252,126.98300170898438,295.9976806640625,76.17535498925471,4.206426873301255,111.17706832682583,0.7014270476677039,1.142169006792786
SB87168_component_113a,77.798021,7.632156,128.64700317382812,295.740234375,77.79808708679059,7.632041963261159,72.65004302244016,1.0874666208074157,1.7707766963619225
SB87168_component_117a,77.375788,5.276706,121.08300018310547,263.2239074707031,77.37583421675373,5.276811554749712,57.39141098172884,1.2956521159691567,2.1097756286503135
SB87168_component_119a,77.225187,8.380275,118.78099822998047,278.8286437988281,77.2252202715064,8.380051050638228,57.5330588863222,1.2678901946574628,2.0645694932486762
SB87168_component_122a,77.896882,8.618341,115.14099884033203,269.0210266113281,77.8970262935892,8.61815629672563,63.43215913860635,1.1147375628902119,1.8151833455445856
SB87168_component_126a,74.627849,2.421745,122.74299621582031,54.67394256591797,74.62781836039184,2.4214185469743144,60.8804056503373,1.2381444644509882,2.016133021859066
SB87168_component_127a,80.463933,5.634387,111.06099700927734,318.2263488769531,80.46420463398621,5.634242637879536,66.86866012310962,1.0199786567482205,1.6608826437498032
SB87168_component_128a,80.720089,5.351603,109.94499969482422,246.51344299316406,80.72035473095542,5.351331820238541,57.58818076265448,1.1724498101507934,1.909159105892832
SB87168_component_130a,79.951139,3.947197,107.74500274658203,262.1532897949219,79.95126263057597,3.94682669644538,80.67979537522857,0.820133375431032,1.3354645019298526
SB87168_component_131a,79.412232,6.144728,103.21299743652344,254.84690856933594,79.41252890396169,6.14466127170631,65.55746453468345,0.9668617499616843,1.574389707855742
SB87168_component_134a,74.406314,8.239,106.1500015258789,135.39541625976562,74.40643088016793,8.238880989771902,58.18177125209501,1.1204312252312936,1.824454622839566
SB87168_component_137a,77.43207,3.636821,114.96199798583984,287.4049987792969,77.43223232530744,3.636672799311684,54.31824330919221,1.2997526882413715,2.116452797109971
SB87168_component_138a,75.595631,5.343613,101.70600128173828,214.5696258544922,75.59572190472643,5.343825410451708,77.74575944243372,0.8033818333585108,1.3081871218589838
SB87168_component_142a,78.431139,4.98158,96.50199890136719,215.40623474121094,78.43126059456962,4.981382609380764,60.45644079151699,0.9802703593162123,1.5962236221307287
SB87168_component_143a,78.494254,3.364015,97.14900207519531,218.31236267089844,78.49444625124491,3.3637818841784464,62.060490523585635,0.9613361578930112,1.5653921078544255
SB87168_component_144a,79.067571,6.621627,94.38400268554688,272.0,79.06777354888196,6.621540826548328,41.08110019502682,1.4109397297632706,2.2975042595615
SB87168_component_145a,80.63031,4.541802,98.65799713134766,188.63861083984375,80.63053307189189,4.541634815927374,56.631996462476074,1.0698491840310609,1.7420893363121621
SB87168_component_150a,77.487713,8.498928,88.0270004272461,234.11436462402344,77.48776575916865,8.49876614803055,52.770120148563,1.0244245029380314,1.668122039127917
SB87168_component_160a,74.632074,5.310484,89.5790023803711,147.09194946289062,74.63215646783325,5.310603258600721,49.396267695169,1.113689752019929,1.8134771423050653
SB87168_component_162a,81.443395,6.396072,92.84200286865234,74.27360534667969,81.44371947630282,6.395867234119696,49.79755219549289,1.144955592657188,1.8643888861078466
SB87168_component_167a,78.048323,5.670899,80.5530014038086,225.0083770751953,78.04853696146193,5.670794051680286,62.58335163119256,0.7904511695124026,1.2871314703391448
SB87168_component_170a,76.826899,9.304317,79.76599884033203,165.14698791503906,76.82686766063306,9.304530893616715,56.001242910823485,0.8747264909998181,1.4243612229705616
SB87168_component_171a,80.877484,7.774158,87.7030029296875,131.88421630859375,80.87763225027352,7.774127750056589,51.37940147065201,1.0482806285015975,1.7069681704989028
SB87168_component_172a,74.823663,7.154796,83.54900360107422,147.35275268554688,74.82373752999058,7.15499518662306,40.47346455208008,1.2677190907602394,2.0642908761508614
SB87168_component_174a,81.188225,6.843563,85.02899932861328,102.56815338134766,81.18855942302065,6.843396903948212,43.79720637614911,1.1922650020075982,1.9414251812854892
SB87168_component_179a,77.350001,8.333971,79.41999816894531,199.04762268066406,77.35007638108537,8.333723212646248,60.076322691749525,0.8118553720576392,1.3219850119064014
SB87168_component_183a,76.448413,2.580045,82.28299713134766,70.02808380126953,76.44849735230358,2.5799237264415984,43.01205193159626,1.1748220207009017,1.9130218958678258
SB87168_component_187a,74.679797,7.335389,82.9800033569336,140.64407348632812,74.6799179290083,7.335586858805873,44.777138825900465,1.1380707092122244,1.8531778834635013
SB87168_component_190a,73.8394,4.590073,81.72899627685547,61.03733825683594,73.83927994058888,4.590329079199243,58.30539237802821,0.8608343341438494,1.4017399239329056
SB87168_component_194a,74.197542,9.227712,80.41799926757812,70.23406219482422,74.19808648241622,9.228522495059588,17.152800533684907,2.879190257632655,4.688330579583908
SB87168_component_195a,80.883554,6.911765,77.53199768066406,156.31451416015625,80.88378567433602,6.911745519677491,39.504772625401614,1.2052677748414684,1.9625982515036904
SB87168_component_196a,74.894541,7.563225,72.44499969482422,136.1748046875,74.89462736492546,7.563413755662391,50.219764936767085,0.8859023970136436,1.442559513889431
SB87168_component_200a,80.18661,3.673048,71.81400299072266,155.1058349609375,80.18675480491261,3.6727198366005447,38.74684428917575,1.1382166530720186,1.8534155312045502
SB87168_component_204a,75.424197,4.778538,73.98200225830078,164.0399169921875,75.42426804720381,4.778547524139718,47.87803311798135,0.9489469134665135,1.5452180768577912
SB87168_component_207a,75.458769,6.484044,69.39399719238281,142.2008056640625,75.45869341247254,6.484348254168851,48.288165915506,0.882537831628339,1.437080822531291
SB87168_component_209a,76.801702,6.094833,68.76699829101562,159.5522003173828,76.80160175579731,6.095238763449404,42.59301172503843,0.9915025949882339,1.614513637470504
SB87168_component_211a,74.769726,4.880802,66.9540023803711,100.9864273071289,74.76978954234792,4.880895381674484,42.42686392635152,0.9691427465940462,1.578103969612179
SB87168_component_212a,80.272368,10.24008,70.65299987792969,28.19353485107422,80.27252745572483,10.24042724111798,42.82697386035848,1.0131304197666757,1.6497313143884664
SB87168_component_216a,73.8884,7.62411,69.63099670410156,57.5462760925293,73.88849588459712,7.62429634060938,34.119492890083464,1.2532917516783602,2.040798112926796
SB87168_component_219a,73.828049,5.794186,69.78700256347656,56.73740005493164,73.82817472214317,5.794508159970694,43.7381641747395,0.9798647449907272,1.5955631398855392
SB87168_component_221a,79.305036,4.434671,65.24299621582031,164.75503540039062,79.30529044749042,4.434517946075855,34.48268728056807,1.1619432868977426,1.892050804653688
SB87168_component_225a,75.978987,5.770461,62.67900085449219,117.37641143798828,75.97896196422039,5.770655691416871,38.67217567954904,0.9953494856247614,1.6207777233396943
SB87168_component_226a,79.803869,5.397975,62.334999084472656,175.0983123779297,79.80420758794683,5.397740266324383,33.49139160267759,1.143012293866841,1.8612245147642377
SB87168_component_233a,79.437925,7.484301,65.12200164794922,193.81549072265625,79.43810930183493,7.484052664094059,27.782045618076822,1.4395132221172695,2.3440319169865798
SB87168_component_235a,75.862708,6.387422,60.840999603271484,127.0167007446289,75.86264445581237,6.3878935997027,45.302692661819115,0.8247540602064758,1.3429885957871104
SB87168_component_239a,75.061879,7.014096,61.6619987487793,126.09815979003906,75.06183678525555,7.0145675454495535,38.91653652336813,0.9730508880754245,1.5844677933184843
SB87168_component_250a,79.354905,3.196532,59.48099899291992,122.8946304321289,79.35505405156051,3.1962984411951,32.119834915068765,1.1372529888672398,1.8518463482206406
SB87168_component_251a,75.291055,6.136611,56.91899871826172,109.24951171875,75.29095686558408,6.136846026327927,34.69385967326816,1.0075271814253717,1.6406072790488102
SB87168_component_253a,74.392954,5.921841,63.58599853515625,94.7630386352539,74.39293319760517,5.9222084487045965,35.299747656512196,1.1062213404623125,1.8013159514307668
SB87168_component_256a,75.918665,7.260724,61.26100158691406,145.85952758789062,75.91866543205397,7.260879332861172,33.15421457044711,1.1347429327214418,1.8477590973161127
SB87168_component_260a,79.398392,7.657609,57.07699966430664,172.4380645751953,79.39852844741256,7.657467537703224,43.26907004071788,0.8100945527776576,1.319117781144706
SB87168_component_265a,79.228842,5.931285,54.79199981689453,151.7783966064453,79.22916232191717,5.931200616001875,33.822479573291865,0.9948642981994599,1.6199876682063659
SB87168_component_271a,75.197369,2.528128,54.750999450683594,32.30147171020508,75.19725291221793,2.527912204664653,31.815782732747397,1.056821345732269,1.720875450734374
SB87168_component_275a,75.705417,7.611731,54.35599899291992,126.11600494384766,75.70544962779576,7.611725763768943,25.263122894190975,1.3213339221117457,2.1515946077045998
SB87168_component_278a,81.104671,6.543272,57.16600036621094,75.41688537597656,81.10496347970171,6.543042123629423,32.95574275195585,1.0652679012610455,1.7346294027258196
SB87168_component_279a,79.844091,6.688935,54.47600173950195,147.63143920898438,79.84438720785435,6.688812569605373,32.58838460310162,1.0265840901733405,1.6716386038452842
SB87168_component_280a,80.129877,8.447006,52.95399856567383,160.46665954589844,80.13009662595438,8.446888914545124,29.257880475643905,1.1114963358884513,1.8099054922914206
SB87168_component_281a,73.853967,4.372728,56.013999938964844,48.62326431274414,73.85377129807664,4.37297803663336,40.176645644433336,0.8561996567871824,1.3941930452505522
SB87168_component_286a,78.578419,8.732919,54.17399978637695,153.90341186523438,78.57857416206794,8.732675639246091,34.40957267856092,0.9668603705345333,1.5743874616650027
SB87168_component_287a,81.21003,6.089355,55.16699981689453,64.44742584228516,81.21037464977026,6.089190556605572,24.626263270686763,1.375729295440744,2.2401693350919847
SB87168_component_291a,75.134671,8.160088,55.202999114990234,117.45319366455078,75.13469969994158,8.159788455302847,33.75461541468579,1.0043420502645315,1.6354207694800988
SB87168_component_294a,76.146411,5.743044,52.49700164794922,109.36875915527344,76.14640465537471,5.743247063107171,37.249460133892946,0.8654991668297631,1.4093359060574056
SB87168_component_295a,74.376787,8.234294,54.191001892089844,64.89940643310547,74.37680135782747,8.234254105233422,27.211744896170327,1.222990059018018,1.991456339858473
SB87168_component_296a,81.313062,6.184808,54.54199981689453,62.47651672363281,81.31342353688262,6.184757536399862,30.48765962390964,1.0986493619864215,1.7889861173246804
SB87168_component_299a,75.859183,9.321612,54.54199981689453,113.15767669677734,75.85909138253686,9.32170312533064,32.49917760921591,1.0306490889409194,1.6782578461747861
SB87168_component_300a,75.110771,5.076003,52.849998474121094,105.69999694824219,75.11088478280257,5.076075664905338,29.338500822113687,1.1062650667611384,1.8013871531665238
SB87168_component_301a,77.459147,7.483366,53.04600143432617,149.005615234375,77.45917895939436,7.483502174662218,31.07794890537961,1.048220000033309,1.7068694461089058
SB87168_component_304a,79.006022,4.252223,51.34400177001953,106.9666748046875,79.00625392660736,4.252009250592793,52.417438139395344,0.6015421459848151,0.9795213881586279
SB87168_component_305a,74.626459,8.50767,50.61600112915039,95.86363983154297,74.62646071428415,8.507531455233394,31.83149636674136,0.9765239827249843,1.5901232083464265
SB87168_component_306a,76.97514,8.12653,52.79199981689453,148.70986938476562,76.97511595246434,8.126163395057963,34.72155471135193,0.933729517451602,1.5204388241185127
SB87168_component_308a,76.399124,4.410804,50.47600173950195,113.68468475341797,76.3991053545207,4.410917214625897,33.4594273888268,0.9264427343980256,1.5085733880896461
SB87168_component_316a,75.130934,4.69501,47.494998931884766,97.52566528320312,75.13091851893769,4.69512931258174,24.895044970374666,1.1716208845964173,1.907809324642886
SB87168_component_318a,76.313093,3.160193,49.38800048828125,91.45925903320312,76.31316987759627,3.1601626943835806,19.536665583725078,1.5524697211687088,2.5279646762968433
SB87168_component_320a,77.56933,5.443927,51.597999572753906,117.80365753173828,77.56999381902925,5.444701255610457,4.436597273856426,7.142249116519616,11.630084136057574
SB87168_component_322a,80.312207,9.892904,46.92499923706055,35.84797286987305,80.31238615520564,9.893061127993443,32.27483697753573,0.8928784770447971,1.4539190165304872
SB87168_component_323a,77.417953,9.569574,46.0369987487793,79.2375259399414,77.41793249110924,9.569885799846222,27.978349657940516,1.010501697177211,1.6454508329340851
SB87168_component_324a,79.426355,5.983841,45.755001068115234,127.80725860595703,79.4266789871321,5.98378577421706,29.26942820282775,0.9600115739659574,1.563235221099905
SB87168_component_325a,78.853004,4.740537,45.316001892089844,101.8337173461914,78.85317923510163,4.740379762771536,26.192082948302026,1.062511614836147,1.7301412026502299
SB87168_component_326a,73.987705,3.570074,48.21699905395508,41.07069778442383,73.98770771665897,3.570087773635743,31.188520922773943,0.9494181616239876,1.545985433978913
SB87168_component_328a,80.875833,3.475788,46.630001068115234,53.65937805175781,80.87611133610385,3.475416817345519,28.999910130950227,0.9874631798169532,1.607936054200018
SB87168_component_330a,76.094091,6.280298,47.16899871826172,90.7096176147461,76.09406204983397,6.280738522486388,34.00058933233916,0.8519661699028764,1.3872994452304277
SB87168_component_334a,80.888699,4.974776,45.58700180053711,84.42037200927734,80.88897787398402,4.974493586408593,26.990756454433846,1.0372372644451098,1.688985704327987
SB87168_component_339a,81.455401,7.417925,46.027000427246094,36.9398078918457,81.45570264545633,7.417865961189114,32.85889353995892,0.8602246337229478,1.4007471180146023
SB87168_component_343a,80.861386,4.988521,43.861000061035156,84.67374420166016,80.86160233773128,4.988231728194185,24.690789155619928,1.090927014367279,1.7764114295655007
SB87168_component_345a,75.780058,3.822618,42.10100173950195,108.22879791259766,75.78013393910355,3.8227240883971456,22.544633819270214,1.1468361686908994,1.867451122826212
SB87168_component_350a,80.884103,5.262972,44.62900161743164,85.00762939453125,80.88438059680004,5.262821390554032,26.23029506980705,1.0448793175994289,1.7014296445640378
SB87168_component_352a,76.095593,9.829004,42.25,49.47306823730469,76.09563844951768,9.829261997805627,31.430250917386818,0.825526468789568,1.3442463476048112
SB87168_component_358a,74.994794,8.310024,41.09000015258789,72.08772277832031,74.99484086419096,8.309795784821981,36.50707896624345,0.6912118819655836,1.1255351377353986
SB87168_component_359a,76.65462,8.141915,42.62200164794922,117.74034118652344,76.65456387703104,8.14160631992053,25.182939976009248,1.0393924279423474,1.6924950656497395
SB87168_component_362a,74.436714,4.614355,42.03499984741211,66.72222137451172,74.4365665794245,4.614170618774603,33.614807598240525,0.7679493157721615,1.2504905680201577
SB87168_component_363a,79.137506,8.351848,41.125,137.0833282470703,79.13767291565988,8.351633321176072,32.0126443845099,0.7889264162508914,1.2846486377707471
SB87168_component_364a,81.432239,9.170833,44.8129997253418,18.73453140258789,81.43240916414526,9.171050766123983,28.91020811584796,0.9519298281604937,1.5500753071637787
SB87168_component_365a,73.989905,6.027445,42.29199981689453,43.69008255004883,73.98995972573822,6.027871833940798,25.22415275567814,1.0296598330403244,1.6766469909430077
SB87168_component_366a,78.739224,5.263832,39.869998931884766,85.37472534179688,78.73943005097867,5.263693122511639,23.193592722434303,1.055675237767371,1.7190091853824783
SB87168_component_370a,78.855355,5.212945,41.15399932861328,93.3197250366211,78.85554761138945,5.212750362843324,15.48734483873233,1.6318762250455539,2.657266287872093
SB87168_component_373a,81.163624,9.696545,43.34600067138672,17.44305992126465,81.16363388934256,9.69651154401945,30.244124546806354,0.8801570114352176,1.4332040130407366
SB87168_component_380a,74.523476,5.729088,38.426998138427734,72.91650390625,74.52346696847319,5.729469102813347,16.94386889552703,1.3927591308990979,2.267899874306274
SB87168_component_381a,74.04924,9.712945,36.35100173950195,12.876728057861328,74.04931913133166,9.713291247282124,33.27621757600025,0.6708641208358713,1.0924018529593738
SB87168_component_384a,74.777429,7.84646,40.44900131225586,84.79874420166016,74.7774745496162,7.846473885605029,25.98291616135943,0.9560311627745511,1.5567537169830732
SB87168_component_389a,73.67883,7.50982,41.941001892089844,21.32231903076172,73.67884291014381,7.509973810692799,21.864226596658632,1.1780312696363346,1.9182476776242072
SB87168_component_390a,75.17943,5.198632,40.42900085449219,81.67475128173828,75.17953951529866,5.198713446559835,34.989125208459456,0.7095974749923649,1.1554733253153042
SB87168_component_396a,79.964541,4.828011,38.202999114990234,75.64950561523438,79.96483566712945,4.827890921512581,25.738749080075486,0.9115115157062977,1.484260132306251
SB87168_component_397a,80.865179,5.806736,37.935001373291016,78.37810516357422,80.86550454859535,5.80662919419483,22.027242851571668,1.0576259583881735,1.7221856420666062
SB87168_component_398a,80.674066,4.884633,39.82600021362305,91.76498413085938,80.67415748086262,4.884396487128959,23.014999434379565,1.0626930996669117,1.7304367235452278
SB87168_component_403a,77.510433,5.610704,37.66299819946289,72.70848846435547,77.51044405827203,5.610932716927783,17.863342638174448,1.2948047930047482,2.1083958899705615
SB87168_component_404a,74.215507,9.044858,36.64099884033203,34.5996208190918,74.21563578109482,9.044814304772821,24.937325069651244,0.9023386811909414,1.4693235436435872
SB87168_component_405a,76.142812,5.965205,37.09700012207031,73.02558898925781,76.14275124826696,5.9653728646965645,19.736101556363096,1.1543288701721126,1.8796518662070782
SB87168_component_407a,78.313194,3.893372,37.36000061035156,105.83570098876953,78.31344289906524,3.8930410284305528,26.40740232873446,0.8688270423155409,1.4147548534033334
SB87168_component_409a,74.602826,9.005801,36.13399887084961,54.58308029174805,74.60288211086832,9.00566182623673,18.5895511859079,1.193711174840316,1.9437800573819959
SB87168_component_410a,75.464101,4.599859,36.58000183105469,89.87715148925781,75.46415546487194,4.599956135419557,22.188199622333244,1.01245049215435,1.6486241539956024
SB87168_component_413a,77.70829,7.134454,36.36899948120117,109.54518127441406,77.70833067577875,7.134514412229125,23.090758975634497,0.9672645761654932,1.5750456500619123
SB87168_component_416a,74.977078,10.296433,35.141998291015625,23.537841796875,74.9772204506255,10.296467342338941,30.557935339135973,0.7062436941067401,1.1500121949014264
SB87168_component_419a,76.03656,2.823605,37.51499938964844,49.55746078491211,76.03663238298228,2.823591062515846,25.56544138029879,0.901163900368756,1.4674105888333382
SB87168_component_420a,74.293511,7.284912,35.85599899291992,55.67701721191406,74.29353754909583,7.285125272007363,18.88299124321481,1.166119808623315,1.8988516454353592
SB87168_component_421a,78.241398,2.996648,38.691001892089844,68.72291564941406,78.24170533982898,2.996501684078434,20.58036236999014,1.1545402973453955,1.8799961437272
SB87168_component_424a,73.947605,7.504222,38.64699935913086,31.066720962524414,73.94754905134359,7.5043210723502005,18.95340936137635,1.2522198233965978,2.0390526380908813
SB87168_component_426a,76.13279,7.071896,37.11600112915039,81.039306640625,76.13272804575548,7.0720446459286,34.654685271008,0.6577356135748134,1.0710240430375952
SB87168_component_427a,74.05898,6.517076,38.534000396728516,42.62610626220703,74.05882894980921,6.517356626878259,26.745705402396524,0.8847940191075498,1.4407546862935128
SB87168_component_431a,80.179291,3.588115,36.23899841308594,74.41272735595703,80.17944759291433,3.5879027856756873,17.86526295827232,1.2457156210267974,2.028461517623834
SB87168_component_433a,79.538542,7.001818,34.82600021362305,94.63587188720703,79.53870978244849,7.001807690842931,21.653699755896874,0.9876967508200242,1.6083163896340167
SB87168_component_436a,80.426588,4.630735,34.7859992980957,77.4743881225586,80.42680531746574,4.6305874217244645,22.286203046297167,0.9585627281572262,1.5608759924618638
SB87168_component_437a,78.047652,7.44894,34.875,96.33978271484375,78.04766249078162,7.448858687418587,20.541871451920667,1.0426207083705803,1.6977518373448484
SB87168_component_444a,78.434956,5.062848,33.891998291015625,78.81859588623047,78.43508697072303,5.062755120595775,21.022456078108394,0.9900699048649778,1.6121807159492105
SB87168_component_447a,74.244203,4.424297,37.79399871826172,59.89540481567383,74.24406989754809,4.424502145410944,25.893829940061618,0.8963522026231524,1.45957545893158
SB87168_component_448a,78.49585,5.042818,34.21200180053711,79.56278991699219,78.495974174357,5.042662317163192,29.479534411106897,0.7127053247200075,1.1605339936321104
SB87168_component_449a,80.111753,6.349541,36.935001373291016,104.3361587524414,80.11222962536817,6.349435613925691,23.631052855598313,0.9598584341977244,1.562985855898542
SB87168_component_450a,79.973749,3.633539,34.37200164794922,73.75965881347656,79.97396726762247,3.633252035338686,16.741360916792594,1.2608580692172011,2.0531187290438275
SB87168_component_451a,80.223903,9.605167,33.167999267578125,41.77329635620117,80.22422995097183,9.605370211407813,19.646959905595295,1.036754797533794,1.6882000791446694
SB87168_component_453a,78.596244,5.259393,33.77299880981445,78.35962677001953,78.59647592902444,5.2592948970829,19.434183323301305,1.0672237144517098,1.737814151898069
SB87168_component_454a,81.113904,8.932595,33.80500030517578,32.88424301147461,81.11410632971135,8.932596626719747,23.86650479359821,0.8698497832652324,1.416420234027875
SB87168_component_463a,78.747543,4.754732,32.79100036621094,65.45110321044922,78.74769276236307,4.7545591205439965,16.20503721590916,1.2426727377368165,2.023506637431147
SB87168_component_465a,73.955266,3.670291,33.59000015258789,28.06182098388672,73.95524817312845,3.6705221557691563,18.08910141424241,1.140368335137404,1.856919223535387
SB87168_component_469a,78.850973,4.540179,36.42399978637695,91.28822326660156,78.85107821832582,4.539964207875904,15.57214540969882,1.436452672830853,2.339048270361703
SB87168_component_470a,77.153703,8.408533,31.416000366210938,65.7238540649414,77.15373327214238,8.408349355923724,22.78285467765487,0.8468273788072499,1.3789316927445157
SB87168_component_471a,73.821885,4.369391,34.724998474121094,27.779998779296875,73.82187098522203,4.369621847130048,18.687846392822927,1.1411299843362308,1.858159455305521
SB87168_component_473a,79.57619,9.422222,33.02399826049805,59.39567947387695,79.57642047406712,9.422420661200098,25.63601435977899,0.791099816873192,1.2881876955222127
SB87168_component_474a,75.121354,6.971648,31.684999465942383,62.37204360961914,75.12127175480217,6.972043189111558,16.264762666971077,1.1963496064527284,1.9480763485276824
SB87168_component_475a,78.157639,4.385962,33.29499816894531,80.42269897460938,78.15789139714981,4.385808629726505,30.176965892590076,0.6775721714017277,1.1033249097160185
SB87168_component_485a,77.350123,8.805344,32.73400115966797,87.2906723022461,77.35015973909694,8.805303201877386,21.167629885077503,0.9496837297140669,1.546417871882028
SB87168_component_491a,78.964145,7.53519,30.163000106811523,81.08332824707031,78.96424652420731,7.535098116402095,21.813732978411746,0.849173984261771,1.3827527886521185
SB87168_component_495a,76.211862,9.201135,31.354999542236328,65.05186462402344,76.21186213341085,9.20133942150614,21.916075762451054,0.8786100023714676,1.4306849402280786
SB87168_component_496a,77.209391,9.008417,29.29199981689453,73.41353607177734,77.20934786235249,9.00860649298256,19.912414004828257,0.9033940938561174,1.4710421252687877
SB87168_component_498a,79.810764,5.464741,30.070999145507812,83.29916381835938,79.81109791491625,5.46447363093244,18.64539154686467,0.9904407215976049,1.6127845355204904
SB87168_component_504a,81.266417,5.15092,33.02000045776367,34.79452133178711,81.26674617990814,5.150783263548454,19.830733363578076,1.0225638542570625,1.6650922511221664
SB87168_component_505a,74.110364,4.117749,31.243000030517578,38.33496856689453,74.11030474211158,4.117921452911709,24.744402589045205,0.7754037440691891,1.2626289892466194
SB87168_component_512a,74.679637,9.518481,28.988000869750977,31.854944229125977,74.67976722377881,9.518412940574166,19.369807482531932,0.9190626114130823,1.4965559619471136
SB87168_component_513a,77.862416,8.196764,29.308000564575195,79.85830688476562,77.8625145598269,8.196421221552441,23.0355710286286,0.7813387190706721,1.2722932081063336
SB87168_component_515a,74.781449,7.479899,28.13800048828125,51.629356384277344,74.78162133701339,7.4801386328838015,19.121804516381424,0.9036837985210867,1.4715138659730445
SB87168_component_517a,76.580266,5.921951,28.611000061035156,57.22200012207031,76.58029801190048,5.92212069882163,20.706715457941733,0.8485432049788665,1.381725658960647
SB87168_component_518a,76.079159,4.585611,27.948999404907227,64.84687042236328,76.0791304109719,4.58574710685727,19.08657401339736,0.8992706536845708,1.4643277198563294
SB87168_component_519a,74.780145,3.854618,28.75,59.77130889892578,74.78026922050913,3.854879033668528,17.701092966842797,0.9974471722110793,1.6241934921111207
SB87168_component_523a,80.011957,7.415775,30.117000579833984,91.82012176513672,80.01196726290353,7.4157514612378925,20.092871189617227,0.9204958919335376,1.4988898448419168
SB87168_component_525a,78.023656,5.643986,30.06999969482422,79.97340393066406,78.0238516545279,5.643765535158729,15.324205756024469,1.205056990949949,1.9622550214716787
SB87168_component_527a,79.787499,4.364485,28.974000930786133,79.81818389892578,79.78774887927378,4.364378710324972,15.954093361666535,1.1152917200266943,1.8160857075340295
SB87168_component_530a,79.519631,2.345925,27.895000457763672,15.79558277130127,79.51987213564874,2.3460893258496984,16.747922311894882,1.022863243658934,1.665579761971537
SB87168_component_531a,74.124906,9.211878,30.655000686645508,19.62548065185547,74.12508864455877,9.211683361747486,15.311655301494921,1.229507901160638,2.0020696706549144
SB87168_component_533a,75.537471,3.530467,28.913000106811523,63.68502426147461,75.53763596647599,3.5305037204723457,16.94557629111526,1.0478254732065153,1.706227018196537
SB87168_component_535a,81.226644,3.139747,28.118999481201172,13.844903945922852,81.22697111743791,3.139379162607389,17.148215909184778,1.0070083186835945,1.639762388700758
SB87168_component_536a,78.710112,4.773334,27.929000854492188,60.71521759033203,78.7102182982157,4.773018722888077,14.980541669706007,1.14493285952041,1.864351868595703
SB87168_component_538a,78.656626,2.683244,27.520999908447266,35.19309616088867,78.65699348836301,2.683173046010568,47.43393314333271,0.35630934200299264,0.5801964560958109
SB87168_component_540a,77.700833,3.144106,29.04199981689453,50.07241439819336,77.70090868607471,3.144039497746941,26.640247176648746,0.669484313652762,1.0901550433943052
SB87168_component_542a,80.411944,6.547061,26.416000366210938,74.41127014160156,80.41229147838958,6.54683639244858,15.209002276093575,1.0666414941829025,1.7368660932961524
SB87168_component_545a,76.156792,7.855717,26.676000595092773,62.915096282958984,76.15682604289384,7.855598562703229,14.804872468353507,1.1065427198075957,1.801839269613073
SB87168_component_547a,76.38768,9.268446,26.70400047302246,57.551727294921875,76.38774242178472,9.268643450471282,17.399775336905137,0.9425075192829049,1.5347324868260195
SB87168_component_549a,79.18817,7.68986,26.753999710083008,76.65902709960938,79.18825318158979,7.689671937649873,32.92308487504892,0.4990457183658111,0.8126212902472814
SB87168_component_552a,75.842,9.349941,26.312000274658203,48.72592544555664,75.84197337359078,9.350031819215687,17.688748423833776,0.9135007266618308,1.4874992647419576
SB87168_component_556a,81.48588,4.312628,26.652000427246094,16.584941864013672,81.48614251353682,4.312482414237349,14.494232160056448,1.1292412541193912,1.8388004368175028
SB87168_component_562a,79.891581,9.267567,25.87299919128418,54.815677642822266,79.89169043583846,9.267664484555924,17.961242864634,0.8846317595371329,1.4404904708587047
SB87168_component_564a,75.333987,9.890783,26.034000396728516,23.77534294128418,75.33402125033875,9.890852837993295,13.053726666347963,1.2247812518562944,1.9943730294156712
SB87168_component_565a,77.047534,10.279636,24.68899917602539,13.580307960510254,77.04759359078656,10.27966385280388,16.165196994172756,0.9379390577786778,1.5272934307528268
SB87168_component_567a,76.389697,2.581608,27.14699935913086,22.509950637817383,76.38979927456901,2.5813134342268245,18.978957599091014,0.8784187849250203,1.430373571224536
SB87168_component_570a,79.492175,5.258061,25.194000244140625,69.21428680419922,79.49257448765289,5.25785374970867,12.362513283821428,1.2515335474281069,2.0379351403497785
SB87168_component_571a,78.901098,7.708289,25.121999740600586,66.99199676513672,78.90126384310665,7.708119399282307,24.440059572706385,0.6312539141928752,1.0279025575148664
SB87168_component_574a,74.862404,9.612763,26.55699920654297,28.52524185180664,74.86257271249517,9.612915027758056,16.774098036712626,0.9722813628996118,1.583214736698152
SB87168_component_575a,74.644977,8.945484,24.045000076293945,38.59550476074219,74.64506180296428,8.945394956057145,22.119125141562627,0.667588696256791,1.087068314067835
SB87168_component_576a,77.286064,8.407235,28.010000228881836,76.7397232055664,77.28619539983524,8.406974160765083,13.798582390520446,1.2466104947308703,2.0299186855690743
SB87168_component_584a,77.119918,9.440398,25.211999893188477,48.67181396484375,77.11985877897943,9.440723535712506,11.825023641216019,1.3093550162250651,2.1320887516294063
SB87168_component_585a,74.631872,6.222179,25.292999267578125,35.227020263671875,74.63192777284243,6.222713572003424,17.577935312408016,0.8836588003604688,1.4389061524036986
SB87168_component_588a,74.379832,9.544068,22.520000457763672,17.51166343688965,74.37989231327721,9.5440975111878,12.021723849362278,1.1504130109371398,1.873275475293695
SB87168_component_589a,76.708877,3.399419,24.302000045776367,50.314697265625,76.70911165120258,3.399635115724873,23.714378575711873,0.629335754595548,1.024779121586021
SB87168_component_591a,79.946351,2.744396,23.94300079345703,30.041406631469727,79.94661834650168,2.744220449482241,13.656606513179735,1.0766831614456052,1.7532174461020085
SB87168_component_593a,81.482443,3.742826,24.72800064086914,10.798254013061523,81.48276114302749,3.742863991348576,11.465464051774232,1.3244925009279984,2.1567378807526407
SB87168_component_595a,80.208139,6.365249,24.21500015258789,73.82621765136719,80.20855616191368,6.365112763216043,21.93137207215211,0.6780641926176566,1.1041260926549812
SB87168_component_596a,75.641119,5.720582,23.76300048828125,49.30083084106445,75.64104911498723,5.72088034805722,14.714465305207808,0.9917653456023054,1.6149414875354624
SB87168_component_597a,79.071132,8.706445,24.749000549316406,68.74722290039062,79.07130050507472,8.706123718374183,20.425860972319942,0.744096790232174,1.211650298748971
SB87168_component_607a,73.567758,7.162169,22.270999908447266,10.036502838134766,73.56784032999384,7.162203693751057,17.643090882201303,0.7752061015176236,1.2623071579206504
SB87168_component_609a,74.090826,4.352241,25.381000518798828,29.376157760620117,74.09066735053038,4.352288471445086,13.944663539125955,1.117770993777166,1.8201228339131155
SB87168_component_610a,79.614641,7.518362,22.95400047302246,58.55612564086914,79.61472793462903,7.518392696110056,13.849644251767595,1.0178221682734716,1.657371124900403
SB87168_component_611a,75.090575,9.849718,23.058000564575195,20.716981887817383,75.09065359595499,9.849758709769887,19.014853408008733,0.744699052482801,1.212630992719805
SB87168_component_613a,75.717379,5.492528,22.718000411987305,51.986270904541016,75.71756036044465,5.492652483476233,13.835916117540938,1.0083570061072173,1.6419585243933223
SB87168_component_615a,75.99755,8.553327,23.118999481201172,56.94335174560547,75.99760712481162,8.553031674820447,8.29299667323707,1.7120233414935326,2.7877738762165634
SB87168_component_617a,81.073226,4.17439,24.981000900268555,30.13389778137207,81.0734007599573,4.174190914029423,13.59421918868384,1.1285159572390435,1.8376193993593504
SB87168_component_619a,78.380231,8.981848,22.559999465942383,58.144325256347656,78.38037668102157,8.981731335253896,20.36053301909485,0.6804591827569368,1.108025975782893
SB87168_component_622a,74.361188,6.275093,23.341999053955078,33.15625,74.36110810361755,6.2754675155623305,12.74274268735452,1.1249345903594543,1.8317876792033878
SB87168_component_626a,75.854555,8.941986,24.10300064086914,51.065677642822266,75.85450603081034,8.942077446112455,21.200864453516104,0.6981836596444518,1.136887634639432
SB87168_component_627a,78.641942,6.624418,22.1299991607666,66.05970001220703,78.64214669279924,6.624233218305201,10.907469212627936,1.2459756041939865,2.028884861315581
SB87168_component_629a,78.473723,9.59574,23.868000030517578,42.92805862426758,78.4738190003033,9.596036052710142,15.319300102423767,0.956817793617111,1.5580346276225285
SB87168_component_633a,73.825885,6.780013,23.124000549316406,18.265403747558594,73.82577857475536,6.780072592536538,13.95960428420213,1.0172835013472317,1.6564939864008525
SB87168_component_634a,81.325938,3.525028,24.163000106811523,13.529115676879883,81.32627818307665,3.5247071834402868,14.099952479373295,1.0524109164099977,1.7136937264263392
SB87168_component_635a,78.720404,2.441419,21.516000747680664,18.74216079711914,78.72057297475449,2.441442552865823,12.685658275989706,1.0415993011865523,1.6960886285581451
SB87168_component_638a,78.527228,2.517302,22.961000442504883,26.667829513549805,78.52715839339447,2.517276189597551,27.927631487394837,0.5049040323683438,0.8221606781394388
SB87168_component_642a,74.013524,8.02275,21.298999786376953,17.868288040161133,74.01368928570169,8.022637077167325,14.969984463983835,0.8737556498597117,1.4227803534212107
SB87168_component_644a,78.159843,8.603993,21.933000564575195,62.309661865234375,78.16003880401541,8.603658499371951,10.996264201038317,1.2249123725816637,1.9945865398999947
SB87168_component_645a,80.361841,2.388192,21.621000289916992,10.379740715026855,80.3620374692965,2.3882932688767546,7.20444659055916,1.8430083120817033,3.001063304189048
SB87168_component_647a,76.92198,8.970015,21.04800033569336,60.13714599609375,76.9220128132948,8.97023122949728,13.877225428714246,0.9314516925045544,1.5167297269770952
SB87168_component_652a,76.112132,6.987262,22.45599937438965,51.269405364990234,76.11212970893047,6.987600796317313,11.445928528358227,1.2048514238585637,1.9619202862182012
SB87168_component_653a,79.860298,5.659174,21.770000457763672,65.17964172363281,79.8605911343131,5.658962556831243,12.823766207696963,1.0425454179624738,1.697629238179427
SB87168_component_659a,77.525261,4.986492,21.729999542236328,53.52216720581055,77.52538865670937,4.986584569561285,14.610563381854547,0.9133661072661117,1.4872800571964049
SB87168_component_660a,76.348254,7.43933,21.698999404907227,49.42824172973633,76.34820308932994,7.43941307905027,11.766304412944187,1.1325353464797618,1.8441643733979904
SB87168_component_662a,79.379196,5.48501,20.08300018310547,57.053977966308594,79.37949313809845,5.484809568133413,13.869745906647307,0.8892261479332658,1.44797174499645
SB87168_component_675a,77.385834,6.120295,20.368999481201172,46.18820571899414,77.3857521763711,6.120604067045569,11.738388796769392,1.0656469456320123,1.7352466197752006
SB87168_component_676a,79.367692,6.119291,20.054000854492188,53.620323181152344,79.36798908144391,6.119229034661673,19.53676821950128,0.6303771209541383,1.0264748309024117
SB87168_component_678a,79.04351,3.443917,20.680999755859375,49.12351608276367,79.04369181667465,3.4436826783315695,10.091546905406691,1.2585368138945332,2.049338912033321
SB87168_component_683a,73.910056,4.05839,20.19700050354004,17.000843048095703,73.9098625926468,4.058680136650482,10.167334188069296,1.2199215836517534,1.9864597867983826
SB87168_component_687a,78.384974,5.05283,20.3700008392334,52.909095764160156,78.38508654056088,5.05264433336012,12.394502912526312,1.009285584798037,1.6434705758668848
SB87168_component_691a,76.811264,2.431677,19.908000946044922,13.815406799316406,76.81118196050396,2.4313471421440513,19.17931021759388,0.6374509994553593,1.0379935837203669
SB87168_component_693a,81.073697,7.167631,19.586999893188477,28.3869571685791,81.07386623309056,7.167612087308407,12.278967195125691,0.9796212996079291,1.5951667255014583
SB87168_component_694a,75.8929,6.143685,19.902999877929688,35.04049301147461,75.8927941560832,6.143959609083343,10.521574038401841,1.161689227706208,1.8916371072700093
SB87168_component_695a,79.199447,7.552692,20.18400001525879,47.9429931640625,79.19953476215261,7.552630741166403,17.686641983964094,0.7008321079769384,1.1412002365151603
SB87168_component_699a,78.275948,3.580872,20.56399917602539,53.27460861206055,78.27616067898578,3.5806897029925455,12.406484335657224,1.0179137565859424,1.657520262764756
SB87168_component_700a,81.491985,4.957833,19.301000595092773,13.915645599365234,81.49241283722424,4.9575409694338095,11.489963460803597,1.0316047043517744,1.6798139229019688
SB87168_component_701a,74.840403,4.089171,20.53700065612793,44.9387321472168,74.84040063860495,4.089313843669876,11.218372647133306,1.1242406705448722,1.8306577346025197
SB87168_component_703a,81.560391,6.140683,20.41200065612793,12.749532699584961,81.56100288444921,6.140275157893713,11.199246902561729,1.1193061543698537,1.8226226132632959
SB87168_component_710a,78.40909,4.315285,21.118999481201172,60.86166763305664,78.40939002994826,4.315008875075694,9.51416011530278,1.363185697957827,2.2197439632356954
SB87168_component_711a,79.329696,8.590308,19.42799949645996,58.16766357421875,79.32983967451554,8.590207155911283,13.26999482111793,0.8991030431365282,1.4640547911550166
SB87168_component_713a,77.815956,7.224275,19.2549991607666,58.172203063964844,77.81602494255937,7.22422905684749,14.150646598536778,0.8356402619207414,1.360715146596738
SB87168_component_716a,77.792354,3.789878,20.59000015258789,53.9005241394043,77.7925174102837,3.7898823837494224,11.171916925452543,1.131828927806278,1.8430140762753522
SB87168_component_720a,81.044167,4.879989,19.902999877929688,31.442337036132812,81.04448412595625,4.879665157191717,14.461104301489522,0.8452189379247995,1.3763125874059037
SB87168_component_722a,78.254085,7.721677,18.927000045776367,56.33035659790039,78.25426249099337,7.721543497545998,17.087223810570368,0.6802403862836269,1.1076696984601964
SB87168_component_727a,78.802795,7.226497,19.291000366210938,59.540122985839844,78.8029142574059,7.226362296147343,9.7560772753575,1.2143158258870055,1.9773316489545787
SB87168_component_731a,78.613616,5.000596,19.454999923706055,47.80098342895508,78.61381468936992,5.000502395527393,14.372586162831539,0.8312821402460359,1.353618597467029
SB87168_component_733a,74.327618,8.856204,19.577999114990234,25.76052474975586,74.32784114065439,8.856169757977804,10.572153593450704,1.1372527036612818,1.8518458838054075
SB87168_component_738a,77.996873,5.874449,18.27899932861328,49.13709259033203,77.99704344434454,5.874324887290274,16.737556257212024,0.6706755970785547,1.0920948702255784
SB87168_component_741a,77.355264,4.846536,20.214000701904297,52.91623306274414,77.3554677804538,4.846771585185856,13.181258062531839,0.9417758533077341,1.5335410782498267
SB87168_component_750a,80.434382,3.460825,19.229000091552734,34.4605712890625,80.43469891017483,3.4607286214983786,11.99289891992952,0.9846563037833238,1.6033654765153096
SB87168_component_751a,80.572098,7.420608,19.75,48.406864166259766,80.57219982282062,7.420787172447058,12.630376025822894,0.9602912176095819,1.5636905789361286
SB87168_component_752a,75.845041,5.575227,18.98200035095215,39.545833587646484,75.8450149966392,5.5753854457188305,12.898091162748958,0.9037923736072119,1.4716906642569063
SB87168_component_753a,78.514987,8.535329,19.084999084472656,54.065155029296875,78.51514734478829,8.534973484405311,10.432619357430067,1.12344267981916,1.8293583260929003
SB87168_component_756a,74.868481,8.603498,17.79800033569336,37.70762634277344,74.86850615482037,8.603263697422426,11.828692363071385,0.9240311481776664,1.504646480726633
SB87168_component_757a,79.921193,2.708886,17.78700065612793,19.10526466369629,79.92184758980713,2.708811091409562,8.55283737649191,1.2771580469502672,2.0796608041463274
SB87168_component_759a,78.334274,9.306966,17.621999740600586,39.15999984741211,78.33451560003292,9.306897191632293,9.460180126968849,1.143952316943189,1.8627552017074414
SB87168_component_760a,78.662028,3.036724,18.135000228881836,35.35087585449219,78.66226150739509,3.0367401253242616,9.526811027205472,1.1690205675619514,1.9035750973850722
SB87168_component_761a,77.241914,6.441471,19.113000869750977,45.615753173828125,77.24160030717546,6.441789601853292,16.748101007344207,0.700834456155072,1.1412040601719406
SB87168_component_762a,77.574929,3.479503,18.524999618530273,43.181819915771484,77.57514112486155,3.4795042065343567,7.914346370345031,1.4374584227368794,2.3406859836136618
SB87168_component_767a,76.250207,9.568718,18.97800064086914,32.11167526245117,76.25023601610093,9.568855036109815,11.743714289374202,0.9924236782408145,1.6160134837442848
SB87168_component_771a,79.228235,5.107733,19.10300064086914,51.352149963378906,79.22875720831561,5.107716429538421,9.750786351654321,1.2031342409804848,1.9591241108085728
SB87168_component_772a,73.765123,5.951385,18.308000564575195,14.752618789672852,73.7649513456806,5.951837706474165,8.986516851700877,1.251127763486602,2.037274381910277
SB87168_component_773a,78.206815,10.186645,19.506000518798828,12.033312797546387,78.20706765323062,10.186929451706673,17.948018694371015,0.6674271292083555,1.0868052263014658
SB87168_component_783a,74.611717,7.394044,19.084999084472656,35.94161605834961,74.61179795961243,7.394247223715617,11.540376038693491,1.0156038078089673,1.6537588567723402
SB87168_component_787a,75.603009,10.138295,17.795000076293945,11.863333702087402,75.60324206937243,10.138232822737063,10.760704373041479,1.0155689899304499,1.653702161066269
SB87168_component_788a,76.636697,8.620426,18.201000213623047,54.494014739990234,76.63668635134593,8.620423266008757,10.312342574828,1.08390210668279,1.7649724183960813
SB87168_component_789a,80.200783,7.654868,17.672000885009766,50.34757995605469,80.20084152589932,7.654789320977572,12.535151209945012,0.865781466688229,1.4097955891421023
SB87168_component_791a,75.408448,5.382588,17.325000762939453,40.29069900512695,75.40843293606704,5.3827740622678,16.212911976117237,0.6562425332374625,1.0685927850876142
SB87168_component_794a,74.695973,7.706916,19.045000076293945,37.27006149291992,74.6955203620201,7.706926928806743,5.359746033611131,2.182171626534166,3.553340019631932
SB87168_component_797a,78.909366,4.796752,18.447999954223633,44.995121002197266,78.90957611393519,4.796622010951949,7.879519574182573,1.437810621598428,2.341259486767306
SB87168_component_798a,79.552407,3.786864,17.305999755859375,39.69266128540039,79.55252587387606,3.7866615883860213,9.322062180092175,1.1400839591319134,1.8564561597558724
SB87168_component_799a,80.21566,6.596746,16.79400062561035,50.58434295654297,80.21593937369158,6.596548977112638,12.128582180325044,0.8503471632143774,1.3846631350574132
SB87168_component_801a,75.330092,8.011339,17.224000930786133,41.30455780029297,75.33013187978095,8.011047582049244,8.055072953455097,1.3131571406255573,2.138279942380679
SB87168_component_804a,81.222043,7.275347,16.905000686645508,20.896167755126953,81.22203408734256,7.275312471112913,11.608777713700228,0.8942950662949994,1.4562257201888604
SB87168_component_806a,76.952947,2.869953,18.58300018310547,24.323299407958984,76.95313834840111,2.8697788195712226,15.162335699642535,0.7526652418706052,1.225602740318141
SB87168_component_808a,80.314596,8.961899,18.70199966430664,48.07712173461914,80.3147791599898,8.96181990508465,13.717121414114803,0.8372924971363453,1.3634055644548309
SB87168_component_809a,81.447136,8.45196,19.04400062561035,12.670659065246582,81.44697661363236,8.452088328050504,6.730139745072375,1.7377457797134772,2.829659018529868
SB87168_component_810a,79.06155,3.829273,17.139999389648438,48.97142791748047,79.06176379810555,3.8290993091657572,9.6528973580537,1.0904487307098212,1.7756326161852354
SB87168_component_821a,79.57337,7.144324,18.667999267578125,52.43819808959961,79.57359863002596,7.144373814570193,12.036203587753882,0.9524899182863942,1.550987330138857
SB87168_component_824a,78.552642,7.48782,17.733999252319336,45.47179412841797,78.55265738057375,7.487692511538319,11.386566896232265,0.956458258183949,1.5574491779596351
SB87168_component_826a,74.995836,7.461469,17.916000366210938,36.267208099365234,74.99597542242728,7.461718656047658,8.355327711718767,1.3168299987582406,2.1442606423543205
SB87168_component_827a,77.0195,7.348993,16.297000885009766,49.384849548339844,77.01943170191873,7.349150576895351,11.730170048744535,0.853209178069863,1.3893234980642086
SB87168_component_829a,76.661809,8.30868,16.58099937438965,49.942771911621094,76.66180391004482,8.308469732254219,10.157671682095136,1.0024637312180162,1.6323622079277154
SB87168_component_832a,79.674057,2.752486,16.957000732421875,21.276037216186523,79.67433640069869,2.7521462413073357,10.35219546078005,1.0059322065040832,1.6380101010133115
SB87168_component_836a,75.44623,7.202331,16.586999893188477,34.92000198364258,75.44628134878818,7.202575593337693,11.697171879460058,0.8708414810973566,1.4180350655798122
SB87168_component_838a,75.283299,3.706345,16.729999542236328,39.180328369140625,75.28341273237561,3.706565548319626,8.75399692223745,1.1736583067934103,1.9111269618724378
SB87168_component_841a,78.07368,5.546642,15.725000381469727,37.98309326171875,78.0739555963872,5.546535339825877,11.456309094218255,0.842942749717745,1.3726061554506925
SB87168_component_842a,77.48474,6.37069,16.18000030517578,45.965911865234375,77.48445719462269,6.370932950402869,10.123197999123262,0.9815511396008783,1.598309181207073
SB87168_component_845a,80.170636,2.40279,17.259000778198242,10.396988868713379,80.17083441121159,2.402599266936048,10.939678795211561,0.9688648832533384,1.5776515107329048
SB87168_component_848a,74.068945,4.390612,16.34600067138672,21.339427947998047,74.06892267973967,4.390851249293237,6.643963244836149,1.5109024611233908,2.4602786121809497
SB87168_component_849a,78.382577,3.306012,17.347999572753906,39.88045883178711,78.38271278696924,3.3059359888150825,6.3389855868635765,1.6806673991539112,2.736715415271579
SB87168_component_851a,78.344037,8.656808,16.542999267578125,43.764549255371094,78.34417671791682,8.656533923701877,6.049445104811163,1.6793872351299162,2.7346308596835387
SB87168_component_853a,78.08039,4.935469,15.668999671936035,37.21852493286133,78.08040180289943,4.935385137224844,9.638642582300424,0.998337840521052,1.6256438122012369
SB87168_component_859a,74.937901,3.79194,16.291000366210938,34.010440826416016,74.93818183192742,3.7922203106680232,6.053653898760436,1.6526553853233914,2.6911020416193154
SB87168_component_860a,78.153157,4.801379,15.519000053405762,35.67586135864258,78.15321908812024,4.801329255879473,10.626000599224852,0.8969041551025555,1.4604742309668084
SB87168_component_861a,74.417402,6.050181,16.19300079345703,24.989198684692383,74.41722567778866,6.050343169598759,10.107645859188706,0.9838512855073551,1.6020546246914877
SB87168_component_862a,80.900596,5.943847,15.932999610900879,32.1878776550293,80.90095908944858,5.943897229529966,7.472444566338429,1.3094441537501667,2.13223389875319
SB87168_component_866a,79.123337,7.63429,16.009000778198242,44.223758697509766,79.12346923547206,7.634116152291284,9.76814198353076,1.0064782623371227,1.6388992712421324
SB87168_component_867a,74.983966,7.753838,16.045000076293945,35.81473159790039,74.98391345859157,7.753860342132732,11.435136594121929,0.8616889113215757,1.4031314750137442
SB87168_component_868a,76.631695,7.49478,16.077999114990234,40.19499588012695,76.63154534382555,7.494863775108443,9.526562542662061,1.0364489475109362,1.6877020481405949
SB87168_component_869a,75.152283,5.161427,16.58300018310547,32.51568603515625,75.15249243195838,5.16150621676056,11.151665102881758,0.9132202316418685,1.4870425205667424
SB87168_component_874a,79.81116,10.0141,15.336000442504883,10.954286575317383,79.81117445879357,10.014593115691309,9.289189717740141,1.013879675228707,1.650951364812452
SB87168_component_875a,78.542428,4.339262,15.619999885559082,45.144508361816406,78.54277255036865,4.339130245212239,8.235402662479107,1.1647918555998307,1.8966892726113511
SB87168_component_876a,78.406443,3.843343,15.979999542236328,48.2779426574707,78.406638801944,3.843004397420001,22.98186022183028,0.42701558017322105,0.6953309866125222
SB87168_component_879a,76.01965,5.820275,15.826000213623047,29.47113609313965,76.01970928889739,5.820280529589248,5.724311516606291,1.6978528370749069,2.764699329816633
SB87168_component_882a,77.933133,8.67602,15.258999824523926,37.676544189453125,77.9331848561666,8.675777131667086,10.371460606504222,0.9035210671250534,1.4712488822408096
SB87168_component_886a,73.802773,6.136227,15.100000381469727,10.686483383178711,73.8026809309321,6.136766710130281,8.113407715253272,1.142946218222265,1.861116920462607
SB87168_component_890a,75.086441,9.281798,16.656999588012695,27.715473175048828,75.08647437382311,9.282066947050675,11.272615120041126,0.9074531932965215,1.4776517614265825
SB87168_component_891a,79.577898,3.537402,14.692999839782715,34.329437255859375,79.57810036142669,3.537210663210603,6.877249643801783,1.3120422545359884,2.1364645171816594
SB87168_component_892a,75.259951,6.9349,14.628000259399414,26.500001907348633,75.26003082876345,6.9353221396107605,10.37086059547122,0.8662082190878794,1.4104904915786078
SB87168_component_893a,76.517654,7.972699,16.527000427246094,51.971702575683594,76.517679505596,7.972463512124367,8.335903084242963,1.2175688228635715,1.9826286678508112
SB87168_component_902a,78.897393,3.703284,15.013999938964844,42.05602264404297,78.89760927406756,3.7030998005942144,13.968214920675601,0.660096816944095,1.0748689094653952
SB87168_component_903a,75.218248,5.393655,14.718000411987305,33.52619552612305,75.2183101536936,5.39397520834023,6.921131641561131,1.3059418471054056,2.1265309163614625
SB87168_component_904a,75.227357,8.510869,15.550999641418457,35.26303482055664,75.22731422107233,8.510406901614326,10.13330796428354,0.9424519278670931,1.5346419645223883
SB87168_component_905a,77.535624,2.553105,16.07900047302246,15.140301704406738,77.5358083910061,2.5530511872197788,5.486437858641243,1.7997853849048113,2.930681233853352
SB87168_component_907a,77.649954,3.527155,14.859000205993652,38.6953125,77.64993301941897,3.5273430490813107,8.589788590538381,1.0623295226966807,1.7298446928438709
SB87168_component_909a,80.59033,9.747166,15.975000381469727,15.646425247192383,80.5903990098195,9.747401189369503,9.707778132828519,1.01058575557076,1.6455877094520237
SB87168_component_913a,76.027055,6.914417,15.559000015258789,37.04523849487305,76.0270011044938,6.914765330491223,9.15495737076478,1.0437043469168028,1.6995163805944662
SB87168_component_916a,79.16716,8.121621,15.680000305175781,40.621761322021484,79.16733955414304,8.121633446915938,7.270407459403587,1.3244618498551881,2.156687970066269
SB87168_component_917a,79.009924,7.913521,15.550999641418457,41.35904312133789,79.01012175035915,7.913263773160657,7.937507212406306,1.2031681195430122,1.9591792769790848
SB87168_component_918a,77.411584,9.177361,15.37600040435791,37.965431213378906,77.41156012426406,9.177480681054936,5.489092276240305,1.7202635505275374,2.801191823812723
SB87168_component_920a,79.797684,5.523771,14.41100025177002,41.77101516723633,79.7980224271361,5.523550973774351,8.63567151773372,1.0248260326556533,1.6687758702002984
SB87168_component_925a,81.102296,6.914576,15.038000106811523,21.2401123046875,81.10252953204089,6.914408737675051,6.950932206271676,1.3286150517786752,2.1634508380391138
SB87168_component_926a,80.753674,8.248766,15.590999603271484,27.256990432739258,80.75389281594659,8.248638346163835,24.473950225233104,0.39122087985929155,0.6370446723879037
SB87168_component_927a,80.713517,9.122792,14.307999610900879,21.26003074645996,80.71389696307506,9.12274855756037,12.177426769387713,0.721565118348802,1.1749608420449809
SB87168_component_930a,80.825359,2.498014,13.88599967956543,2314.333251953125,80.82559598075959,2.4975704984355795,5.90696885964078,1.4436589478505277,2.350782611102148
SB87168_component_933a,78.04094,4.140721,14.814000129699707,40.92265319824219,78.04110762266811,4.140445149327036,6.947837352881279,1.3094075429191148,2.13217428349216
SB87168_component_934a,79.540291,5.013581,14.64799976348877,38.95744705200195,79.54084943215292,5.013506523997342,8.542044922914808,1.0530975699875886,1.7148118390473672
SB87168_component_935a,80.948391,4.984332,14.805000305175781,23.65015983581543,80.94849145362177,4.984067638804935,7.278541823362213,1.2491545558570374,2.034061308496656
SB87168_component_936a,77.06952,8.255947,15.192000389099121,39.76963424682617,77.06953666836908,8.255636204139405,9.273792780902863,1.0060271764257123,1.6381647453222568
SB87168_component_939a,79.671601,6.221202,14.194000244140625,38.78142166137695,79.67178044041215,6.221153454129045,8.688439926062518,1.003263802137087,1.6336650037210019
SB87168_component_941a,77.140482,6.427038,14.531999588012695,35.357662200927734,77.1401091668057,6.427177173740177,7.306551412098308,1.2214201202454797,1.9888999294455618
SB87168_component_945a,77.552503,5.189412,15.305999755859375,43.982757568359375,77.55258399293918,5.189491364635433,10.362997399795308,0.907044199344341,1.4769857759649445
SB87168_component_948a,79.141183,8.175835,14.182000160217285,44.7381706237793,79.14127053831318,8.175593713465945,11.733042464612762,0.7422991801419545,1.2087231596570676
SB87168_component_955a,76.963529,5.028291,14.368000030517578,37.319480895996094,76.96369477269975,5.0285681352553535,8.930895135678227,0.9879920901578071,1.608797305559948
SB87168_component_956a,80.402679,8.947192,14.020000457763672,27.065637588500977,80.4028536829866,8.94720532470058,14.43907864378563,0.5962943349816143,0.9709761130636737
SB87168_component_961a,76.752446,3.777772,14.520000457763672,35.67567443847656,76.7525742914555,3.7779884857631436,7.261079793206098,1.228054266191758,1.999702643586076
SB87168_component_962a,74.846569,4.94906,15.75,27.680139541625977,74.84670575115075,4.949266122935224,7.784119213365856,1.2425767323294787,2.023350306988643
SB87168_component_963a,78.529634,3.582947,14.831000328063965,35.73735046386719,78.52982796933655,3.582551039640436,9.854314015066072,0.924264312888462,1.5050261545744466
SB87168_component_966a,79.85348,5.940145,14.079000473022461,42.53474426269531,79.85376766644343,5.939959822686297,7.637001406373083,1.1321424908612925,1.843524666798349
SB87168_component_967a,78.632346,4.428315,14.121999740600586,45.2628173828125,78.63247253984672,4.428005798012369,10.88489792133476,0.7967534928382229,1.2973938609861466
SB87168_component_971a,78.555353,8.672107,14.395000457763672,44.56656265258789,78.55551538892476,8.671852331593357,7.217905827136609,1.2247645541562797,1.9943458397093363
SB87168_component_972a,80.158686,3.454849,14.232999801635742,28.580320358276367,80.15892076948421,3.454875252917206,8.96997487356607,0.9744450508991952,1.5867379788966258
SB87168_component_979a,80.049585,3.860265,13.527999877929688,31.755868911743164,80.0497742446026,3.8598563864933584,10.507450766554557,0.7906574443300165,1.2874673580189024
SB87168_component_980a,76.008842,7.511428,13.760000228881836,33.97530746459961,76.00875863230492,7.511723305048189,9.062838925922573,0.9324087001855548,1.5182880708079123
SB87168_component_981a,73.969668,6.797986,14.52299976348877,12.370527267456055,73.9693754771318,6.798335328404056,7.10543347360405,1.2552143341132451,2.043928750784904
SB87168_component_989a,75.589632,7.323917,14.430000305175781,31.16630744934082,75.58978650234658,7.323919036328162,9.582109323084275,0.9248203047139619,1.5059315040804684
SB87168_component_991a,76.602825,6.722779,13.067000389099121,33.852333068847656,76.60253115452133,6.7229986101792605,7.395302747911076,1.0851057970894413,1.7669324481394773
SB87168_component_993a,77.404271,5.075006,13.498000144958496,34.34605407714844,77.40436175624312,5.07508251955815,5.98234393118216,1.3856392871553005,2.256306273967632
SB87168_component_997a,77.759804,4.247496,14.043999671936035,36.383419036865234,77.76009633656552,4.247462731503813,8.06069223318878,1.069967554657428,1.7422820851677996
SB87168_component_998a,77.296849,9.852658,13.87399959564209,21.053110122680664,77.29674074988796,9.852601132152154,6.156271077376175,1.3839999683246327,2.2536368885099907
SB87168_component_1004a,74.728201,6.832053,14.40999984741211,24.382402420043945,74.72805505491314,6.832357541066787,11.472321744302839,0.7713736426951534,1.2560665721015123
SB87168_component_1005a,77.302232,9.071552,13.079999923706055,34.97325897216797,77.30226962512874,9.071716740549117,7.867328901840436,1.0210160573066702,1.662571895353987
SB87168_component_1006a,79.004546,9.9911,14.154999732971191,12.077644348144531,79.00459576777953,9.99138757911371,8.814837358547873,0.9861607183695971,1.6058151905939464
SB87168_component_1008a,75.531314,2.641722,12.432999610900879,11.448434829711914,75.53160484509091,2.641714064517333,10.407894637167198,0.7336098779682958,1.1945739310716994
SB87168_component_1011a,78.858801,5.300249,13.076000213623047,33.18781661987305,78.85903725546845,5.299985960858693,8.887518628855522,0.9035382288940293,1.4712768276140187
SB87168_component_1013a,79.479936,5.533259,13.553000450134277,39.62865447998047,79.48032624559048,5.53308422651716,10.278436210371341,0.8097678782584278,1.3185858405638373
SB87168_component_1015a,76.791862,4.431786,12.923999786376953,32.47236251831055,76.79188894520505,4.431843581128182,8.114012253772213,0.9781679307129909,1.592800131694227
SB87168_component_1016a,75.419121,6.096944,13.496000289916992,21.15360450744629,75.41894863466732,6.09732037406621,7.175017408763118,1.1551390275850626,1.8809710863466087
SB87168_component_1018a,77.203669,4.687092,12.694000244140625,31.894472122192383,77.2037545543055,4.687139670252592,9.046386248520735,0.8617385331573132,1.4032122767493316
SB87168_component_1019a,79.343612,3.009815,13.800000190734863,25.602970123291016,79.34390660989355,3.0096003669869718,6.954031752124698,1.2186936843449658,1.9844603364830027
SB87168_component_1027a,75.34751,8.540398,14.241000175476074,36.703609466552734,75.34742349014712,8.540188248092843,8.318497018760672,1.0513510769563028,1.711967936438326
SB87168_component_1029a,78.109146,5.23021,12.607999801635742,31.91898536682129,78.10928054470175,5.23027752772752,11.040455842610154,0.701312089739686,1.1419818150058372
SB87168_component_1031a,78.00763,4.124425,13.734999656677246,33.99752426147461,78.00797971518112,4.124246187511117,6.408971222901555,1.316110847929857,2.143089612822283
SB87168_component_1032a,77.533606,9.829629,13.866000175476074,16.951099395751953,77.5334105606908,9.82985297106,7.123455214161165,1.195398318463769,1.9465273183596326
SB87168_component_1037a,76.497455,6.841578,14.145000457763672,34.5843505859375,76.49717766807399,6.841823362980214,9.753429766092747,0.8906308663576746,1.4502591187910097
SB87168_component_1042a,81.209734,5.996589,13.47599983215332,16.823970794677734,81.2101777616642,5.996705303884833,6.9840852952660315,1.1849597524489697,1.9295296753159148
SB87168_component_1046a,77.81903,9.260872,12.699000358581543,24.998031616210938,77.81917303182512,9.261100122064436,8.760368783298937,0.8902239701961331,1.4495965492675773
SB87168_component_1047a,75.483759,8.15442,13.156999588012695,33.56377410888672,75.48375625150794,8.154142908561855,6.40541675272421,1.2614255032059603,2.0540427104008576
SB87168_component_1048a,77.29358,3.519825,13.045000076293945,29.248878479003906,77.29369009933875,3.5199299631881233,14.649951993816076,0.5468396817007483,0.8904466090947192
SB87168_component_1053a,74.317885,7.677834,12.859999656677246,19.251497268676758,74.31811766471766,7.677973439231807,8.259293952023855,0.956203152735842,1.5570337769036584
SB87168_component_1056a,78.645479,8.356714,13.434000015258789,32.293270111083984,78.6456967206521,8.356400568677234,8.252045560673041,0.9997602485235517,1.627959990827184
SB87168_component_1059a,78.181385,7.727963,11.982000350952148,33.752113342285156,78.18149126478899,7.727511912592877,6.948675841582849,1.0589596522949931,1.7243573630602331
SB87168_component_1062a,76.153223,6.798041,13.059000015258789,30.511682510375977,76.15305280169616,6.798415113359756,12.863539183782404,0.6234499379459588,1.0151949497477966
SB87168_component_1065a,78.150164,3.064341,13.33899974822998,28.08210563659668,78.15029327434398,3.064113219990783,7.781575624199966,1.052707844846555,1.7141772299618796
SB87168_component_1067a,78.527363,7.512489,12.515999794006348,38.15853500366211,78.52755685602524,7.512449652660498,4.962474939562892,1.5488856570934941,2.522128564161332
SB87168_component_1068a,76.307052,9.136499,13.788999557495117,32.29273986816406,76.307121306451,9.136849275192109,6.210745696887916,1.3634560644750509,2.2201842146595245
SB87168_component_1074a,78.39301,7.524843,12.043999671936035,35.216373443603516,78.39312104010281,7.524816522787366,7.399836564154324,0.9995413027325246,1.6276034703629243
SB87168_component_1077a,74.874508,3.930286,12.131999969482422,29.955554962158203,74.87461199134482,3.930510038623533,7.8969662361723545,0.9434616613386303,1.536286164414802
SB87168_component_1079a,76.012664,4.65525,12.727999687194824,26.909090042114258,76.01270189661186,4.655488491510651,4.673282570300134,1.6725929116184997,2.7235673203423243
SB87168_component_1080a,79.782803,5.678845,11.857000350952148,34.17002868652344,79.78321389619246,5.6786500668562905,7.192176925223807,1.0124337351442545,1.6485968677116742
SB87168_component_1084a,74.471016,3.098134,11.8149995803833,12.28170394897461,74.47108201654116,3.0977513913147012,5.582242104925293,1.299801936959523,2.116532991279392
SB87168_component_1087a,74.200384,7.94628,11.961000442504883,15.217557907104492,74.20038730491812,7.946238425110546,8.29086738495112,0.8859713442587058,1.442671784162834
SB87168_component_1089a,78.469723,7.82508,12.020000457763672,34.6397705078125,78.46995587659076,7.824784886995761,5.818267642666996,1.2687116462746966,2.06590710431016
SB87168_component_1091a,77.996898,7.121298,12.055000305175781,30.51898765563965,77.99682053248993,7.121464756798907,6.720920878732236,1.1015154179963527,1.7936530607468943
SB87168_component_1095a,79.927097,8.352916,12.321999549865723,39.242034912109375,79.927403590102,8.352994443183904,6.966800433150925,1.0861753832427552,1.7686741091696183
SB87168_component_1097a,77.200064,3.483749,12.640999794006348,27.90507698059082,77.20005795929865,3.4837490166536127,7.8254860756068325,0.9920241359401318,1.6153628888830516
SB87168_component_1099a,74.865367,3.779923,11.579999923706055,25.119306564331055,74.86558701324323,3.7802588169700275,7.824017027899014,0.9089309817255322,1.4800581187916504
SB87168_component_1100a,75.258397,5.833049,11.967000007629395,26.359031677246094,75.25849047538783,5.833292168954238,9.751986833949823,0.7536059564909077,1.2271345533372127
SB87168_component_1101a,77.263601,4.478287,12.86400032043457,33.675392150878906,77.26372132136832,4.4783380540080495,11.842918991982389,0.6670669454910293,1.0862187210048004
SB87168_component_1102a,79.126312,8.945975,13.041000366210938,37.26000213623047,79.12643953511082,8.945946922287602,8.024801638704153,0.9979958571050423,1.6250869433723227
SB87168_component_1105a,80.325506,9.780024,11.213000297546387,11.865609169006348,80.32570555336268,9.780277810483948,7.390242150129739,0.9317841148829308,1.517271027086648
SB87168_component_1106a,74.523244,4.049185,12.628000259399414,25.10536766052246,74.52302270395333,4.049218096537115,7.487134829950371,1.0357884537541653,1.6866265328740073
SB87168_component_1111a,76.4653,9.951854,12.253000259399414,12.554303169250488,76.46533841956959,9.952125403824327,8.40741599905419,0.8950185639366678,1.457403827856007
SB87168_component_1115a,77.574958,7.848637,11.043999671936035,26.232778549194336,77.57496440822881,7.848574221610296,6.310741758322637,1.0747268863083725,1.7500319447188843
SB87168_component_1116a,76.713261,4.092031,12.729999542236328,32.8940544128418,76.71335735118961,4.09217191254743,6.364400697430433,1.2283524907674626,2.000188257690303
SB87168_component_1121a,79.158835,5.244213,11.182000160217285,31.147632598876953,79.1591596448996,5.244123258060106,6.063436709293716,1.13253800013357,1.8441686944762046
SB87168_component_1122a,76.130597,9.382352,11.765999794006348,20.42708396911621,76.13046670733452,9.382551775574873,7.6783656387700745,0.9410488856830586,1.5323573202344962
SB87168_component_1126a,76.251424,9.827467,12.182999610900879,15.904699325561523,76.25154323561758,9.82773226264256,7.2094540428797655,1.0377768774720542,1.6898643834109892
SB87168_component_1128a,81.220394,8.015218,12.092000007629395,11.820137023925781,81.22057583444739,8.015192357655039,7.496121542068935,0.990634974219811,1.6131008468536643
SB87168_component_1129a,81.158057,3.582791,12.795000076293945,10.4619779586792,81.15828892175834,3.5826788441419106,4.197643304980762,1.8719183371595625,3.0481389548063533
SB87168_component_1132a,75.999481,5.406009,11.956000328063965,25.656654357910156,75.9995376949591,5.406094418850812,7.514117702461744,0.9771473578640404,1.5911382814973727
SB87168_component_1134a,79.627638,3.625599,12.220999717712402,27.901826858520508,79.62790137301377,3.625278854999717,7.02929241627365,1.067695128716568,1.738581779500214
SB87168_component_1140a,76.604232,8.16131,11.73799991607666,32.97190856933594,76.60419329958506,8.16099176986832,13.923437949172575,0.5177257379403335,0.8430389074110975
SB87168_component_1144a,77.056861,7.002036,11.75,29.974491119384766,77.05673138443244,7.002244725984173,7.002921447021852,1.0304116238200693,1.677871169752582
SB87168_component_1149a,77.934426,2.505482,11.130999565124512,10.590865135192871,77.9346708951039,2.505129549510253,4.132263248008674,1.6542392554785388,2.693681137204535
SB87168_component_1151a,77.361125,5.63127,11.560999870300293,23.837112426757812,77.36083583179303,5.631696931845035,7.309937685303387,0.9712563226549641,1.581545612015771
SB87168_component_1152a,75.329087,8.694346,11.484999656677246,27.54196548461914,75.32899094258948,8.694198417334544,5.562677876063651,1.267941487831122,2.0646530165080206
SB87168_component_1154a,77.169213,8.086988,11.493000030517578,28.949621200561523,77.16928768176051,8.086758021736587,4.562040609428813,1.5471285426545878,2.519267366179047
SB87168_component_1156a,78.975539,3.292638,11.704000473022461,25.443479537963867,78.97580404192915,3.292332529954938,4.215526452647957,1.7050403034447577,2.7764030434847977
SB87168_component_1158a,79.93048,2.529003,11.906999588012695,10.107810020446777,79.93090635041125,2.5289023446467382,13.37367883097027,0.5467686261995551,0.8903309058416228
SB87168_component_1164a,80.506913,3.973488,12.097000122070312,26.88222312927246,80.50712953488282,3.9732562887447065,7.173417978003753,1.0356277657083208,1.6863648764318502
SB87168_component_1168a,77.994844,6.557419,11.885000228881836,29.12990379333496,77.99471016266773,6.557549688272686,6.545675490377235,1.115056467477258,1.8157026339533506
SB87168_component_1169a,75.487861,4.051421,11.583000183105469,29.25,75.487785387033,4.051453209560268,6.639186707360237,1.0714164710775476,1.7446414287859227
SB87168_component_1175a,80.639777,8.900624,10.769000053405762,17.741352081298828,80.63990084897351,8.900683983095618,6.52731021326838,1.0131955258206156,1.6498373298568059
SB87168_component_1176a,78.491915,6.842126,10.824999809265137,27.0625,78.49204752100287,6.842000212095671,11.087567576853926,0.5995753297832651,0.9763187222293086
SB87168_component_1180a,76.687637,3.718487,11.880999565124512,26.05482292175293,76.68768457157218,3.7185785617031417,5.302630930326495,1.3759850542193304,2.240585799998902
SB87168_component_1184a,74.832382,7.544821,11.612000465393066,24.706384658813477,74.83244699715178,7.544971872461799,6.953915761497262,1.0254860492273303,1.6698506084423523
SB87168_component_1189a,80.836206,9.34871,11.0600004196167,12.800926208496094,80.83646881284047,9.348884274225984,9.268350429724704,0.7328326918483302,1.1933083997499663
SB87168_component_1195a,77.62192,4.480876,11.239999771118164,34.26829147338867,77.62217961289514,4.481013259542534,5.554087961679695,1.2428127107134788,2.0237345624823173
SB87168_component_1197a,78.075382,5.361706,10.817999839782715,26.06747055053711,78.07563284390203,5.3617378768971236,7.591143134777994,0.8751690039432065,1.4250817890946132
SB87168_component_1202a,77.58384,9.37674,11.906999588012695,24.550514221191406,77.5837832370832,9.376924233816966,11.93804991336484,0.6125211449700373,0.9973990454406307
SB87168_component_1207a,75.177949,6.378684,11.62399959564209,27.942306518554688,75.17765695744455,6.379007296380978,5.809682080240591,1.2287268717053876,2.0007978810366707
SB87168_component_1212a,74.716121,5.128466,10.517999649047852,15.864253044128418,74.7161182731769,5.128534185181337,7.278707884195634,0.8874236512785543,1.4450366488653488
SB87168_component_1214a,79.080905,9.035254,10.937000274658203,28.93386459350586,79.08114621448138,9.035069991702573,6.365072606656907,1.0552296811744528,1.718283663130527
SB87168_component_1215a,80.745825,3.862014,11.097999572753906,19.10154914855957,80.74592954832706,3.8614645604043103,9.641221392625004,0.706911074590084,1.1510989241719163
SB87168_component_1216a,80.127997,9.512703,10.88599967956543,15.441134452819824,80.12822298117904,9.512823460424451,5.120402248727129,1.3056187398526968,2.1260047845404255
SB87168_component_1217a,78.57987,7.90474,11.668999671936035,33.34000015258789,78.58001742946139,7.904726013704569,6.5789090319605545,1.0892608227074734,1.7736982857260457
SB87168_component_1220a,81.107233,4.587812,10.604999542236328,11.641053199768066,81.10743777378805,4.587450467528494,5.129089152973967,1.2697626365132575,2.0676184846752563
SB87168_component_1222a,76.734231,3.751549,11.491000175476074,28.944583892822266,76.7344930818713,3.7517213962085108,5.461533967902606,1.2920976292032695,2.103987678737987
SB87168_component_1224a,75.496534,3.325264,11.1850004196167,24.262474060058594,75.49663365741098,3.3253268632990802,6.791741710160865,1.0113628127263725,1.6468530307746019
SB87168_component_1226a,76.772176,3.468322,10.871999740600586,22.233129501342773,76.77261695667052,3.4683666296960745,8.20319912959396,0.8139136214273011,1.3253365630706961
SB87168_component_1234a,80.955575,6.672986,10.579999923706055,18.178693771362305,80.9559512679148,6.672806096147415,6.703030732869472,0.969318700452956,1.5783904841469982
SB87168_component_1236a,74.737734,5.881498,11.194999694824219,18.689481735229492,74.7376682897555,5.881805873210046,7.218655810827568,0.9524011005303709,1.5508427037111763
SB87168_component_1237a,78.944164,7.066759,10.380999565124512,27.756681442260742,78.94410669024805,7.066693287859875,6.0102214656524,1.0607201890840774,1.7272241338277659
SB87168_component_1239a,80.39336,3.055381,10.833999633789062,16.34087371826172,80.39351702979769,3.0551711339225744,6.489818153767803,1.0251995952633444,1.6693841610183102
SB87168_component_1240a,77.424562,6.274739,10.585000038146973,28.151596069335938,77.42443604619893,6.275012144730384,6.115494697629215,1.0629465027706062,1.7308493525880162
SB87168_component_1242a,80.22186,3.375392,10.402000427246094,17.996540069580078,80.22208388904573,3.375478748212404,6.1773105335099485,1.0341167457095066,1.6839044064271245
SB87168_component_1243a,78.940759,5.433294,10.005999565124512,25.72236442565918,78.94099504921203,5.432960332609532,5.114226848110627,1.201524495747098,1.9565028815296048
SB87168_component_1246a,81.099759,6.08777,11.411999702453613,17.007450103759766,81.10029480515763,6.087622067536791,6.393505951173467,1.0961621836405955,1.7849361194946647
SB87168_component_1249a,74.190177,5.85178,10.845000267028809,17.159809112548828,74.19021876545624,5.852256409997112,3.7448288590939285,1.7784830460587349,2.895993562080374
SB87168_component_1251a,80.389111,9.2487,9.517000198364258,18.51556396484375,80.38916903838057,9.24881176760249,4.956397674952013,1.179196200599746,1.9201445934130779
SB87168_component_1255a,80.536887,3.641584,11.168000221252441,20.8358211517334,80.537112645272,3.640842585712239,6.798929969068246,1.0087579803318623,1.6426114509284981
SB87168_component_1256a,77.330225,8.305949,11.14799976348877,27.800498962402344,77.33040192834778,8.305771510842652,5.978754704096923,1.145086653148711,1.8646022985103632
SB87168_component_1259a,78.733491,8.54553,11.40999984741211,35.545169830322266,78.7337799433609,8.545323335731839,5.0378797207988875,1.3908810223817194,2.2648416555690924
SB87168_component_1262a,77.364631,6.737046,10.538000106811523,26.67848014831543,77.36440525440977,6.73731775613641,6.6673041106867315,0.9706442168602258,1.5805488893060422
SB87168_component_1263a,75.246027,4.131053,9.199999809265137,23.958332061767578,75.24597091406162,4.131255434655186,6.109315322980046,0.9247991344557981,1.5058970314823257
SB87168_component_1264a,80.62523,5.121786,10.428999900817871,24.085451126098633,80.62524350539819,5.121343093189836,4.043446922259201,1.5839557842245564,2.5792350193608726
SB87168_component_1269a,77.995083,6.375284,10.04699993133545,27.986072540283203,77.99493493996623,6.375478341281506,6.375701358768921,0.9677441850734281,1.5758266214143093
SB87168_component_1274a,78.441684,3.156562,10.447999954223633,23.2177791595459,78.44190926156307,3.1565548313911704,6.152674290912603,1.0428488687163315,1.698123362332889
SB87168_component_1275a,75.650512,9.812255,10.090999603271484,11.089010238647461,75.65061477478403,9.812266886386961,6.862776880670501,0.9029972900647841,1.4703959896603227
SB87168_component_1281a,80.138527,6.295634,10.751999855041504,32.28828811645508,80.13882305002092,6.295457704852067,6.137449749461607,1.0758542453274997,1.7518676802176176
SB87168_component_1282a,76.820789,7.814972,10.149999618530273,24.7560977935791,76.82063820362909,7.814912907585349,6.97295266142087,0.8939257478873517,1.4556243404156455
SB87168_component_1283a,80.185531,5.470542,10.895000457763672,30.013774871826172,80.18587731151547,5.470392695700931,7.1232885254214136,0.9392881744859841,1.5294902654696447
SB87168_component_1285a,78.805499,7.160426,10.529000282287598,32.69875717163086,78.80564121294712,7.160257530857259,4.924533475340379,1.3130285845910579,2.1380706081117347
SB87168_component_1287a,74.909536,9.355596,9.781999588012695,13.974285125732422,74.90927289934216,9.35571912152481,6.032698726938026,0.9957908707888846,1.6214964530439389
SB87168_component_1293a,78.617188,8.352885,9.519000053405762,25.24933624267578,78.61732674702859,8.352713397263548,4.916732797498568,1.1889589480631308,1.93604176705487
SB87168_component_1294a,78.117658,5.030911,9.607000350952148,27.846378326416016,78.11774426975553,5.030698040839363,5.057025528727514,1.1666613163563782,1.899733409763809
SB87168_component_1297a,78.324576,8.42749,10.303999900817871,28.38567352294922,78.32464308444985,8.427321581830482,5.238029321275542,1.2080643210843978,1.9671520086696814
SB87168_component_1298a,80.781225,8.556007,10.699000358581543,17.539344787597656,80.78171286692321,8.555985981598146,11.798313232461538,0.5568976913008505,0.9068245729520574
SB87168_component_1302a,78.138724,6.864535,9.427000045776367,23.626567840576172,78.13877840887288,6.864371260571178,4.221562640315553,1.3713629399808858,2.233059378475009
SB87168_component_1304a,80.062252,5.117972,9.321000099182129,24.336814880371094,80.06239538580061,5.117899405458206,6.033142758015336,0.9487920743101944,1.544965944457175
SB87168_component_1305a,75.110239,6.711612,9.069000244140625,17.64396858215332,75.1099912589008,6.711877257407209,8.502453707680159,0.6550391764342642,1.0666332985675313
SB87168_component_1307a,75.307539,7.111734,9.892000198364258,22.08035659790039,75.30770608378766,7.111952173844127,3.503353212797107,1.7340129163813918,2.8235806090663638
SB87168_component_1312a,77.174077,3.067131,10.487000465393066,17.305280685424805,77.1743277555033,3.067010805556436,6.210253167863174,1.0370366847892376,1.688659090367074
SB87168_component_1315a,77.995534,8.307802,9.857000350952148,25.404640197753906,77.99567613234964,8.307503552644675,6.3750327429908555,0.949542679075586,1.5461881920198144
SB87168_component_1319a,78.775859,4.262733,9.720999717712402,25.853723526000977,78.77616590823094,4.262560863070545,8.710592347226044,0.6853546734132446,1.1159975499034955
SB87168_component_1320a,75.84139,6.419225,10.564000129699707,19.10307502746582,75.84120472022322,6.419354432633745,7.06773423415709,0.9179104725254981,1.494679876139908
SB87168_component_1321a,78.5099,4.917179,10.395999908447266,27.286088943481445,78.51002244402908,4.916910500833622,6.70857856225069,0.9516733206102264,1.549657622994202
SB87168_component_1328a,79.958214,4.158237,9.515999794006348,20.914283752441406,79.95836262091727,4.157944840870592,6.430398628684637,0.9088007256864975,1.4798460163196574
SB87168_component_1329a,76.80622,6.635943,9.664999961853027,23.6887264251709,76.80588468205917,6.636179749752135,11.182541211298654,0.5307787003469505,0.8642937038396667
SB87168_component_1332a,79.57505,4.870241,9.241000175476074,22.375303268432617,79.57563688518785,4.870184151847124,5.603317279797747,1.012805151007854,1.6492016628781068
SB87168_component_1336a,77.97194,9.542443,10.012999534606934,14.72499942779541,77.97195325470742,9.542249116189348,6.318282076655983,0.9732341118267019,1.5847661457853777
SB87168_component_1337a,78.182443,4.660592,9.928999900817871,25.92428207397461,78.18277936047886,4.660598007878031,7.793195974296418,0.7824237888109578,1.2740600818413625
SB87168_component_1338a,80.720887,5.390564,10.255999565124512,22.640174865722656,80.72109468713232,5.390334813819399,5.985049268557146,1.052355321063523,1.713603197722212
SB87168_component_1339a,77.990025,7.087477,8.859000205993652,26.52395248413086,77.99015360257313,7.087416047994669,6.557086428130437,0.8297092677269475,1.351057409886778
SB87168_component_1341a,76.643481,7.751884,9.29699993133545,24.465789794921875,76.64345116349334,7.751736201078024,4.338632467690389,1.3159582262125848,2.142841091189404
SB87168_component_1342a,78.375749,9.016344,8.805999755859375,24.66666603088379,78.3758623591577,9.016393603593453,3.1259661483416115,1.730001723744219,2.817048981970306
SB87168_component_1345a,79.986003,4.015127,9.562000274658203,25.229551315307617,79.98618924878974,4.0147379997004045,4.999012549850349,1.1746721227484678,1.9127778094784844
SB87168_component_1346a,77.541061,9.152101,8.89799976348877,19.135482788085938,77.54111611634447,9.152282782801304,5.88479109709622,0.9285674947371038,1.5120332424169451
SB87168_component_1348a,79.849489,4.983913,9.675999641418457,24.434343338012695,79.84984992689586,4.983830589107793,5.316657248639385,1.1176589949024092,1.8199404605016989
SB87168_component_1349a,74.204863,3.644203,9.986000061035156,12.060386657714844,74.20477668912241,3.6440349540232853,7.238776383203771,0.8471855526311465,1.3795149252304306
SB87168_component_1351a,75.366633,8.733205,9.736000061035156,22.027149200439453,75.36647721410472,8.733238220259198,4.362032074710994,1.3707045382496075,2.231987269758949
SB87168_component_1354a,79.199951,8.121216,9.604000091552734,26.752090454101562,79.2000527624449,8.120861567728591,6.79068673215658,0.8685415449433692,1.4142899636459456
SB87168_component_1360a,74.234846,8.763996,9.166999816894531,10.73419189453125,74.23468279171743,8.763949283817732,5.690509770456336,0.9893004047249512,1.6109277000959104
SB87168_component_1369a,77.571182,9.118547,9.47700023651123,20.73741912841797,77.57136495905158,9.118871711099425,6.185944718641654,0.940842645309738,1.5320214886421173
SB87168_component_1371a,74.760999,8.611713,9.642999649047852,18.5799617767334,74.76100803992679,8.611495836489869,6.438399475328513,0.9197850980886817,1.4977324234072673
SB87168_component_1372a,80.928707,5.254529,9.70199966430664,18.34026527404785,80.9289702048558,5.254059099798497,5.572752582025232,1.0691622860570076,1.740970825728059
SB87168_component_1373a,79.185235,3.770118,8.708000183105469,24.188888549804688,79.18547884624023,3.770004372767582,3.314518180021333,1.6134301246488174,2.6272295730927087
SB87168_component_1376a,79.866046,7.725229,8.88700008392334,26.29290008544922,79.86615720632103,7.724988785480508,6.612382931326954,0.8253712280001048,1.343993561204708
SB87168_component_1377a,76.017259,5.999731,9.427000045776367,18.891782760620117,76.01716708766978,6.000096976596502,6.350752127405195,0.9115919559754588,1.48439111724993
SB87168_component_1379a,78.952699,8.737113,8.78600025177002,25.54069709777832,78.95295027884376,8.736785921581419,5.005470850188498,1.077949492116063,1.7552794761434187
SB87168_component_1384a,79.988287,4.547612,8.776000022888184,22.7948055267334,79.98849767657929,4.547547221124789,5.273691139962873,1.0219603865251377,1.6641095942053914
SB87168_component_1385a,79.348652,6.343623,8.843000411987305,23.20997428894043,79.34906650943816,6.343609460869629,5.438411421158491,0.9985727797379635,1.626026375566777
SB87168_component_1390a,74.503003,9.077737,9.208999633789062,12.02219295501709,74.50297682412365,9.07769025323444,4.927466779955367,1.1477330509876607,1.86891156146414
SB87168_component_1391a,80.67369,6.416342,9.63700008392334,24.21356773376465,80.67397292191944,6.416153209006595,5.796627899922194,1.0209831563379983,1.6625183210488108
SB87168_component_1393a,76.727783,8.337463,9.467000007629395,25.866121292114258,76.72771664756029,8.337258453377922,5.319961064180819,1.0928386876775107,1.779524303546223
SB87168_component_1394a,77.874613,8.15239,9.776000022888184,27.772727966308594,77.87494730021966,8.152000689603716,4.85270722495828,1.2371696038156386,2.014545607163068
SB87168_component_1401a,75.363684,8.327047,8.090999603271484,18.948476791381836,75.36355876536162,8.326928920040748,4.65689356085203,1.0669842422610734,1.737424207262995
SB87168_component_1402a,75.709995,7.385159,9.451000213623047,21.676607131958008,75.71019615832179,7.385206369612972,3.6674705139530244,1.5825712782888577,2.5769805585801917
SB87168_component_1412a,79.657987,6.463375,9.51099967956543,23.029056549072266,79.65839623856114,6.463508015994002,6.378975243189767,0.9156455472941233,1.4909917842555405
SB87168_component_1413a,74.675182,6.478357,8.074999809265137,12.480679512023926,74.67507088389927,6.478793403385391,6.0700976480445865,0.8169565905405449,1.3302915830137274
SB87168_component_1418a,75.291646,4.371411,8.217000007629395,19.109302520751953,75.29176366464515,4.371642836565447,5.179703391812488,0.9742278345408703,1.5863842745547814
SB87168_component_1427a,78.210114,4.863027,8.357999801635742,21.15949249267578,78.21008804053005,4.862667570869311,3.6552867981199704,1.4042131509411149,2.28655103231148
SB87168_component_1429a,78.714045,5.037207,8.29800033569336,20.590572357177734,78.71435689221835,5.037092148686318,5.925313623251399,0.8600312722708461,1.4004322578186157
SB87168_component_1435a,77.034792,4.441038,8.454000473022461,21.187971115112305,77.03502081645905,4.441006313501465,6.289853548761308,0.8254178789060732,1.3440695252256467
SB87168_component_1436a,74.481386,8.989263,8.951000213623047,12.329200744628906,74.48169481187004,8.989026396301558,4.7037025250970474,1.168648368059326,1.902969026179726
SB87168_component_1439a,80.31011,5.283731,8.21500015258789,22.3233699798584,80.31020885260924,5.283502681630922,4.855305354175676,1.0390660737278068,1.6919636466371366
SB87168_component_1442a,75.849332,6.44923,8.29699993133545,16.527889251708984,75.84929358602525,6.449452909104653,5.464894267500379,0.9323768032526807,1.5182361314248196
SB87168_component_1446a,75.904024,7.508641,7.521999835968018,17.371824264526367,75.90409547832951,7.508757993233436,5.9580553982657065,0.7753198803257735,1.262492429687302
SB87168_component_1448a,75.638052,5.043129,9.175000190734863,22.161836624145508,75.63806724160791,5.043187816840028,4.26719410036829,1.320431333463991,2.150124877127805
SB87168_component_1450a,75.135481,4.553216,8.689000129699707,18.064449310302734,75.13552855717232,4.553557662713695,4.380366064564803,1.2181801973967934,1.9836241998105641
SB87168_component_1452a,75.186876,9.329892,7.925000190734863,14.330923080444336,75.18664445587694,9.329690186986335,6.7134323937094456,0.7249479047043005,1.1804692035270465
SB87168_component_1455a,76.917797,3.716485,8.614999771118164,18.408119201660156,76.91805146500103,3.716333330455513,6.146343855576439,0.8607768027320769,1.401646242636095
SB87168_component_1456a,75.73132,8.434704,8.449000358581543,17.862581253051758,75.7312025447787,8.434315531155834,4.984967850769019,1.0408666751124687,1.6948956566045128
SB87168_component_1457a,75.181062,7.930422,7.952000141143799,16.776371002197266,75.18110771171132,7.9304227948306645,7.304870097069885,0.6685224856433868,1.088588850379898
SB87168_component_1459a,78.631633,7.798089,8.605999946594238,26.978055953979492,78.6316918337693,7.798079998416101,3.2576074129854513,1.6223880241795148,2.6418161722892277
SB87168_component_1460a,74.348318,8.110251,8.154000282287598,11.903650283813477,74.34847765513803,8.110333139386645,3.7732900020033147,1.327097022311756,2.160978954164264
SB87168_component_1462a,77.946013,2.835274,7.958000183105469,11.320056915283203,77.94644592440731,2.8350999975259374,7.09109596743348,0.6891959541154289,1.1222525008339088
SB87168_component_1464a,80.65705,9.289996,8.244999885559082,12.417168617248535,80.65745110716531,9.290091566635153,4.122386671732429,1.2282706265813341,2.000054954110874
SB87168_component_1466a,78.054046,9.210345,8.460000038146973,18.512035369873047,78.05402148296916,9.21044741168318,3.9413102651063405,1.3182017321536366,2.146494304964015
SB87168_component_1470a,75.346333,7.96053,8.133000373840332,19.364286422729492,75.3464830371197,7.960411809047052,3.808151756663419,1.3115615695305334,2.1356817935654453
SB87168_component_1473a,79.281836,6.969352,8.269000053405762,21.817941665649414,79.28215511397836,6.969189183326479,3.088190923847391,1.6443754713162289,2.6776194404146207
SB87168_component_1477a,80.46597,6.922364,8.335000038146973,22.46630859375,80.46634530974589,6.922327481425566,7.251743944463984,0.7058546540980911,1.1493787014515249
SB87168_component_1478a,76.727248,6.443641,8.449000358581543,18.733924865722656,76.7269415065338,6.4438788567920735,4.8772431030200005,1.0638565277091991,1.7323311920518996
SB87168_component_1479a,74.422277,8.394306,7.638000011444092,12.902027130126953,74.42240006966031,8.394225619765605,4.932859521012775,0.950896052295477,1.5483919578305607
SB87168_component_1482a,80.444352,3.240156,7.539000034332275,12.39967155456543,80.44454516436443,3.239649314262607,5.540237656695826,0.8356751497918906,1.3607719562753384
SB87168_component_1483a,79.919548,7.909181,8.9350004196167,24.682321548461914,79.91994971766374,7.9087158014592545,6.970201024556678,0.7872295923658391,1.281885613935358
SB87168_component_1485a,78.899961,5.050681,9.072999954223633,24.654891967773438,78.90011212353114,5.050236230630291,3.21210065144026,1.7346581488858497,2.8246312736667916
SB87168_component_1488a,78.339715,3.180341,8.151000022888184,17.016700744628906,78.33993706443871,3.180352668234295,4.991815752250432,1.0027772778074395,1.6328727716389602
SB87168_component_1492a,75.815583,7.643484,9.005000114440918,22.125307083129883,75.815485579747,7.643282194098869,4.867196220698315,1.13620580799204,1.85014117083386
SB87168_component_1499a,75.616943,7.048403,7.567999839782715,16.06793975830078,75.61690665404986,7.048656131599866,4.269981509202922,1.088446926264949,1.7723729771362486
SB87168_component_1502a,77.610307,3.013835,9.017999649047852,15.848856925964355,77.61046289872014,3.0139186779253477,3.842570490669583,1.44125394236592,2.346866419482764
SB87168_component_1504a,77.97738,9.636603,8.36299991607666,12.671211242675781,77.97756179781689,9.636787864979894,4.684308670138837,1.0963992376499778,1.7853221264833499
SB87168_component_1506a,77.143654,7.680361,8.694000244140625,26.186748504638672,77.14340091325352,7.68054000526924,4.632256017996269,1.15260163491291,1.8768393219987236
SB87168_component_1507a,78.376275,7.419143,8.418000221252441,25.664634704589844,78.3764065186372,7.418856948904404,4.00625479655102,1.290394500338285,2.101214388186065
SB87168_component_1512a,80.429613,4.513365,8.522000312805176,18.093420028686523,80.42954818957317,4.513399431299077,4.34570921181024,1.204295380853703,1.961014853374248
SB87168_component_1513a,77.41506,2.873871,8.331000328063965,12.719084739685059,77.41517692789678,2.8739221280780094,6.307799166071303,0.8110944535669119,1.320745969985087
SB87168_component_1516a,80.201101,3.434522,8.454999923706055,17.50517463684082,80.2013226301568,3.434027674287767,5.882126840998174,0.8827370603013148,1.4374052366186776
SB87168_component_1517a,78.898322,2.742821,8.718999862670898,12.402560234069824,78.89883775088569,2.7429291836661664,6.452418183402674,0.8298437011043961,1.3512763145294073
SB87168_component_1520a,76.320208,3.086191,8.473999977111816,15.241006851196289,76.32011476246221,3.0859976843497083,3.6711051015511953,1.4175675975291708,2.3082967506245455
SB87168_component_1529a,76.001104,3.72765,7.741000175476074,20.2643985748291,76.00112054824667,3.7276842002027384,5.902226596196833,0.8054402635248354,1.311538967423595
SB87168_component_1535a,76.988899,4.734939,8.491999626159668,20.712194442749023,76.98894562331733,4.735141119512038,5.735913241514134,0.9092002155326205,1.4804965257664877
SB87168_component_1537a,78.777476,7.454405,7.392000198364258,20.76404571533203,78.77762930642245,7.454515394696464,4.84704243049708,0.9365636238839791,1.525053742433648
SB87168_component_1538a,80.773445,7.041556,7.46999979019165,14.675834655761719,80.77388715303188,7.041480495637875,4.7022424428237155,0.9755908307986629,1.5886037100430503
SB87168_component_1540a,74.776906,7.538943,7.947000026702881,15.894000053405762,74.77701527835502,7.539121956610791,5.167353676396221,0.9444678181043262,1.537924540176863
SB87168_component_1541a,76.571216,7.142444,7.464000225067139,18.65999984741211,76.57116533657543,7.14262539735007,5.625757015675325,0.8147845978895676,1.3267548179329156
SB87168_component_1542a,79.431184,7.974039,8.133999824523926,22.043359756469727,79.43147912565867,7.973854307404278,7.001284239236447,0.7134747148358168,1.1617868303274332
SB87168_component_1549a,76.590994,7.176944,8.204000473022461,25.165645599365234,76.59085826311184,7.177165914029275,4.054722813083151,1.2425579249981666,2.0233196820633617
SB87168_component_1552a,79.366697,6.471467,8.071999549865723,19.497583389282227,79.36700916025934,6.471533403228245,6.542606376905398,0.757674155925616,1.2337590074742837
SB87168_component_1555a,78.5398,9.699568,8.196000099182129,11.912790298461914,78.53994841551061,9.699833866903065,5.635434954811117,0.8931546239700667,1.4543686804840132
SB87168_component_1561a,79.901795,7.842291,8.07699966430664,23.686216354370117,79.9017233612095,7.8419800409885605,6.305360633107922,0.7866694254736611,1.2809734659578822
SB87168_component_1566a,75.400346,9.243792,7.105000019073486,16.258581161499023,75.40030001355605,9.243634311322431,7.657613381670435,0.5698004461984872,0.9278347789247618
SB87168_component_1571a,80.016218,3.490398,8.031000137329102,16.2570858001709,80.01641641872013,3.4904053568864746,5.93406465407358,0.8311310301544608,1.353372537290444
SB87168_component_1574a,76.515075,4.655968,8.1899995803833,21.383811950683594,76.51517353354133,4.656373300095604,4.579502601248379,1.0982917134630161,1.7884037402120254
SB87168_component_1575a,80.618391,8.066762,8.277999877929688,15.858237266540527,80.61879594981404,8.066788435748116,5.568060201434906,0.9130059985333855,1.4866936740009422
SB87168_component_1578a,76.583171,3.595169,8.102999687194824,20.00740623474121,76.58321441768125,3.595222996835258,5.289883193247712,0.9407015879814558,1.5317917978865627
SB87168_component_1581a,76.330396,5.367982,7.756999969482422,15.576305389404297,76.33023262574123,5.368329647172757,3.70067846164052,1.2872549622789413,2.0961021201619676
SB87168_component_1582a,75.909346,9.34179,7.5920000076293945,13.679279327392578,75.90946265444909,9.342546832263523,3.79273168993498,1.2292952878500985,2.0017234616877277
SB87168_component_1587a,79.57208,4.199423,7.7789998054504395,22.81231689453125,79.57233300919317,4.198878012683498,4.093909108793477,1.1669109136326505,1.900139841586029
SB87168_component_1589a,78.196266,9.166667,7.480999946594238,16.849098205566406,78.1964341158529,9.166857398814802,6.943757235139838,0.6616331554682704,1.0773706069007727
SB87168_component_1593a,76.322025,8.429587,7.815999984741211,15.758064270019531,76.32196121289053,8.429202685128248,6.49920580018249,0.7385440403641036,1.202608476334408
SB87168_component_1597a,78.489139,8.112272,7.5920000076293945,21.507083892822266,78.48934228853905,8.111801281380746,5.014285024240462,0.9298209359814057,1.5140742839562438
SB87168_component_1601a,76.359047,5.529949,6.947999954223633,16.582338333129883,76.35914076473647,5.5302274214378775,7.1471357678304654,0.59700767209835,0.972137675836081
SB87168_component_1602a,80.066029,9.235686,8.03499984741211,16.915788650512695,80.0660495169934,9.235986350922275,6.613697062597669,0.7460942825098748,1.2149029160788616
SB87168_component_1603a,75.869661,5.679199,8.027000427246094,17.336933135986328,75.86954060305604,5.679790244125207,3.983479668262617,1.2374931928246096,2.015072523452102
SB87168_component_1606a,74.834341,5.099457,8.059000015258789,12.731437683105469,74.83453482073308,5.099815115492266,5.31372822908767,0.9313951141085998,1.5166375975239634
SB87168_component_1607a,79.683212,4.816652,7.283999919891357,18.6291561126709,79.68364356909879,4.816722218321877,5.401860403365783,0.8280922362595323,1.3484243160657863
SB87168_component_1610a,81.021743,4.183551,7.5279998779296875,10.39778995513916,81.02129070830634,4.183471344116239,2.3341935713793207,1.9805913234650914,3.225096654465227
SB87168_component_1612a,74.231524,7.874144,7.85699987411499,10.19066047668457,74.2316801921748,7.873638201216337,4.274491963435991,1.1288191766799986,1.8381131468543574
SB87168_component_1613a,80.005723,3.663167,7.089000225067139,14.987316131591797,80.00622053655346,3.6627366956784955,3.854350987497658,1.1294990433645549,1.839220208035464
SB87168_component_1615a,77.595986,6.302017,6.72599983215332,17.335050582885742,77.59586038406545,6.302158348663719,3.7546850132508203,1.1001083989455207,1.7913619407264005
SB87168_component_1616a,78.050361,7.029221,6.934999942779541,19.590394973754883,78.05037208309804,7.029075020823768,8.593544368148288,0.49559426910882104,0.8070011215027769
SB87168_component_1619a,80.322137,8.366284,7.14900016784668,16.47235107421875,80.32223298744256,8.366279226015788,4.9927253910200795,0.8793459444562295,1.4318833118089926
SB87168_component_1625a,78.25502,3.190642,7.2789998054504395,16.431150436401367,78.25529293216775,3.190368570811559,4.4820055075477665,0.9973588812823321,1.6240497235428406
SB87168_component_1634a,79.775717,6.753825,6.485000133514404,19.592145919799805,79.77602033149554,6.753911735739586,5.43206086998868,0.7331578667900402,1.1938378984931954
SB87168_component_1639a,76.627792,2.912629,7.571000099182129,13.098615646362305,76.62843972641552,2.9123231266024634,3.865100969110728,1.2029416050647614,1.9588104320400312
SB87168_component_1640a,77.317517,3.774951,7.2789998054504395,13.733963012695312,77.31749664449242,3.7748383965312433,4.471393579167144,0.9997259064235,1.6279040698551632
SB87168_component_1641a,75.7508,6.224009,7.386000156402588,12.91258716583252,75.7505565115148,6.22405859548958,3.765814318932338,1.2044881938596377,1.9613288205077046
SB87168_component_1642a,77.866846,4.297082,6.841000080108643,20.120588302612305,77.86696322932227,4.296878031916383,5.380743426787839,0.7807813824256853,1.2713856687629759
SB87168_component_1643a,76.362783,5.737835,7.017000198364258,16.02054786682129,76.36257621350204,5.737967606214966,5.573834722851653,0.7731246840683984,1.2589178810049575
SB87168_component_1646a,77.335545,3.438692,7.145999908447266,16.20408058166504,77.33557804733867,3.438896163496092,5.0110950115085675,0.875754760123113,1.426035605398748
SB87168_component_1653a,75.325086,7.314052,7.979000091552734,18.51276206970215,75.325333273206,7.314228280918154,5.0813405420471565,0.9643225132127548,1.5702549407047175
SB87168_component_1661a,79.040395,5.952679,6.698999881744385,19.645160675048828,79.04071558401327,5.952545249789743,3.5581496743858447,1.1562131241094087,1.8827200918411806
SB87168_component_1665a,80.447391,7.162143,7.556000232696533,20.203208923339844,80.44757323553908,7.162036645619017,5.358873059444448,0.8659057636657799,1.4099979881740026
SB87168_component_1667a,75.431729,3.488652,6.85699987411499,15.72706413269043,75.43190557203263,3.4886586180929866,4.243954845383375,0.9922372440761482,1.6157099035994966
SB87168_component_1669a,79.886163,5.336355,7.565999984741211,22.927270889282227,79.88645675328952,5.336071787492857,3.2746583562892453,1.4189022473503843,2.3104700281817485
SB87168_component_1672a,80.009146,4.395758,7.458000183105469,20.211383819580078,80.00934732033353,4.39576878301938,3.9513037726147027,1.1591352361163716,1.8874783140680358
SB87168_component_1673a,76.556956,4.033171,6.991000175476074,17.09290885925293,76.55716595388274,4.033227108763706,4.6060449499724525,0.9321016538726015,1.5177880918243938
SB87168_component_1675a,77.168124,9.298784,6.813000202178955,15.106430053710938,77.16807487084559,9.2988785027498,4.440691113577274,0.9421932178806723,1.534220694015042
SB87168_component_1680a,76.432926,9.19566,6.519999980926514,13.842887878417969,76.43318181924602,9.195955345342169,3.7909108851707884,1.0562243040425552,1.7199032576659405
SB87168_component_1681a,78.87338,6.762654,7.599999904632568,21.59090805053711,78.87367864088364,6.762893412640383,3.318875959051084,1.4062893992916827,2.2899318921233562
SB87168_component_1683a,76.452901,8.351492,7.310999870300293,19.290237426757812,76.45276079904203,8.35103265296624,6.577194650457927,0.682634476763427,1.1115681166272426
SB87168_component_1685a,75.650762,7.097199,6.696000099182129,15.980907440185547,75.6508957967267,7.097472464072163,4.514500648198209,0.9108730842528268,1.4832205421998517
SB87168_component_1687a,76.032385,8.9499,6.5269999504089355,16.07635498046875,76.03243151077538,8.94996829702022,5.087758849615187,0.7878421796686566,1.2828831207089553
SB87168_component_1689a,79.894387,5.831551,6.263999938964844,18.587535858154297,79.8946680899095,5.831494001588275,3.938816842622924,0.9766480694314135,1.5903252649832638
SB87168_component_1695a,77.715795,5.398087,6.914000034332275,19.152355194091797,77.7156684178394,5.398028814652409,4.974279749493253,0.8535939116857761,1.389949979197818
SB87168_component_1697a,79.122499,7.287163,7.186999797821045,20.953351974487305,79.12247532255718,7.287014387862592,4.39537769303973,1.004161509217636,1.6351267853959326
SB87168_component_1698a,79.360364,5.240283,6.7220001220703125,19.828908920288086,79.36077628778023,5.2400805559046715,7.473133842339746,0.5523926521121313,0.8994887906310717
SB87168_component_1699a,77.263931,7.243937,7.314000129699707,20.03835678100586,77.26409748237313,7.2443307978233475,3.190506247793514,1.407821202830188,2.2924262050130486
SB87168_component_1700a,77.967275,4.281521,7.410999774932861,22.188623428344727,77.9674061971739,4.281446360429724,2.745147816029751,1.6579185964253236,2.699672393471049
SB87168_component_1702a,79.059349,6.106815,7.010000228881836,21.05105209350586,79.05939397696794,6.106864937080157,4.285416242607742,1.0045629537732021,1.6357804777946479
SB87168_component_1705a,77.176704,3.704267,6.585000038146973,16.54522705078125,77.17713824421159,3.704138833539339,4.376997898817541,0.9239140704528486,1.504455837167738
SB87168_component_1707a,80.625777,7.310597,7.464000225067139,18.65999984741211,80.62589103106625,7.3106904763728,5.353201028489082,0.8562690142677466,1.3943059835310951
SB87168_component_1709a,79.897592,5.242622,6.677999973297119,18.758426666259766,79.89812884226386,5.242731901593595,3.06860586109594,1.336464539831277,2.1762325549727324
SB87168_component_1711a,74.721079,4.438468,6.513999938964844,12.152984619140625,74.72094123381758,4.438599662465045,5.0171827405617995,0.7973334203339663,1.2983381861501497
SB87168_component_1712a,79.736154,4.060344,6.953000068664551,15.838268280029297,79.7360982641355,4.05982270749333,4.238152539337111,1.0075063390868613,1.6405733404187637
SB87168_component_1717a,78.206614,8.327672,7.380000114440918,20.27472686767578,78.20688384274327,8.327333541413106,4.473961127192391,1.0130159878839953,1.6495449791876478
SB87168_component_1718a,76.847726,8.868786,7.000999927520752,21.215150833129883,76.84773899547189,8.868991122763328,3.7635589196937764,1.1423876281835916,1.8602073401551507
SB87168_component_1721a,80.520567,7.036729,6.548999786376953,16.878864288330078,80.52099795667716,7.036689781037114,4.649607958160491,0.8649893846590347,1.408505802060764
SB87168_component_1729a,78.924433,8.782204,6.684000015258789,19.543859481811523,78.92476269235245,8.782072266458467,4.602995194584205,0.891760143766154,1.4520979780997936
SB87168_component_1731a,76.042106,3.677735,6.24399995803833,15.969308853149414,76.04208266756807,3.6779417423534264,4.677362852235051,0.8198114256391694,1.334940254860636
SB87168_component_1733a,79.630198,7.656815,6.547999858856201,18.03856658935547,79.63024977876871,7.656587316617685,4.993158676094965,0.8053514245318633,1.3113943064147207
SB87168_component_1739a,75.134208,8.778981,7.243000030517578,17.752450942993164,75.13404601169609,8.778817218536258,7.964053876277553,0.5585170495352736,0.9094614555650145
SB87168_component_1743a,78.038028,3.908184,6.505000114440918,17.254642486572266,78.03819968876512,3.908106097239697,5.730132050078311,0.6971637794506081,1.1352269123277914
SB87168_component_1744a,77.468124,9.481047,6.3429999351501465,12.245173454284668,77.46805547200745,9.48139958457935,5.371953143048326,0.7251279219701701,1.1807623347121747
SB87168_component_1748a,75.618809,3.510695,7.085999965667725,15.711750984191895,75.61865458518328,3.510821867907938,13.833992277346693,0.31456163566581985,0.5122165621901584
SB87168_component_1754a,77.648752,9.370409,6.36299991607666,14.395927429199219,77.64866573793927,9.370669708983067,6.047922220951538,0.6461120751639001,1.0520968497302452
SB87168_component_1755a,76.377604,8.769311,6.622000217437744,17.289817810058594,76.37778292864104,8.769487772944824,3.582818085441558,1.1350541223228905,1.8482658230250693
SB87168_component_1758a,80.71508,7.954956,6.613999843597412,13.894957542419434,80.71513642903412,7.9548586497659795,4.966834742226732,0.8177802304928778,1.3316327574515239
SB87168_component_1761a,78.421477,7.367579,6.238999843597412,17.574647903442383,78.42159644534968,7.367243772780457,6.438148344650125,0.5951221749698324,0.9690674258510681
SB87168_component_1764a,78.173327,7.560678,6.835000038146973,20.966257095336914,78.17351081072667,7.5603895539222075,3.484369872674935,1.204665322059723,1.9616172472814357
SB87168_component_1771a,76.174241,9.049554,6.789999961853027,16.361446380615234,76.17406267618516,9.049650953600983,2.796363467147748,1.4911738860900796,2.4281535793266293
SB87168_component_1774a,78.07444,8.811786,6.664000034332275,17.131105422973633,78.0744750282259,8.811614441148805,5.306375100195881,0.7712393530674357,1.2558479015338133
SB87168_component_1781a,75.134246,7.460923,6.254000186920166,12.558233261108398,75.1341745430645,7.461192403504091,4.297059279103204,0.8937965672830701,1.4554139891282525
SB87168_component_1784a,78.240317,8.575838,7.124000072479248,21.920000076293945,78.24041423505207,8.575716404517193,3.36324377262088,1.3008214987113014,2.1181931950557713
SB87168_component_1787a,74.935196,9.154344,6.4029998779296875,12.242829322814941,74.93534302179752,9.15441484976685,6.17465444369398,0.6368292066551078,1.0369810871714304
SB87168_component_1789a,79.212913,7.053066,6.7769999504089355,18.168901443481445,79.21302135871922,7.052851542258859,5.528528140535465,0.7528008406026301,1.2258235425663493
SB87168_component_1790a,79.59321,4.534475,6.394999980926514,17.763887405395508,79.59344600805032,4.534693383167574,4.109957947593817,0.955554158111415,1.5559769862537105
SB87168_component_1791a,80.207584,4.145426,6.392000198364258,17.854747772216797,80.2079166557201,4.1455399276673095,7.223115933412271,0.5434559296692703,0.8849366751537953
SB87168_component_1798a,79.242353,3.246884,5.9770002365112305,13.223451614379883,79.24276753971907,3.2465510319115287,3.742849657420454,0.980692892276473,1.5969116538414576
SB87168_component_1799a,75.476617,7.96667,5.861000061035156,13.988066673278809,75.47656400149556,7.966881959540616,3.3559991467072368,1.07251165803236,1.746424776891174
SB87168_component_1801a,75.970335,6.392766,6.309999942779541,13.837718963623047,75.9703511086054,6.3933492401034275,3.8909470710843954,0.9959239344404732,1.62171312729293
SB87168_component_1805a,77.9667,4.156862,6.144999980926514,17.40793228149414,77.96709693467199,4.1566707540119054,2.7753729500062536,1.35972997672142,2.21411683821184
SB87168_component_1807a,78.072547,5.197024,6.78000020980835,18.423913955688477,78.07281651565752,5.1971760508656315,3.555215830889176,1.1711590362344788,1.9070572736824924
SB87168_component_1810a,79.413827,5.305457,6.796000003814697,21.438486099243164,79.41415753316902,5.305388146037611,4.554697662614788,0.9163174427334527,1.4920858654563713
SB87168_component_1812a,80.284564,6.387265,6.798999786376953,18.730026245117188,80.28505380636554,6.386930510909779,4.546137988365487,0.9184479545279436,1.495555085168336
SB87168_component_1818a,75.103962,7.217995,6.849999904632568,13.894522666931152,75.10383137105018,7.2181943878832575,3.8732681129470112,1.086088317865927,1.7685323362292842
SB87168_component_1824a,77.130042,8.562667,6.48199987411499,18.310733795166016,77.13017130493219,8.562557705611347,4.953518098578072,0.8036138287731088,1.308564891682878
SB87168_component_1832a,77.490979,3.024517,6.255000114440918,11.372727394104004,77.49117029028565,3.0247876769257025,3.7199024918657018,1.032637526226123,1.68149571880411
SB87168_component_1837a,78.267242,9.121185,6.184999942779541,15.423940658569336,78.26736320604124,9.121298465287106,3.902417584954246,0.9733254907132155,1.5849149426308915
SB87168_component_1838a,77.378562,6.907128,6.0370001792907715,16.4495906829834,77.37826099859703,6.907473673760453,5.340537852146581,0.6942059451200817,1.130410521641421
SB87168_component_1840a,75.461509,4.704713,5.795000076293945,13.445475578308105,75.46152311885331,4.704744961972567,3.257244208496912,1.0925850730795885,1.7791113301167265
SB87168_component_1841a,79.024692,6.847932,5.659999847412109,16.59823989868164,79.02484943202708,6.847744676449481,4.109274948653133,0.8458694818840503,1.3773719009158163
SB87168_component_1843a,78.604622,9.038967,6.51200008392334,16.91428565979004,78.60443820708704,9.038990773330639,5.558772788289761,0.7194284565004704,1.1714816078904446
SB87168_component_1849a,74.598529,5.227637,6.311999797821045,11.015706062316895,74.59840511163976,5.22767656034315,3.948150790781203,0.9818053233026546,1.5987230813370525
SB87168_component_1854a,80.768347,5.550632,5.954999923706055,13.946136474609375,80.76865399107011,5.550490184819257,3.260481850203225,1.1216364409154944,1.8264171362692545
SB87168_component_1858a,78.505435,6.736095,5.961999893188477,18.0120849609375,78.50567809421499,6.73628258953288,4.880455571746858,0.7502115355090632,1.2216072466067962
SB87168_component_1859a,77.941504,8.590869,6.359000205993652,15.17661190032959,77.94154988081648,8.59065173485028,3.7353921416530103,1.045453631855527,1.7023648294070741
SB87168_component_1860a,74.436351,5.775469,6.484000205993652,11.476106643676758,74.43672950822624,5.775744774025555,2.89525903362026,1.3753325832152599,2.239523348584805
SB87168_component_1864a,80.283838,8.651883,6.50600004196167,16.854921340942383,80.28408503172224,8.651820389430762,2.5689936108515674,1.5552606179458455,2.5325092341530064
SB87168_component_1865a,80.629374,8.954786,6.065999984741211,10.143813133239746,80.62949754470165,8.954941205880857,4.4763446453966145,0.8322063508197669,1.3551235361154255
SB87168_component_1876a,77.794369,6.528812,6.505000114440918,17.11842155456543,77.79415543898641,6.528841817081983,10.133055724530983,0.3942384829792852,0.6419583876059269
SB87168_component_1878a,77.132576,3.286582,5.736999988555908,11.360396385192871,77.13266891717723,3.286874818105146,2.8087792901637547,1.2543518426549296,2.04252431248218
SB87168_component_1879a,77.556284,4.6028,6.386000156402588,19.709877014160156,77.5565203747706,4.602979091880774,4.877398821007643,0.8040680272865384,1.3093044860094663
SB87168_component_1880a,77.47682,4.911648,5.875999927520752,16.59886932373047,77.47690642395807,4.911755890006774,6.480915591642554,0.556797855604967,0.9066620054577058
SB87168_component_1881a,79.941592,6.674251,5.921000003814697,17.99696159362793,79.94176786000641,6.6741312149314185,5.132798329572274,0.7084235629223508,1.1535617851379925
SB87168_component_1882a,74.852018,3.815541,5.539999961853027,12.943924903869629,74.85216359669417,3.8158001202678453,4.483450761347367,0.7588387406086432,1.2356553593973554
SB87168_component_1883a,75.316819,6.138947,5.070000171661377,10.54054069519043,75.31666987265905,6.139130598971018,3.203738976290428,0.9718583863488299,1.5825259826666251
SB87168_component_1884a,77.167009,4.018923,6.296999931335449,16.355844497680664,77.16697843833892,4.018892583818649,2.2839789175457788,1.693143373299046,2.757030672639401
SB87168_component_1888a,80.307929,6.09686,6.175000190734863,17.89855194091797,80.30811956352045,6.09649869406075,4.033145387620878,0.9402540980460775,1.5310631274756623
SB87168_component_1889a,76.522984,5.486015,6.1620001792907715,13.693333625793457,76.52281040126505,5.48633278774955,3.488995018043962,1.0846097264165944,1.7661246712657614
SB87168_component_1896a,80.276906,7.785746,6.409999847412109,17.465938568115234,80.27724753388723,7.78543500645706,4.666480545233444,0.8435691658675091,1.3736261804326122
SB87168_component_1901a,75.318256,3.174263,6.2870001792907715,11.839924812316895,75.31843501347618,3.174341643509614,3.537721772181213,1.0913698095878088,1.7771324553356458
SB87168_component_1905a,76.80293,6.593569,5.611000061035156,13.202352523803711,76.80261279581923,6.5939339181349474,6.732850490272372,0.5117919378111273,0.8333766016551138
SB87168_component_1906a,75.316251,5.33351,5.868000030517578,13.397260665893555,75.31634675465256,5.334205499020409,2.8982254702019437,1.2433977468535358,2.024687206309282
SB87168_component_1907a,78.366774,5.946197,5.8979997634887695,14.350363731384277,78.36665754822415,5.945956630931012,4.3505759571453195,0.8325496312184151,1.355682516886525
SB87168_component_1914a,75.206283,4.40946,5.697000026702881,13.1875,75.20604917904585,4.409529088347649,2.70663011745273,1.2926157665689249,2.104831387919549
SB87168_component_1922a,78.912328,3.807499,5.830999851226807,17.669694900512695,78.91259493220356,3.8073393247767835,3.1408064499149684,1.1401290032584486,1.8565295073768937
SB87168_component_1926a,77.910086,7.548435,6.111000061035156,20.785715103149414,77.91001445820693,7.5485975464953325,3.7607093267786382,0.997917545035549,1.624959423883403
SB87168_component_1938a,76.405583,6.869103,6.110000133514404,15.666667938232422,76.40508783981521,6.86924133671327,2.910026813048157,1.289425832167016,2.0996370569913685
SB87168_component_1945a,75.564299,4.550121,5.291999816894531,13.431471824645996,75.5642007939254,4.550358804778352,3.7365921832956386,0.8697536439555467,1.4162636855454314
SB87168_component_1952a,76.404797,8.590912,5.645999908447266,13.604819297790527,76.40494047222506,8.590617462407032,2.322682644274873,1.492805166309701,2.4308098751088365
SB87168_component_1954a,74.559034,4.188922,6.002999782562256,12.799572944641113,74.55901207369884,4.189053090439273,3.3046020214072787,1.1155814929146999,1.8165575593292935
SB87168_component_1963a,80.029714,6.085684,5.6020002365112305,16.476470947265625,80.03018253419326,6.085596332726628,3.7762262251626573,0.9110396030555301,1.4834916931572153
SB87168_component_1965a,79.521674,5.083633,5.672999858856201,14.889762878417969,79.52226401204345,5.083514564182575,4.5128313085691225,0.7719973516088751,1.2570821887545651
SB87168_component_1969a,77.289143,7.339972,6.1529998779296875,17.834781646728516,77.28879860446864,7.340071184800939,3.7564744293901007,1.005908798793423,1.6379719850585235
SB87168_component_1971a,79.417615,8.597012,5.756999969482422,16.638729095458984,79.41785109044326,8.596774313130934,4.310776419344333,0.8201492008334688,1.3354902712300858
SB87168_component_1979a,79.114528,3.996992,5.294000148773193,15.802985191345215,79.1148366339657,3.99688060924985,2.9017629221863275,1.120402732845825,1.8244082272525695
SB87168_component_1982a,78.680712,9.075923,5.677999973297119,14.194999694824219,78.68069475824586,9.076192421905914,6.493502559323997,0.5369928554108223,0.8744125256629182
SB87168_component_1987a,77.813184,5.305432,5.435999870300293,14.267715454101562,77.81317407155879,5.3052288578089986,4.085137909523651,0.8171934043269108,1.3306771988351698
SB87168_component_1990a,76.914703,6.341843,5.828999996185303,15.299212455749512,76.91455948125281,6.342136250942757,4.223672623230052,0.8475316859608131,1.3800785515728673
SB87168_component_1996a,76.171422,7.119979,5.265999794006348,11.25213623046875,76.17141809024945,7.1201028956309464,2.4723571717175172,1.3080422242055432,2.1299510662321173
SB87168_component_1998a,76.215489,7.553467,5.5320000648498535,16.175437927246094,76.21546385383427,7.553268995835515,3.1002684337737607,1.095809384778218,1.784361639329437
SB87168_component_2001a,75.307243,6.540675,5.986999988555908,12.738297462463379,75.3073309284696,6.541093595766438,3.5792546426487415,1.0272326098844158,1.6726946211698905
SB87168_component_2029a,78.596436,3.517156,5.611999988555908,13.490384101867676,78.59674101792066,3.516769219942191,5.321729707035375,0.6476151294909176,1.0545443488301922
SB87168_component_2033a,79.148679,9.225198,5.48199987411499,11.865799903869629,79.14890229143218,9.225497915942018,3.67776817008661,0.9153913597255539,1.490577877829067
SB87168_component_2038a,77.642166,6.721324,5.03000020980835,12.89743709564209,77.6421177437053,6.7216824943615885,2.708281608038951,1.1405814921436446,1.8572663178296809
SB87168_component_2045a,79.462104,7.793581,5.519000053405762,15.373259544372559,79.46224131409,7.793605846323602,5.561762542827077,0.6093966925458668,0.9923113421164544
SB87168_component_2046a,80.524204,7.246059,5.748000144958496,14.19259262084961,80.52438506386765,7.245920921337515,2.788692829526918,1.265809141735708,2.061180809911432
SB87168_component_2047a,78.656573,8.684841,5.166999816894531,14.19505500793457,78.65666552809236,8.684842215989695,2.6675415210619313,1.1895409452683792,1.9369894624311532
SB87168_component_2048a,80.362058,6.726682,5.145999908447266,15.93188762664795,80.36264315441603,6.726918131191726,2.9410426976165955,1.0745350395865807,1.7497195510345889
SB87168_component_2058a,80.3864,7.810672,5.39900016784668,14.51344108581543,80.38717452797125,7.810707836202264,2.5685700808322594,1.2908448870646967,2.1019477755877753
SB87168_component_2064a,79.197353,5.23348,4.510000228881836,11.47582721710205,79.19770000154978,5.23332730918236,3.16498663184807,0.8750982620718912,1.4249665965408511
SB87168_component_2068a,79.272003,8.537319,4.922999858856201,14.963525772094727,79.27224646209527,8.536973373217627,7.883087824708672,0.38351786208109423,0.6245014603827702
SB87168_component_2070a,77.51733,7.721771,4.894999980926514,14.354839324951172,77.51759917195824,7.721507846242659,3.430205528125973,0.8763643236976106,1.4270281884831557
SB87168_component_2074a,79.228096,3.620683,5.563000202178955,15.894286155700684,79.22822249557994,3.6203379630849395,3.1902994062625263,1.070852784006384,1.7437235487236216
SB87168_component_2078a,75.512074,4.201452,5.616000175476074,14.587014198303223,75.51201189945225,4.201700308152538,2.2952088606046686,1.502647240990692,2.446836221256374
SB87168_component_2084a,76.933767,3.785909,5.626999855041504,14.50257682800293,76.9340435789895,3.785785260857875,3.895832293477586,0.8870105557972897,1.4443639846772263
SB87168_component_2090a,75.538199,5.026957,4.943999767303467,11.418013572692871,75.53813581684965,5.026998629787782,2.9271051110193786,1.037271059620332,1.6890407347147485
SB87168_component_2095a,78.856792,7.266881,4.9720001220703125,15.440994262695312,78.85702973598877,7.266899395972645,3.0245423029007283,1.0095401712064336,1.6438851317443464
SB87168_component_2102a,78.603857,6.608569,5.206999778747559,15.778786659240723,78.60393637136309,6.608520087291142,2.7562809536234036,1.1601555249442768,1.8891397017791103
SB87168_component_2104a,78.073172,7.142786,4.438000202178955,13.571866035461426,78.07341610337637,7.142804260768138,2.7785090279328424,0.9809065688093246,1.5972595941071108
SB87168_component_2112a,79.111444,6.472384,4.811999797821045,12.97035026550293,79.11158388466278,6.472149768761082,3.887061590016252,0.7602498021884467,1.2379530620714774
SB87168_component_2116a,75.396348,3.825308,4.664999961853027,12.780821800231934,75.39625553453213,3.825379461333088,3.5423277820497194,0.8087513836537873,1.3169306311776967
SB87168_component_2118a,77.671619,7.506521,5.26200008392334,15.385964393615723,77.67166972885079,7.50650087823625,3.8809798212241464,0.8326483071461829,1.355843195872013
SB87168_component_2123a,75.942031,4.850928,5.008999824523926,12.553884506225586,75.94222609999923,4.85098650023396,3.24747500472265,0.9472341278491512,1.5424290617293661
SB87168_component_2130a,75.279816,9.011152,5.3460001945495605,12.067720413208008,75.27953132215785,9.010916487072473,3.867952525338046,0.8487894495933328,1.3821266314747074
SB87168_component_2131a,80.121032,5.405797,5.013000011444092,13.332447052001953,80.12156785941569,5.4053325457695935,2.534430773219468,1.2147010582764128,1.9779589422662023
SB87168_component_2132a,78.036183,5.461719,5.163000106811523,11.297593116760254,78.03641162736264,5.461948663250314,2.878674063039681,1.1014423645605436,1.7935341041561863
SB87168_component_2136a,77.35678,4.001041,4.994999885559082,13.144736289978027,77.35702986138463,4.001155030506893,6.599328839208195,0.46482325822598375,0.756895133923709
SB87168_component_2142a,77.504982,9.153536,5.269000053405762,12.635492324829102,77.5048820668217,9.15368380560834,3.534606252953391,0.9154598438905416,1.4906893940458497
SB87168_component_2148a,79.463125,3.274602,4.928999900817871,11.101350784301758,79.46332885647202,3.274206269397352,2.209296460664993,1.370114776096114,2.231026930326161
SB87168_component_2162a,78.966029,3.922309,4.497000217437744,13.752294540405273,78.96608549758813,3.9222176626271685,3.376034384675756,0.8180280292197357,1.332036260605103
SB87168_component_2164a,79.045561,5.46287,4.552999973297119,13.881096839904785,79.04575124926194,5.462659323633827,2.5541816056488678,1.094707295186143,1.7825670513121046
SB87168_component_2174a,78.80382,7.458058,5.367000102996826,13.186732292175293,78.80377191553659,7.458161919782021,3.045931506114126,1.0820905589689627,1.7620225839693369
SB87168_component_2176a,79.36189,5.33963,4.724999904632568,12.804878234863281,79.36228511724956,5.339329022293015,2.15676337967262,1.3454000534521946,2.190782702064325
SB87168_component_2189a,79.243022,7.759743,4.663000106811523,13.755163192749023,79.24306290266595,7.759467934358481,4.730502153750078,0.6053552570441744,0.985730469040154
SB87168_component_2199a,78.845388,7.905404,4.257999897003174,12.413993835449219,78.84570770919859,7.905146212319351,2.8732128430809074,0.9101018244561908,1.481964661009025
SB87168_component_2201a,75.927462,3.33041,5.10699987411499,10.508230209350586,75.92749884051,3.3307352359669173,2.8655465577659154,1.0944867682570543,1.7822079562010653
SB87168_component_2213a,78.064393,4.186614,4.699999809265137,11.989795684814453,78.06443378273235,4.186586612797532,2.8765108629316987,1.0034227869414478,1.6339238866892247
SB87168_component_2215a,75.396983,7.30929,4.706999778747559,10.188310623168945,75.39726378054431,7.309628726680403,3.1169660471648073,0.9273939187473912,1.5101222494961233
SB87168_component_2221a,78.796428,7.432595,4.1620001792907715,11.857549667358398,78.79652051264341,7.432227094273418,2.963755769712926,0.8624060996728338,1.404299308945389
SB87168_component_2222a,76.293567,6.697191,4.61299991607666,11.062350273132324,76.29348471674977,6.697664217739698,5.411733280334623,0.5234789228131029,0.8524071082437797
SB87168_component_2232a,79.510297,8.975202,4.321000099182129,12.275568962097168,79.51037072215075,8.974870536956658,2.9709081522918273,0.8931968611410936,1.4544374573979373
SB87168_component_2233a,75.973412,8.790129,4.669000148773193,11.223557472229004,75.9734158818753,8.78986663949547,2.866830886451039,1.0001702915881254,1.6286276846113967
SB87168_component_2238a,76.052669,3.564829,4.38100004196167,10.582125663757324,76.05250485744634,3.5646863475200234,2.4664909860392723,1.0908018406721334,1.776207602930163
SB87168_component_2239a,78.61097,4.916736,4.958000183105469,12.033981323242188,78.61134938148366,4.916838242305417,3.318496045127318,0.9175238699161263,1.4940503516300707
SB87168_component_2249a,78.274306,6.808699,5.0370001792907715,14.350427627563477,78.27424147053856,6.80869571216039,2.9248180600126004,1.0576092681680829,1.7221584645402086
SB87168_component_2250a,76.872956,6.29659,4.809999942779541,10.32188892364502,76.8726701916975,6.2971890223536775,3.855645304054869,0.7661258814292543,1.2475213779963124
SB87168_component_2272a,78.434461,4.371333,4.706999778747559,12.931318283081055,78.43472929114277,4.37152545600249,3.3067103513556004,0.8741785792933753,1.4234690307295599
SB87168_component_2279a,78.826539,4.137666,4.35099983215332,12.722221374511719,78.82688012115308,4.13762017888455,6.890996145951366,0.38775659845954835,0.6314036084187397
SB87168_component_2285a,76.93232,8.418386,4.170000076293945,11.031746864318848,76.93220278855861,8.417967681980677,2.6896251089391288,0.9521304398484789,1.5504019732841958
SB87168_component_2288a,77.99753,4.988729,4.416999816894531,11.354755401611328,77.99758640384943,4.988652181170789,2.687132439025835,1.009463096707969,1.6437596274546946
SB87168_component_2297a,78.621163,8.601807,4.480000019073486,12.207083702087402,78.62125586943935,8.601388708833163,7.067356119603898,0.38928993706125986,0.6339004209292025
SB87168_component_2299a,77.55716,8.938058,3.877000093460083,10.018088340759277,77.55730782321169,8.938062156173563,2.878785220854247,0.8270631753395761,1.3467486443151973
SB87168_component_2305a,79.168185,4.19727,4.464000225067139,13.129412651062012,79.1684885580135,4.197202779119559,2.5077085351095567,1.093199154561579,1.780111269937563
SB87168_component_2307a,75.884573,8.839112,4.001999855041504,10.08060359954834,75.88454065062899,8.839041151848928,2.5473521929816965,0.9648064806762682,1.5710430093127918
SB87168_component_2308a,77.779311,6.87845,4.313000202178955,10.675743103027344,77.77882763358636,6.878924625814716,2.8726627356485346,0.9220340833038415,1.5013945593600109
SB87168_component_2318a,79.104446,7.158381,4.60099983215332,12.46883487701416,79.10431088526916,7.1581084730002384,3.1718109110954606,0.8908345782684608,1.4505908331604342
SB87168_component_2322a,79.000107,5.927811,4.539000034332275,13.310851097106934,79.00036078239252,5.9280512406519685,2.176052849597886,1.2809815794612924,2.0858868548027405
SB87168_component_2332a,78.931584,6.651204,4.050000190734863,10.887097358703613,78.93184198677037,6.650754195701796,3.3899440952766913,0.7336934550196719,1.1947100237959227
SB87168_component_2334a,76.417393,4.667265,4.5289998054504395,10.5081205368042,76.41744285689313,4.667328547925021,3.048792665551476,0.9122766276447498,1.4855060026298046
SB87168_component_2342a,78.124782,7.843214,3.9670000076293945,12.47484302520752,78.12500436999008,7.842977046367009,3.5769318952417013,0.6810886883063543,1.1090510313899435
SB87168_component_2343a,78.227576,4.726437,4.236000061035156,11.326203346252441,78.22777359273725,4.7261246366527665,4.7125887055906555,0.5520120486065578,0.8988690347642452
SB87168_component_2351a,76.84654,4.629415,4.089000225067139,11.550848007202148,76.84658612678734,4.629461010896611,4.5945753114774,0.5465424474649778,0.8899626076109106
SB87168_component_2370a,77.522905,4.195615,4.6479997634887695,12.494623184204102,77.5231740161329,4.195246446224909,2.0904986999459227,1.3654265175470042,2.2233928026881835
SB87168_component_2376a,79.714727,5.745113,3.5920000076293945,10.41159439086914,79.71495231008242,5.74495323799139,5.24397437434936,0.42065679207164836,0.6849766515258892
SB87168_component_2380a,75.418617,7.068781,4.445000171661377,10.03386116027832,75.41878834272156,7.068912931341414,2.6528566533886067,1.0289875873394683,1.675552339393683
SB87168_component_2388a,80.159292,5.239037,4.76800012588501,13.58404541015625,80.15931073108491,5.238818650516516,3.8921588856442533,0.752311732661486,1.2250271034595193
SB87168_component_2402a,79.287268,6.333416,4.433000087738037,11.916666984558105,79.28733127756527,6.333377504353311,6.313895933350444,0.43117389378237864,0.7021021782007236
SB87168_component_2433a,79.417027,6.547935,4.302000045776367,10.14622688293457,79.41727973418902,6.547903180908952,2.6732451819621907,0.9882885307532889,1.6092800147192832
SB87168_component_2443a,79.771441,8.014257,3.950000047683716,12.267081260681152,79.77161810036135,8.014577466318151,2.810052374915681,0.8632464951465914,1.405667767243036
SB87168_component_2449a,79.715962,8.176571,4.072999954223633,13.622074127197266,79.71590309061946,8.176171585735378,4.4804340862309955,0.5582727758740839,0.9090636924534913
SB87168_component_2469a,78.649375,3.42286,4.211999893188477,10.96875,78.6492197876983,3.422415320968679,2.0149996262334615,1.2837058460559758,2.0903229153753036
SB87168_component_2472a,77.742318,7.141299,4.0269999504089355,10.854447364807129,77.74245845942815,7.141727251683106,2.4986409779965797,0.9897600118131237,1.611676101477292
SB87168_component_2480a,79.140695,4.292483,4.054999828338623,10.188441276550293,79.14089404449858,4.292160484528089,2.3300922187549657,1.068734595645794,1.7402743958800584
SB87168_component_2500a,80.237411,8.20086,4.2729997634887695,10.498770713806152,80.23782846753183,8.200605291466687,2.9559748474435676,0.8877368991828665,1.4455467262125765
SB87168_component_2514a,76.748858,4.895873,4.078000068664551,10.483290672302246,76.74879936421816,4.8958711174345835,3.0957562936024927,0.8089703450146689,1.3172871769951353
SB87168_component_2526a,78.125331,8.596967,3.5,10.174418449401855,78.1257341278409,8.596629058055413,2.7570902131188495,0.7795952873458956,1.2694542903769417
SB87168_component_2561a,77.460722,4.33887,3.868000030517578,11.580839157104492,77.46069269847497,4.339237234615872,4.307610138785019,0.5514450158537513,0.8979457067599355
SB87168_component_2596a,77.317889,9.174012,4.142000198364258,10.957673072814941,77.31802709572622,9.17397539501891,4.754517385835291,0.535002501883794,0.8711715327204711
SB87168_component_2598a,80.237247,7.10951,3.930999994277954,11.199429512023926,80.23729713681222,7.1092959448447575,2.9826968369624978,0.8093680694488382,1.3179348117327216
SB87168_component_2638a,78.636821,6.49681,3.5920000076293945,11.73856258392334,78.63657056200513,6.4969196046389115,3.098097105259112,0.7120220454920948,1.1594213756346976
SB87168_component_2710a,78.35211,5.095681,3.6640000343322754,10.149584770202637,78.3522242867481,5.095569585982498,3.7072522117273157,0.6069535746495677,0.9883330901366196
