Component_ID,RA,DEC,ASKAP_flux,ASKAP_flux_SNR,RA_comp,DEC_comp,Comp_flux,Flux_Ratio_AlphaCorr,Flux_Ratio_NOAlphaCorr
SB86824_component_8a,161.140757,-5.925105,539.0460205078125,1154.274169921875,161.1405,-5.92491,2104.8,1.0618830566597053,0.25610320244574897
SB86824_component_13a,162.819184,-9.39279,420.6109924316406,734.0505981445312,162.81924,-9.39302,1037.2,1.6814338746101123,0.40552544584616335
SB86824_component_17a,168.312602,-7.995347,394.57598876953125,346.42315673828125,168.31236,-7.99544,1218.0,1.343213497808987,0.3239540137680881
SB86824_component_19a,163.387224,-6.162807,353.07000732421875,1612.19189453125,163.38664,-6.16272,129.0,11.34835200676135,2.736976800962936
SB86824_component_22a,162.039978,-3.891444,315.6549987792969,1107.5614013671875,162.0397,-3.89162,979.8,1.3357860949810951,0.32216268501663287
SB86824_component_32a,168.290309,-7.71419,271.9639892578125,260.50189208984375,168.29021,-7.71435,289.8,3.8911207124062233,0.9384540692126034
SB86824_component_33a,167.317833,-5.433334,284.62200927734375,1062.0223388671875,167.31776,-5.4333,1158.8,1.0184077035994457,0.24561788857209507
SB86824_component_34a,165.729205,-2.725777,264.8210144042969,415.0799560546875,165.72913,-2.72576,1567.6,0.700452794285602,0.1689340484844966
SB86824_component_39a,162.665693,-8.087497,248.0659942626953,915.3726806640625,162.66577,-8.08769,867.8,1.1852481063292042,0.285856181450444
SB86824_component_42a,164.42557,-6.045876,238.21200561523438,1092.7156982421875,164.4252,-6.04627,1290.7,0.7652441490559969,0.18456032045807264
SB86824_component_43a,162.346748,-9.734507,239.2790069580078,450.6195983886719,162.34682,-9.73438,1064.5,0.9320100898431859,0.22478065472804867
SB86824_component_44a,163.717958,-7.523472,225.66700744628906,1030.4429931640625,163.71825,-7.52384,657.3,1.4235283466397513,0.34332421640999405
SB86824_component_48a,162.60208,-3.302293,213.20799255371094,696.7581787109375,162.6021,-3.30184,111.1,7.95703199417888,1.9190638393673354
SB86824_component_51a,166.590156,-3.804695,216.3459930419922,795.3896484375,166.59024,-3.80488,502.4,1.7855043287260783,0.4306249861504622
SB86824_component_60a,161.133736,-8.917858,202.66700744628906,438.67315673828125,161.13309,-8.91776,843.4,0.9963481993668012,0.24029761376131026
SB86824_component_61a,167.35877,-4.593652,189.43800354003906,639.9932250976562,167.3586,-4.59379,561.3,1.399373830652167,0.33749867012299856
SB86824_component_62a,168.084663,-9.572223,183.34800720214844,130.869384765625,168.08434,-9.57233,117.5,6.469936370098337,1.5604085719331782
SB86824_component_64a,162.135865,-7.823873,189.61099243164062,732.0887451171875,162.13599,-7.82371,925.2,0.849746861838029,0.20494054521361935
SB86824_component_67a,163.377177,-10.180878,180.27000427246094,220.37896728515625,163.3765,-10.18089,237.3,3.1498321606202953,0.7596713201536491
SB86824_component_68a,168.043444,-7.865252,171.7030029296875,260.55084228515625,168.04298,-7.8647,139.4,5.107128662064902,1.2317288588930235
SB86824_component_71a,164.838472,-4.911581,173.83099365234375,790.140869140625,164.83855,-4.91174,771.5,0.9342281826804651,0.22531561069649222
SB86824_component_72a,162.099025,-4.135461,162.11399841308594,648.4559936523438,162.09857,-4.13569,592.2,1.1350468729103593,0.27374873085627477
SB86824_component_78a,163.575068,-4.362308,151.2270050048828,663.2763671875,163.57491,-4.36195,415.9,1.507655488194088,0.3636138615169099
SB86824_component_82a,166.928763,-3.747549,154.82000732421875,597.7606201171875,166.92885,-3.7478,300.2,2.138346489017013,0.5157228758301757
SB86824_component_83a,163.178529,-5.161332,152.0540008544922,691.154541015625,163.17818,-5.16128,584.8,1.0780829309411104,0.2600102613790906
SB86824_component_86a,160.45656,-5.65332,162.84500122070312,181.74664306640625,160.4561,-5.65335,801.3,0.8426378656954037,0.20322600926083007
SB86824_component_87a,162.083129,-5.668934,144.14500427246094,676.7371215820312,162.08276,-5.66909,282.3,2.117144006249045,0.5106092960413069
SB86824_component_88a,167.283596,-4.549176,146.8990020751953,546.0929565429688,167.28345,-4.54961,564.9,1.078223896807554,0.2600442592940261
SB86824_component_96a,164.496328,-3.582975,132.33900451660156,572.8961181640625,164.49677,-3.58317,490.3,1.119148333510753,0.26991434737222425
SB86824_component_97a,164.511749,-3.747733,129.2519989013672,633.5882568359375,164.51202,-3.74785,381.0,1.4066108877462726,0.3392440916046383
SB86824_component_100a,165.487485,-2.968729,126.28800201416016,343.1739196777344,165.48679,-2.96904,94.8,5.523513721089617,1.3321519199805925
SB86824_component_101a,167.329612,-6.327774,124.15699768066406,494.6494140625,167.32968,-6.32775,380.7,1.3522282583422784,0.3261281788302182
SB86824_component_103a,167.676094,-7.908129,118.83399963378906,289.8390197753906,167.67677,-7.90808,386.3,1.2754918517719107,0.30762101898469857
SB86824_component_104a,162.955967,-5.981094,126.19999694824219,637.3737182617188,162.95554,-5.98107,325.2,1.60905351951879,0.3880688713045578
SB86824_component_105a,163.009282,-5.974955,116.93699645996094,615.4578857421875,163.00874,-5.9751,351.4,1.3797863992177648,0.3327746057483237
SB86824_component_106a,164.77995,-4.58795,114.21099853515625,554.4223022460938,164.78056,-4.58781,276.7,1.7114351662206284,0.4127611078249232
SB86824_component_110a,160.936918,-6.482095,113.19999694824219,264.4859619140625,160.93672,-6.48186,38.3,12.254887345769342,2.9556134973431383
SB86824_component_111a,166.803945,-10.280014,120.9520034790039,70.85647583007812,166.80453,-10.27992,314.2,1.5961311301849457,0.38495227077977057
SB86824_component_112a,161.29236,-4.194386,110.79100036621094,306.052490234375,161.29272,-4.19409,63.0,7.291646678180981,1.7585873074001737
SB86824_component_117a,163.539884,-2.754093,104.41999816894531,271.2207946777344,163.54024,-2.75353,154.9,2.795078088414866,0.6741123187149471
SB86824_component_118a,161.808715,-9.215578,106.69200134277344,319.4371337890625,161.80717,-9.21554,311.6,1.419698406573883,0.3424005177881047
SB86824_component_119a,163.292845,-7.091908,106.84100341796875,556.4635620117188,163.29277,-7.09197,295.6,1.4986327204299417,0.3614377652840621
SB86824_component_125a,160.764561,-6.540081,95.70500183105469,183.34291076660156,160.7637,-6.53982,156.3,2.538851738111372,0.6123160705761655
SB86824_component_128a,160.927262,-5.690372,101.31400299072266,242.37799072265625,160.92662,-5.69019,511.8,0.820787767892391,0.19795623874701573
SB86824_component_131a,160.745834,-5.359623,96.34200286865234,158.19703674316406,160.74556,-5.35955,598.5,0.6674414869006363,0.16097243587076415
SB86824_component_132a,167.889004,-5.839822,96.58899688720703,267.5595397949219,167.88873,-5.83962,81.6,4.907939258259752,1.1836886873432235
SB86824_component_133a,164.583563,-5.945635,93.8740005493164,491.4869079589844,164.58311,-5.9459,372.8,1.0440735763487734,0.2518079413876513
SB86824_component_136a,168.105477,-7.940402,95.52300262451172,149.0218505859375,168.1048,-7.94006,310.3,1.2764031636734194,0.30784080768453664
SB86824_component_138a,161.636781,-2.84191,89.44100189208984,134.29579162597656,161.63689,-2.84161,70.6,5.252833516736923,1.2668697151854087
SB86824_component_139a,162.265914,-5.908364,94.7040023803711,446.7170104980469,162.26596,-5.90821,367.9,1.0673337142312946,0.25741778303987795
SB86824_component_141a,165.282541,-4.433349,88.29100036621094,439.2586975097656,165.28285,-4.43332,308.5,1.1866508408746956,0.28619449065222347
SB86824_component_142a,168.052836,-8.705372,90.69000244140625,124.74553680419922,168.05206,-8.70506,55.2,6.812115737537469,1.6429348268370696
SB86824_component_143a,162.102586,-3.460197,86.97000122070312,306.2323913574219,162.10237,-3.45996,170.3,2.117466315559699,0.5106870300687206
SB86824_component_146a,167.628903,-6.27587,89.50399780273438,321.9568176269531,167.62869,-6.27575,82.3,4.509249657394633,1.0875333876395428
SB86824_component_150a,166.929258,-5.685303,96.58999633789062,416.3362121582031,166.92899,-5.68508,246.1,1.6273546830781376,0.3924827157167437
SB86824_component_155a,166.130713,-4.210238,85.9520034790039,375.33624267578125,166.13039,-4.21042,214.9,1.6583693818929603,0.39996278957191206
SB86824_component_158a,160.785612,-9.473772,90.36799621582031,76.3243179321289,160.78534,-9.47363,175.6,2.1337907252064885,0.5146241242358788
SB86824_component_164a,162.691623,-8.914939,80.85399627685547,296.1684875488281,162.69217,-8.91473,118.4,2.8314667749995137,0.682888482068036
SB86824_component_168a,164.544915,-4.408268,77.4749984741211,405.6282653808594,164.54639,-4.40837,343.5,0.9351828139344192,0.22554584708623318
SB86824_component_170a,162.328048,-5.219685,78.7490005493164,348.4468994140625,162.32764,-5.21971,99.6,3.2782901914951776,0.7906526159569921
SB86824_component_175a,167.570763,-7.947228,74.7509994506836,186.41146850585938,167.57085,-7.94758,50.2,6.174118614694543,1.4890637340773623
SB86824_component_176a,161.477618,-4.828841,76.8290023803711,289.9207763671875,161.47713,-4.82853,278.4,1.144241368748004,0.2759662441823675
SB86824_component_179a,164.288006,-9.507914,78.05599975585938,267.3150634765625,164.28835,-9.5082,329.2,0.9831236559188408,0.2371081402061342
SB86824_component_185a,163.493695,-7.231485,75.32099914550781,467.8323059082031,163.49307,-7.23118,295.2,1.0579408855656294,0.255152436129769
SB86824_component_189a,161.152107,-2.727838,67.28700256347656,53.149288177490234,161.15215,-2.72763,154.6,1.8046100628882298,0.43523287557229345
SB86824_component_196a,168.424076,-6.373125,73.2750015258789,89.03401947021484,168.42389,-6.37296,254.4,1.194264193112291,0.28803066637531016
SB86824_component_198a,165.474359,-2.253826,70.86799621582031,67.49333190917969,165.47446,-2.25414,397.6,0.7390357709744523,0.17823942710216376
SB86824_component_199a,164.769045,-5.432199,67.38200378417969,330.303955078125,164.76913,-5.43207,146.0,1.913606987363308,0.46152057386424444
SB86824_component_201a,165.093768,-3.491683,65.98200225830078,311.2358703613281,165.09433,-3.49182,47.7,5.735467106726724,1.383270487595404
SB86824_component_203a,164.39327,-9.458311,64.81199645996094,250.23936462402344,164.39362,-9.45853,305.9,0.8784915829380391,0.21187314959124204
SB86824_component_204a,162.577037,-5.4691,65.23200225830078,324.5373229980469,162.57675,-5.46908,218.3,1.2389924375340333,0.2988181505190141
SB86824_component_206a,163.993541,-2.11336,72.12699890136719,172.55262756347656,163.99359,-2.11325,336.0,0.8900620146400344,0.21466368720644996
SB86824_component_208a,161.501006,-6.836527,64.2509994506836,281.8026428222656,161.50105,-6.83637,245.4,1.0855929428568554,0.2618215136539674
SB86824_component_212a,161.732692,-6.424817,63.76599884033203,261.3360595703125,161.73302,-6.42477,180.2,1.4672227841238599,0.3538623687032854
SB86824_component_215a,165.958945,-4.325104,62.36899948120117,298.416259765625,165.95915,-4.32512,262.0,0.9870273070475472,0.23804961634046248
SB86824_component_216a,165.042084,-5.066827,61.63999938964844,314.48980712890625,165.04207,-5.06682,393.4,0.6496657211037807,0.156685306023509
SB86824_component_218a,166.949748,-7.328251,61.779998779296875,234.01515197753906,166.95009,-7.32798,33.6,7.623779030811378,1.838690439860026
SB86824_component_224a,164.089184,-3.081027,64.61299896240234,259.4899597167969,164.08934,-3.08099,171.2,1.5648683999526598,0.3774123771168361
SB86824_component_227a,165.33629,-5.447387,59.632999420166016,322.3405456542969,165.33633,-5.44744,211.5,1.1690631314676825,0.2819527159345911
SB86824_component_231a,167.71235,-8.337797,59.867000579833984,146.73284912109375,167.71248,-8.3377,77.2,3.2153768582828834,0.7754792821222019
SB86824_component_232a,167.288604,-8.808704,60.22100067138672,171.56979370117188,167.28813,-8.80865,236.4,1.0562389479064127,0.254741965615003
SB86824_component_233a,162.369024,-2.704473,58.32699966430664,95.46154022216797,162.36909,-2.70434,148.4,1.6296615467804947,0.39303908129586684
SB86824_component_234a,162.5874,-7.418486,57.801998138427734,281.9609680175781,162.58707,-7.41803,237.0,1.0112445354490718,0.2438902875039145
SB86824_component_245a,166.831472,-7.332788,53.3650016784668,206.8411102294922,166.83092,-7.33224,40.9,5.409970557312919,1.3047677671996771
SB86824_component_250a,161.751951,-8.498095,53.483001708984375,217.4105682373047,161.7525,-8.49744,37.1,5.977279256135962,1.4415903425602257
SB86824_component_253a,167.577414,-10.018276,54.92399978637695,45.27946853637695,167.57751,-10.01851,191.7,1.1879597493181258,0.28651017102961374
SB86824_component_255a,165.094829,-7.829251,55.970001220703125,190.37416076660156,165.09473,-7.82922,199.1,1.1655898005164516,0.2811150237102116
SB86824_component_256a,164.806495,-3.255146,55.400001525878906,244.05287170410156,164.80667,-3.25527,412.8,0.5564572052362351,0.13420543005300123
SB86824_component_261a,160.550064,-8.998873,55.84400177001953,46.26677703857422,160.54939,-8.999,380.6,0.6083722979639885,0.14672622640572655
SB86824_component_268a,167.921614,-9.038118,51.39400100708008,79.68062591552734,167.92133,-9.03808,125.2,1.702040076973471,0.4104952157115022
SB86824_component_271a,160.905009,-3.82648,48.88399887084961,79.22852325439453,160.90471,-3.82635,46.9,4.32170944059616,1.0423027477793094
SB86824_component_275a,161.663855,-5.383314,50.547000885009766,229.75909423828125,161.66367,-5.38324,167.1,1.254239935752859,0.3024955169659471
SB86824_component_276a,164.31886,-5.761678,50.097999572753906,296.4378662109375,164.31866,-5.76166,189.5,1.0961572295838662,0.2643693908852449
SB86824_component_280a,168.3295,-4.800269,54.40700149536133,72.34973907470703,168.32916,-4.80035,261.1,0.8639917625032141,0.20837610683784497
SB86824_component_281a,161.916396,-7.011685,49.95500183105469,231.2731475830078,161.91647,-7.01054,40.8,5.076688288198675,1.2243872997807523
SB86824_component_283a,161.681301,-9.901968,54.33599853515625,62.81618118286133,161.68118,-9.90214,205.6,1.0957872031353286,0.2642801485172969
SB86824_component_284a,166.929577,-9.62709,45.17300033569336,80.81037139892578,166.92928,-9.62609,58.1,3.2237732445669915,0.7775043087038443
SB86824_component_285a,162.021195,-2.926694,46.90700149536133,103.77655029296875,162.02148,-2.92655,220.5,0.882045035908102,0.21273016551184276
SB86824_component_286a,162.317588,-2.941933,45.51499938964844,77.01353454589844,162.31764,-2.94148,92.1,2.049069048021107,0.4941910900070406
SB86824_component_290a,166.480786,-9.914511,49.3390007019043,53.8047981262207,166.48129,-9.91445,258.1,0.7926181752353265,0.1911623428977307
SB86824_component_294a,164.066214,-6.56154,48.05099868774414,269.9494323730469,164.06593,-6.56156,97.2,2.04973556035481,0.49435183835127716
SB86824_component_296a,167.464604,-8.561867,45.84299850463867,126.63812255859375,167.46436,-8.56218,95.1,1.9987302319752074,0.482050457462026
SB86824_component_304a,165.08297,-5.32778,45.430999755859375,256.67230224609375,165.08302,-5.32805,159.6,1.1802692410458835,0.2846553869414748
SB86824_component_306a,165.330235,-8.980434,42.31399917602539,110.19270324707031,165.33009,-8.98049,78.9,2.2236618857435997,0.5362991023577363
SB86824_component_307a,163.010156,-8.906584,45.11800003051758,165.87498474121094,163.01035,-8.90675,193.7,0.9657882149698614,0.2329272071787175
SB86824_component_309a,160.865346,-8.047017,45.85200119018555,92.44355010986328,160.86539,-8.04693,122.3,1.5545099998240073,0.37491415527543376
SB86824_component_311a,166.43691,-3.406499,47.30400085449219,173.2747344970703,166.43655,-3.40656,184.1,1.0653830119544723,0.256947315885346
SB86824_component_317a,164.042556,-2.479162,44.62099838256836,83.87405395507812,164.04337,-2.47907,155.3,1.1913229539566887,0.28732130317172155
SB86824_component_320a,167.394563,-4.006011,44.03200149536133,148.7567596435547,167.39449,-4.00621,82.2,2.22104977561062,0.5356691179484346
SB86824_component_322a,168.238073,-5.629307,46.20199966430664,67.349853515625,168.23775,-5.62913,141.4,1.3547933158491052,0.32674681516482773
SB86824_component_323a,166.393281,-7.221112,43.33399963378906,180.55833435058594,166.39301,-7.22103,92.3,1.9466539548881008,0.4694907869316258
SB86824_component_324a,161.65038,-2.71078,41.68000030517578,50.70559310913086,161.65089,-2.71033,109.1,1.5840345321123988,0.382034833228009
SB86824_component_328a,165.404513,-5.357309,46.02199935913086,257.10614013671875,165.40439,-5.35753,141.0,1.3533435315261413,0.32639715857539614
SB86824_component_329a,167.358578,-9.333727,41.3489990234375,83.53333282470703,167.35803,-9.33351,133.2,1.2871301336625256,0.31042792059637764
SB86824_component_330a,165.549291,-4.02077,42.02899932861328,198.25,165.54932,-4.02073,190.2,0.9162209532308948,0.2209726568276198
SB86824_component_337a,166.047122,-8.529226,44.28300094604492,43.5,166.04709,-8.52906,160.0,1.1475688304945124,0.2767687559127808
SB86824_component_340a,167.358829,-5.551446,45.70399856567383,197.85279846191406,167.35857,-5.55135,78.6,2.4109784775997607,0.5814758087235856
SB86824_component_341a,168.244353,-5.089476,45.823001861572266,70.82380676269531,168.24399,-5.08937,106.9,1.7773277155877936,0.4286529640932859
SB86824_component_343a,166.171978,-4.669755,42.856998443603516,194.80453491210938,166.17247,-4.6701,54.6,3.2545488210147364,0.7849267114213098
SB86824_component_345a,167.04877,-4.537597,41.90299987792969,164.97244262695312,167.0489,-4.53766,143.3,1.2124409813453225,0.2924145141516377
SB86824_component_350a,166.093093,-2.691808,41.29899978637695,85.3285140991211,166.09296,-2.6917,191.8,0.8927967753323891,0.21532325227516658
SB86824_component_356a,164.301745,-2.961232,41.06399917602539,161.66928100585938,164.30238,-2.96148,65.1,2.6154229849953086,0.6307833974811888
SB86824_component_357a,161.397365,-4.922579,39.5369987487793,143.25,161.3968,-4.92249,141.0,1.1626426982251843,0.28040424644524325
SB86824_component_361a,165.544711,-4.805934,37.88399887084961,177.85914611816406,165.5448,-4.80595,90.9,1.728039294813816,0.4167656641457603
SB86824_component_371a,166.436969,-5.118982,41.41600036621094,171.1405029296875,166.43721,-5.11861,76.4,2.247690341436703,0.5420942456310331
SB86824_component_372a,161.615593,-9.287578,40.9109992980957,113.0138168334961,161.61528,-9.28716,149.2,1.1369279592921586,0.27420240816418034
SB86824_component_374a,162.867398,-7.794175,38.79999923706055,179.62962341308594,162.86769,-7.79438,150.9,1.0661152592202467,0.2571239180719718
SB86824_component_375a,168.054674,-5.566326,40.01900100708008,86.62120819091797,168.05453,-5.56586,104.3,1.5909026925513128,0.3836912848233948
SB86824_component_378a,164.505075,-7.649728,38.3849983215332,177.7083282470703,164.5051,-7.65023,88.3,1.8024470046987542,0.43471119276934544
SB86824_component_382a,160.545042,-8.404641,39.354000091552734,43.53318786621094,160.54523,-8.40427,121.3,1.3452089978505488,0.32443528517355924
SB86824_component_386a,164.663827,-3.504218,36.3129997253418,176.27670288085938,164.66458,-3.50432,44.7,3.3683428128893493,0.812371358508765
SB86824_component_387a,165.654341,-9.789448,39.60200119018555,18.453868865966797,165.65266,-9.78904,107.9,1.5217992647692196,0.3670250342000514
SB86824_component_389a,167.375678,-3.937699,37.49300003051758,131.55438232421875,167.3755,-3.93791,138.6,1.1216274878904178,0.2705122657324501
SB86824_component_391a,166.706229,-3.401406,36.86800003051758,120.8786849975586,166.70612,-3.40157,93.1,1.6419562469454798,0.39600429678321786
SB86824_component_392a,166.175218,-7.444128,36.95000076293945,131.0283660888672,166.17525,-7.44373,83.3,1.8392092074355015,0.443577440131326
SB86824_component_393a,167.852696,-7.317659,37.18899917602539,89.82849884033203,167.85266,-7.31764,103.4,1.4912677784436235,0.3596615007352552
SB86824_component_394a,166.593081,-7.363421,34.35100173950195,146.17446899414062,166.59306,-7.36309,63.0,2.2607916428058408,0.5452539958651104
SB86824_component_397a,167.40314,-4.037551,36.94499969482422,122.33444213867188,167.4032,-4.03725,104.2,1.470109318664044,0.3545585383380443
SB86824_component_399a,161.521321,-4.646121,36.93000030517578,136.2730712890625,161.52126,-4.64631,65.1,2.352122870936344,0.5672811106785834
SB86824_component_402a,161.085695,-6.988143,35.32500076293945,107.69817352294922,161.08559,-6.98813,75.7,1.9348530327451674,0.4666446600124102
SB86824_component_403a,161.285568,-4.71311,35.358001708984375,111.89240264892578,161.28552,-4.71311,89.1,1.6454007486419764,0.3968350360155373
SB86824_component_409a,160.859314,-7.412786,37.608001708984375,82.47368621826172,160.85939,-7.41242,82.3,1.8947071972728544,0.4569623536936133
SB86824_component_413a,161.322125,-2.763708,34.32099914550781,37.14393615722656,161.32228,-2.76355,96.3,1.4777307732728855,0.35639666817765125
SB86824_component_418a,165.292338,-5.478386,35.05799865722656,183.5497283935547,165.29308,-5.47858,52.6,2.763522838395334,0.6665018756126723
SB86824_component_422a,167.19716,-4.076499,36.9119987487793,133.7391357421875,167.19714,-4.07663,118.9,1.2872040275828638,0.3104457422100866
SB86824_component_426a,166.734878,-7.110204,31.343000411987305,135.68397521972656,166.73521,-7.11004,61.4,2.116576058801044,0.510472319413474
SB86824_component_427a,162.951201,-3.700366,34.529998779296875,145.69619750976562,162.95125,-3.7002,126.0,1.1362861155888682,0.274047609359499
SB86824_component_428a,163.352005,-3.857065,35.236000061035156,177.06532287597656,163.3521,-3.85679,118.9,1.2287582014499943,0.29634987435689786
SB86824_component_430a,167.191386,-7.456041,32.606998443603516,123.04528045654297,167.1911,-7.45578,99.7,1.3560551317874212,0.3270511378495839
SB86824_component_432a,161.913598,-7.144419,35.14400100708008,169.7777862548828,161.91365,-7.144,111.5,1.3068869383981851,0.31519283414421595
SB86824_component_435a,161.779258,-2.796403,32.29499816894531,49.99225616455078,161.77884,-2.79564,50.7,2.6411251881554043,0.636982212405233
SB86824_component_438a,162.631538,-3.320541,32.279998779296875,108.3221435546875,162.6312,-3.32055,55.3,2.420304790825345,0.5837251135496723
SB86824_component_439a,161.136942,-7.068754,32.68600082397461,100.88272094726562,161.13681,-7.06864,70.2,1.9305735745492485,0.46561254735006563
SB86824_component_441a,167.289823,-8.740778,33.534000396728516,83.83499908447266,167.28914,-8.74034,44.4,3.1315840841816893,0.7552702792055972
SB86824_component_442a,163.926204,-10.096939,33.34700012207031,63.639312744140625,163.92577,-10.09651,57.9,2.3880306111250027,0.575941280173926
SB86824_component_448a,161.489381,-2.758283,34.64500045776367,44.35979461669922,161.48976,-2.75814,142.1,1.0108999512888206,0.2438071812650505
SB86824_component_449a,163.07769,-5.320502,34.0890007019043,175.71649169921875,163.07709,-5.32079,148.9,0.9492514183488061,0.22893888987175484
SB86824_component_456a,168.184898,-9.522833,31.39699935913086,20.710420608520508,168.18414,-9.52349,52.3,2.4891331996189883,0.6003250355474352
SB86824_component_457a,162.83265,-6.274789,31.21299934387207,178.36000061035156,162.8327,-6.27447,53.2,2.432683184015087,0.5867105139825577
SB86824_component_460a,164.575731,-4.6298,32.7140007019043,174.94117736816406,164.57645,-4.62997,141.1,0.9613207730968407,0.231849756923489
SB86824_component_461a,164.354412,-6.854435,33.518001556396484,178.28724670410156,164.35423,-6.85433,148.0,0.9390270081033489,0.22647298348916545
SB86824_component_464a,165.595975,-2.153189,31.888999938964844,20.883432388305664,165.59613,-2.1531,177.4,0.7453306248910799,0.17975760957702844
SB86824_component_467a,162.01559,-7.992852,31.2450008392334,142.67123413085938,162.01581,-7.99257,123.8,1.0464574594770566,0.2523828823847609
SB86824_component_469a,162.309415,-4.531408,30.099000930786133,130.86521911621094,162.30899,-4.53153,76.6,1.6292397330878126,0.39293734896587645
SB86824_component_470a,166.880206,-5.00183,31.121999740600586,130.7646942138672,166.88033,-5.00197,72.8,1.7725471552215648,0.42749999643682124
SB86824_component_471a,161.165932,-3.91383,31.427000045776367,69.68292236328125,161.16614,-3.91334,59.1,2.2048402447073614,0.5317597300469774
SB86824_component_472a,165.437393,-2.963926,31.0,94.22492218017578,165.43758,-2.9639,159.0,0.8083999009873665,0.1949685534591195
SB86824_component_475a,165.246221,-2.368326,31.125999450683594,38.858924865722656,165.24626,-2.36833,132.4,0.9747584360628606,0.23509063029217214
SB86824_component_476a,163.366446,-4.992598,30.246000289916992,160.03175354003906,163.36629,-4.99211,55.8,2.247477927333569,0.5420430159483333
SB86824_component_478a,162.286188,-2.677208,32.316001892089844,48.815711975097656,162.28613,-2.67682,102.8,1.3034254374450243,0.3143579950592397
SB86824_component_488a,161.205747,-4.794384,28.85300064086914,85.36390686035156,161.20543,-4.79403,139.9,0.8551355334320502,0.20624017613201673
SB86824_component_493a,165.784905,-6.581332,27.702999114990234,122.03964233398438,165.78471,-6.58117,42.4,2.70908488809813,0.6533726206365622
SB86824_component_494a,166.257106,-9.292956,27.577999114990234,51.45148849487305,166.25731,-9.29279,74.4,1.53692084152101,0.3706720311154601
SB86824_component_495a,167.965565,-5.369493,29.9689998626709,77.84156036376953,167.96512,-5.36971,62.8,1.9786741868430733,0.47721337360940924
SB86824_component_496a,161.70102,-8.612585,29.040000915527344,120.00000762939453,161.70148,-8.61209,70.5,1.70792655433579,0.4119149066032247
SB86824_component_497a,167.408824,-5.021973,28.83099937438965,121.64978790283203,167.40822,-5.02165,68.7,1.740061675024709,0.4196652019561812
SB86824_component_507a,161.487575,-3.873908,29.763999938964844,100.5540542602539,161.4873,-3.87402,66.5,1.8558006897792376,0.44757894645059915
SB86824_component_515a,167.206625,-6.466545,28.381000518798828,126.70088958740234,167.20656,-6.46633,82.8,1.4212125929101527,0.34276570674877815
SB86824_component_518a,161.729176,-5.230611,29.488000869750977,133.42987060546875,161.72913,-5.23072,37.1,3.295589444712728,0.7948248212870883
SB86824_component_521a,165.613611,-5.314155,27.358999252319336,141.02577209472656,165.61398,-5.31455,58.2,1.9491214685641574,0.47008589780617416
SB86824_component_529a,167.027488,-2.268885,29.183000564575195,20.49367904663086,167.02785,-2.2688,106.5,1.1361665994062633,0.27401878464389856
SB86824_component_535a,160.849231,-9.212868,27.53700065612793,37.262516021728516,160.84863,-9.21238,36.4,3.136728525363839,0.7565110070364817
SB86824_component_536a,162.652211,-2.604463,27.514999389648438,43.67460250854492,162.65239,-2.60404,133.8,0.8526584026180674,0.2056427458120212
SB86824_component_537a,161.033452,-4.469487,27.417999267578125,62.59817123413086,161.03307,-4.46965,48.8,2.329579954399731,0.561844247286437
SB86824_component_539a,168.513602,-7.70705,28.263999938964844,25.394428253173828,168.51305,-7.70668,46.5,2.520242626149436,0.6078279556766633
SB86824_component_541a,161.112124,-9.189823,27.6299991607666,53.33976745605469,161.11224,-9.18945,73.0,1.569349573640881,0.37849313918858357
SB86824_component_546a,161.99419,-6.558716,25.774999618530273,122.15640258789062,161.99432,-6.55835,65.0,1.6441710348344993,0.39653845566969653
SB86824_component_549a,165.568413,-2.850048,26.256000518798828,58.47661590576172,165.56828,-2.84983,70.0,1.5552213672514623,0.3750857216971261
SB86824_component_551a,164.631169,-8.48323,26.424999237060547,121.2155990600586,164.63106,-8.48368,108.7,1.0079688743585857,0.2431002689701982
SB86824_component_556a,160.486507,-3.735795,27.31100082397461,36.03034210205078,160.48682,-3.73571,123.5,0.9169218878288484,0.2211417070767175
SB86824_component_557a,163.211727,-4.389323,25.628000259399414,111.91266632080078,163.21185,-4.3887,78.7,1.3502110860680523,0.3256416805514538
SB86824_component_565a,167.767557,-5.216473,25.80699920654297,88.68384552001953,167.76717,-5.2154,95.1,1.1251713717081206,0.2713669737806832
SB86824_component_567a,160.68061,-3.504073,24.242000579833984,22.26078987121582,160.68088,-3.50367,40.2,2.500368887889008,0.6030348402943777
SB86824_component_575a,161.769958,-7.992197,24.32699966430664,99.70082092285156,161.77008,-7.99161,36.5,2.763486624013508,0.6664931414878532
SB86824_component_578a,164.659044,-3.9103,25.333999633789062,118.3831787109375,164.65927,-3.91043,245.2,0.42839557497440933,0.10331973749506143
SB86824_component_580a,161.112933,-3.627534,24.240999221801758,46.43869400024414,161.1125,-3.62755,47.2,2.129463503244642,0.5135804919873254
SB86824_component_581a,163.326426,-7.28818,24.18000030517578,123.36735534667969,163.32628,-7.28797,80.8,1.2408138240817614,0.29925742951950224
SB86824_component_582a,163.473448,-9.199532,26.97599983215332,117.79912567138672,163.4729,-9.19987,85.8,1.3036227909400426,0.3144055924493394
SB86824_component_586a,166.848305,-3.884308,23.836000442504883,87.95571899414062,166.8483,-3.88496,65.7,1.5042835190392632,0.3628006155632402
SB86824_component_589a,164.321286,-4.879471,24.320999145507812,132.90164184570312,164.32126,-4.87943,92.4,1.091367768077654,0.2632142764665347
SB86824_component_590a,163.646735,-6.301822,25.06599998474121,145.73255920410156,163.64629,-6.30175,68.1,1.5261583785819934,0.3680763580725582
SB86824_component_591a,164.309902,-5.039006,23.55900001525879,128.73770141601562,164.30991,-5.0388,56.3,1.7350425895099724,0.4184547071982023
SB86824_component_598a,165.108359,-6.375651,21.854000091552734,127.05813598632812,165.10757,-6.37621,32.4,2.796711141099235,0.6745061756652079
SB86824_component_604a,168.280557,-6.419157,24.461999893188477,39.9053840637207,168.28029,-6.41919,37.9,2.676174524100297,0.6454353533822818
SB86824_component_606a,166.313607,-8.055633,22.020999908447266,55.19047927856445,166.31432,-8.05503,65.0,1.4047057514418961,0.33878461397611176
SB86824_component_614a,161.873234,-3.362408,21.983999252319336,69.13207244873047,161.87251,-3.36282,50.9,1.790814492808242,0.43190568275676494
SB86824_component_635a,165.088426,-2.44896,23.049999237060547,35.13719177246094,165.08858,-2.44936,84.6,1.1296976737050182,0.27245861982341074
SB86824_component_642a,161.551013,-3.145691,23.15999984741211,51.69642639160156,161.55119,-3.14546,87.7,1.094966017500623,0.26408209632168883
SB86824_component_643a,162.651349,-6.894869,22.128000259399414,110.63999938964844,162.65135,-6.89516,66.7,1.3755551781113111,0.33175412682757743
SB86824_component_647a,162.693955,-5.990606,22.496999740600586,113.62120819091797,162.69319,-5.99026,83.8,1.1131207197195618,0.26846061742960126
SB86824_component_649a,162.221117,-5.070346,20.961000442504883,92.74778747558594,162.22081,-5.0703,56.5,1.5382440413864789,0.3709911582744227
SB86824_component_651a,165.913027,-3.112475,21.416000366210938,68.20381927490234,165.91261,-3.11259,97.0,0.9154366875686271,0.22078350893000967
SB86824_component_655a,161.712775,-4.419991,22.884000778198242,90.45059967041016,161.71263,-4.41994,63.5,1.4942384608398038,0.36037796501099595
SB86824_component_666a,162.253562,-3.536235,19.70199966430664,76.96092987060547,162.25342,-3.53532,62.7,1.3028800935755003,0.31422646992514575
SB86824_component_668a,164.742971,-8.97043,19.854000091552734,75.77862548828125,164.74271,-8.971,53.1,1.5502979780123254,0.37389830680890274
SB86824_component_669a,165.147722,-2.550281,21.177000045776367,36.44922637939453,165.14757,-2.55081,63.4,1.3849588245111408,0.3340220827409522
SB86824_component_673a,163.133164,-3.301349,20.198999404907227,81.44757843017578,163.13315,-3.30093,133.2,0.6287634868537173,0.1516441396764807
SB86824_component_675a,163.09009,-6.570175,20.374000549316406,117.76879119873047,163.09015,-6.56999,26.6,3.175823507468646,0.7659398702750528
SB86824_component_676a,165.961332,-3.140506,20.56399917602539,65.49044036865234,165.96124,-3.14088,51.3,1.6620798898011135,0.40085768374318503
SB86824_component_677a,162.986091,-6.63453,22.200000762939453,126.85714721679688,162.98578,-6.63444,79.2,1.1622230647483196,0.28030303993610417
SB86824_component_678a,163.696785,-6.660902,19.927000045776367,114.52299499511719,163.69649,-6.66085,39.4,2.0970432236556062,0.5057614224816337
SB86824_component_684a,162.656011,-10.182262,20.81399917602539,23.652271270751953,162.65588,-10.18207,55.0,1.5691141025307673,0.3784363486550071
SB86824_component_687a,167.312459,-7.636624,18.92099952697754,72.21755981445312,167.31248,-7.63697,41.5,1.8904172008754865,0.4559276994452419
SB86824_component_695a,161.366186,-6.972159,20.709999084472656,78.44696807861328,161.36655,-6.97154,41.0,2.0943916855109737,0.505121928889577
SB86824_component_700a,165.942028,-8.488519,18.111000061035156,24.64081573486328,165.94215,-8.48828,71.5,1.0502630157110573,0.25330070015433787
SB86824_component_701a,166.221136,-5.262837,20.917999267578125,93.80268859863281,166.22087,-5.26223,66.8,1.29839060138375,0.31314370161045096
SB86824_component_710a,161.861426,-8.736132,18.18600082397461,72.45419311523438,161.86134,-8.73495,53.8,1.4015758731308916,0.33802975509246486
SB86824_component_717a,168.306537,-8.104248,19.72800064086914,19.8670711517334,168.30637,-8.10432,38.2,2.141319108762382,0.5164398073525953
SB86824_component_719a,165.634834,-10.111992,18.53700065612793,13.864623069763184,165.63432,-10.11168,42.0,1.8300032332623917,0.4413571584792364
SB86824_component_722a,162.497069,-4.394434,18.562999725341797,77.99579620361328,162.49699,-4.39497,60.3,1.2764168486915832,0.3078441082146235
SB86824_component_730a,167.136928,-8.283217,18.645000457763672,69.31227111816406,167.13667,-8.28331,56.7,1.3634556678105043,0.3288359869094122
SB86824_component_737a,166.238658,-4.068166,18.099000930786133,80.79911041259766,166.23909,-4.06801,32.7,2.294925184084467,0.5534862669965178
SB86824_component_738a,163.637816,-7.415079,17.97100067138672,92.63401794433594,163.63707,-7.41558,45.0,1.6558516637845693,0.39935557047526044
SB86824_component_739a,166.743596,-6.367519,17.726999282836914,89.5302963256836,166.74326,-6.36737,60.7,1.2108998299105638,0.29204282179302987
SB86824_component_748a,167.807496,-9.917216,19.166000366210938,13.828282356262207,167.80667,-9.91587,76.7,1.036090783084759,0.24988266448775667
SB86824_component_752a,160.807212,-7.279579,18.950000762939453,41.740089416503906,160.80763,-7.27907,90.6,0.867246820385549,0.20916115632383503
SB86824_component_768a,162.294803,-4.209942,17.43199920654297,75.79129791259766,162.2942,-4.20951,72.9,0.9914740487545506,0.23912207416382672
SB86824_component_778a,167.204899,-2.494662,18.12299919128418,19.849945068359375,167.20433,-2.495,65.9,1.1402664298500622,0.2750075749815505
SB86824_component_779a,164.529496,-5.717701,16.69700050354004,92.7611083984375,164.52914,-5.7173,72.6,0.953594026064959,0.22998623283113004
SB86824_component_785a,162.315297,-6.279594,17.625999450683594,92.28272247314453,162.31546,-6.27965,35.7,2.0471384634562417,0.4937254748090642
SB86824_component_787a,161.381365,-9.691954,17.80900001525879,24.329235076904297,161.38092,-9.69151,43.6,1.693615139090008,0.4084633031022658
SB86824_component_800a,167.656285,-6.514409,17.334999084472656,61.690391540527344,167.65604,-6.51424,33.5,2.145560168913916,0.5174626592379897
SB86824_component_801a,164.349148,-5.355995,17.222999572753906,97.85795593261719,164.34918,-5.35609,105.6,0.6762488736381459,0.1630965868631999
SB86824_component_812a,166.087115,-5.286183,15.57800006866455,66.28936004638672,166.08705,-5.28707,45.2,1.429008949743968,0.3446460192182422
SB86824_component_813a,164.113597,-8.466761,15.4350004196167,77.95455169677734,164.11414,-8.46687,106.8,0.5992348667821487,0.14452247583910768
SB86824_component_821a,164.142746,-2.936342,16.242000579833984,57.19013977050781,164.1429,-2.93615,33.7,1.9983488408455556,0.48195847417904997
SB86824_component_830a,167.225236,-3.604496,16.444000244140625,54.45033264160156,167.22504,-3.60435,29.0,2.351100310236621,0.5670344911772629
SB86824_component_839a,162.785644,-8.718833,16.66699981689453,63.37261962890625,162.78517,-8.71904,61.7,1.1200410724503085,0.2701296566757622
SB86824_component_840a,163.256915,-7.557739,15.229999542236328,72.52381134033203,163.25687,-7.55804,30.1,2.097949726069077,0.5059800512370873
SB86824_component_845a,167.474393,-5.713486,15.777000427246094,69.50220489501953,167.47382,-5.71352,43.3,1.510769550576531,0.36436490594101834
SB86824_component_853a,167.716957,-6.131708,15.704999923706055,55.88968276977539,167.71667,-6.13189,42.7,1.5250066789677124,0.3677985930610317
SB86824_component_861a,167.568948,-6.509099,14.815999984741211,54.072994232177734,167.56924,-6.50894,26.7,2.300813355551873,0.5549063664697083
SB86824_component_862a,164.0861,-3.107785,14.99899959564209,59.284584045410156,164.08543,-3.10819,58.2,1.0685651126794322,0.25771476968457196
SB86824_component_866a,161.356621,-8.300916,15.621000289916992,53.132652282714844,161.35629,-8.30023,46.8,1.3839636055576998,0.33378205747685885
SB86824_component_878a,164.642052,-4.681479,14.503000259399414,80.1270751953125,164.64212,-4.68124,33.7,1.7843894053998273,0.43035609078336534
SB86824_component_880a,163.45166,-4.600473,13.576000213623047,69.97937774658203,163.45074,-4.60083,52.6,1.0701576838777607,0.258098863376864
SB86824_component_912a,168.546425,-6.867974,13.692999839782715,12.749534606933594,168.54626,-6.86849,44.2,1.2845115564423872,0.30979637646567226
SB86824_component_915a,161.95659,-9.363447,14.730999946594238,43.45427703857422,161.95634,-9.3633,45.1,1.3543077639834042,0.32662971056749973
SB86824_component_925a,162.943833,-4.717063,14.663000106811523,63.47618865966797,162.94366,-4.71699,51.2,1.1874478866490326,0.28638672083616257
SB86824_component_927a,162.322002,-3.737582,13.28600025177002,53.78947448730469,162.32196,-3.73748,46.8,1.1770911254478857,0.28388889426859015
SB86824_component_944a,160.810434,-8.740218,12.74899959564209,21.142620086669922,160.81122,-8.7401,42.7,1.2379694127959517,0.2985714191016883
SB86824_component_962a,167.64443,-8.683428,12.904000282287598,37.2947998046875,167.64407,-8.68377,37.4,1.4305875586822638,0.34502674551571116
SB86824_component_985a,167.853939,-8.280946,12.755000114440918,26.462656021118164,167.8542,-8.28026,48.1,1.0995046555614338,0.26517671755594424
SB86824_component_986a,168.401615,-5.547559,13.87600040435791,19.03429412841797,168.40109,-5.54746,56.9,1.011145654019157,0.24386643944390002
SB86824_component_987a,167.629176,-8.099413,13.050000190734863,33.0379753112793,167.62868,-8.0997,34.4,1.5729457980776005,0.37936047066089723
SB86824_component_1029a,162.096433,-2.596463,12.937999725341797,17.460187911987305,162.09674,-2.59657,33.7,1.5918381868609173,0.38391690579649246
SB86824_component_1046a,161.061957,-5.392079,11.916999816894531,33.194984436035156,161.06178,-5.39131,46.1,1.071834395112306,0.2585032498241764
SB86824_component_1056a,165.842713,-2.605895,12.114999771118164,20.024791717529297,165.84239,-2.60583,128.3,0.3915240424041406,0.09442712214433487
SB86824_component_1059a,166.588132,-7.605287,13.015000343322754,48.38290023803711,166.58733,-7.60479,38.7,1.3944241670700444,0.33630491843211247
SB86824_component_1070a,161.178122,-3.681835,11.762999534606934,27.677644729614258,161.17821,-3.68184,106.1,0.45968928211225524,0.11086710211693623
SB86824_component_1084a,162.618192,-6.927633,11.607000350952148,51.81696319580078,162.61806,-6.92815,57.5,0.8369775997647895,0.201860875668733
SB86824_component_1093a,161.310345,-8.107018,11.888999938964844,38.98032760620117,161.31079,-8.10641,46.5,1.0601176228832325,0.2556774180422547
SB86824_component_1099a,165.831773,-7.196804,10.628999710083008,45.81465530395508,165.83113,-7.19747,39.0,1.1300286913175435,0.2725384541046925
SB86824_component_1102a,161.992962,-5.35038,10.97700023651123,52.02370071411133,161.9933,-5.35038,58.9,0.772734070205982,0.18636672727523312
SB86824_component_1108a,168.034314,-6.49572,11.84000015258789,28.32535743713379,168.03365,-6.49509,24.5,2.003767395939105,0.48326531235052617
SB86824_component_1146a,167.62472,-7.583338,10.572999954223633,29.207183837890625,167.62471,-7.58347,49.5,0.8856348820236407,0.2135959586711845
SB86824_component_1177a,167.664712,-6.343272,11.371999740600586,37.16339874267578,167.66455,-6.34315,36.4,1.2953798571680695,0.3124175752912249
SB86824_component_1191a,162.138172,-9.043751,11.067999839782715,41.6090202331543,162.13846,-9.04375,48.1,0.9540821044616438,0.2301039467730294
SB86824_component_1219a,167.713735,-3.930038,10.673999786376953,30.939130783081055,167.71317,-3.92988,81.8,0.5410477162634915,0.13048899494348354
SB86824_component_1233a,160.719946,-8.192104,10.107000350952148,16.093948364257812,160.71997,-8.19243,25.6,1.6369823528165954,0.3948047012090683
SB86824_component_1284a,161.850347,-4.190169,10.38700008392334,41.055335998535156,161.8504,-4.19009,52.9,0.8141344743365473,0.19635160839174556
SB86824_component_1287a,161.769442,-7.402969,9.720999717712402,43.78828811645508,161.76883,-7.40196,32.7,1.2326076534262709,0.29727827882912544
SB86824_component_1310a,162.438594,-6.335296,8.645999908447266,44.79792785644531,162.43665,-6.33611,35.2,1.018437178993917,0.24562499739907004
SB86824_component_1461a,167.421505,-4.009718,7.9730000495910645,25.311111450195312,167.42102,-4.01037,54.5,0.6065784076088829,0.14629357889157915
SB86824_component_1494a,167.77348,-4.126557,8.052000045776367,19.687040328979492,167.77266,-4.12556,45.9,0.7273656127072781,0.17542483759861366
SB86824_component_1557a,165.307261,-5.957268,7.714000225067139,41.47311782836914,165.30688,-5.95795,28.2,1.1342067328844279,0.27354610727188433
SB86824_component_1729a,162.515344,-4.340816,6.2789998054504395,27.660791397094727,162.51433,-4.3407,39.7,0.6557852511116492,0.15816120416751736
SB86824_component_1792a,164.018705,-5.714145,5.697000026702881,32.74137878417969,164.01833,-5.71376,45.6,0.5180158651275818,0.12493421111190528
SB86824_component_1982a,164.171332,-5.469902,5.881999969482422,35.011905670166016,164.17076,-5.47044,51.1,0.47727182796353,0.11510763149672058
SB86824_component_2010a,166.29127,-7.976771,5.449999809265137,16.925464630126953,166.29105,-7.97683,40.5,0.5579601032930189,0.1345678965250651
