Component_ID,RA,DEC,ASKAP_flux,ASKAP_flux_SNR,RA_comp,DEC_comp,Comp_flux,Flux_Ratio_AlphaCorr,Flux_Ratio_NOAlphaCorr
SB86769_component_2a,199.768186,-6.933368,1310.843017578125,2349.180908203125,199.76799999999997,-6.933416666666666,846.8,1.0749842383013952,1.5479960056425661
SB86769_component_4a,205.05547,-3.589054,941.0989990234375,787.530517578125,205.05554166666664,-3.5889999999999995,901.7,0.7247788351231725,1.0436941322207358
SB86769_component_5a,204.075807,-5.321329,795.1740112304688,1538.0540771484375,204.07599999999996,-5.321305555555555,443.3,1.245651935206778,1.793760458449061
SB86769_component_11a,199.601858,-10.2458,507.70001220703125,360.5823974609375,199.6019583333333,-10.24586111111111,369.8,0.9533942489679196,1.3729043055895922
SB86769_component_18a,205.788624,-8.582494,407.0799865722656,386.5906982421875,205.7885833333333,-8.582638888888887,241.5,1.170563228481832,1.6856314143779114
SB86769_component_20a,204.886125,-3.284992,351.50201416015625,470.55157470703125,204.88654166666663,-3.2854999999999994,256.7,0.9508986046278171,1.369310534320827
SB86769_component_21a,201.88965,-7.978614,348.89801025390625,1111.14013671875,201.88970833333332,-7.978444444444444,255.4,0.9486584088089407,1.3660846133669
SB86769_component_23a,204.790177,-5.264823,336.6700134277344,728.7229614257812,204.79062499999998,-5.265305555555555,197.9,1.1813835055143223,1.7012128015549992
SB86769_component_24a,197.788209,-5.122,368.73199462890625,333.694091796875,197.78824999999998,-5.121916666666666,218.2,1.1735141680161945,1.6898808186475998
SB86769_component_27a,198.930207,-8.105358,320.4100036621094,1068.0333251953125,198.9303333333333,-8.105305555555555,204.8,1.086446575761819,1.5645019710063934
SB86769_component_32a,204.095562,-4.858037,285.510009765625,786.5289306640625,204.0957083333333,-4.858,192.5,1.0299659462745732,1.4831688818993507
SB86769_component_35a,203.232302,-6.823277,249.04200744628906,988.2619018554688,203.2324583333333,-6.823249999999999,166.6,1.0380777251941433,1.494849984671603
SB86769_component_37a,204.747067,-2.817038,246.72900390625,259.441650390625,204.7473333333333,-2.8175277777777774,137.9,1.2424765479718043,1.7891878455855692
SB86769_component_39a,202.294548,-7.477821,239.3249969482422,867.1195678710938,202.29441666666665,-7.477666666666666,167.3,0.9934005175555555,1.430514028381603
SB86769_component_42a,203.194154,-2.450302,252.71200561523438,260.52783203125,203.19416666666663,-2.4502777777777776,160.5,1.0934101437086776,1.5745296300014602
SB86769_component_45a,199.16782,-4.034362,218.9080047607422,688.3899536132812,199.16816666666665,-4.034083333333333,151.2,1.0054074807589224,1.447804264290623
SB86769_component_46a,198.212069,-4.413879,216.80799865722656,346.3386535644531,198.21216666666663,-4.414055555555555,226.0,0.666191553708503,0.9593274276868432
SB86769_component_51a,203.23532,-5.800845,197.7570037841797,737.8992309570312,203.23537499999998,-5.800999999999999,116.7,1.1767745794954758,1.6945758679021394
SB86769_component_56a,200.990998,-6.417212,183.8979949951172,832.1176147460938,200.9913333333333,-6.4176111111111105,128.6,0.9930435306881997,1.4299999610817822
SB86769_component_57a,205.017437,-10.043432,182.20399475097656,165.63998413085938,205.0175833333333,-10.043222222222221,127.8,0.9900549546236365,1.4256963595538072
SB86769_component_60a,203.724847,-9.970038,185.1199951171875,283.9263610839844,203.72474999999997,-9.970305555555555,122.4,1.050277769523554,1.5124182607613357
SB86769_component_63a,203.799617,-4.053481,168.65699768066406,579.5772705078125,203.79962499999996,-4.053444444444444,102.6,1.14153508778908,1.6438303867511117
SB86769_component_65a,201.945128,-8.702563,163.2010040283203,625.2911987304688,201.94512499999996,-8.702499999999999,104.6,1.0834862457236194,1.5602390442478042
SB86769_component_70a,203.577433,-10.158227,147.69700622558594,129.78646850585938,203.5773333333333,-10.158138888888887,100.4,1.0215749625694683,1.471085719378346
SB86769_component_73a,201.513091,-6.531826,143.3000030517578,663.4259033203125,201.51274999999998,-6.531805555555555,94.7,1.050820366494147,1.5131996098390477
SB86769_component_74a,201.290083,-8.080114,141.0919952392578,608.1551513671875,201.28966666666665,-8.07986111111111,139.9,0.700352884015144,1.008520337664459
SB86769_component_77a,202.227854,-8.405142,141.17799377441406,542.9923095703125,202.22791666666663,-8.405055555555554,93.5,1.0485464059588456,1.5099250671060327
SB86769_component_82a,199.204522,-6.628777,127.0780029296875,457.1151123046875,199.20462499999996,-6.628444444444444,82.8,1.0657916298143604,1.5347584894889794
SB86769_component_83a,202.87147,-3.68725,129.37899780273438,495.7049560546875,202.8714583333333,-3.6871666666666663,198.8,0.45193883676729124,0.6507997877401125
SB86769_component_85a,205.366196,-7.386373,126.90299987792969,163.7458038330078,205.36616666666663,-7.386083333333333,88.2,0.9991612077082526,1.4388095224255066
SB86769_component_87a,197.762391,-6.208271,134.1840057373047,156.5740966796875,197.7624583333333,-6.20825,79.9,1.1662354380540736,1.6793993208673927
SB86769_component_89a,201.240271,-8.664001,117.31099700927734,460.0431213378906,201.23999999999998,-8.663944444444443,61.5,1.3246339169835428,1.907495886329713
SB86769_component_90a,201.873852,-3.844773,121.86900329589844,536.8678588867188,201.87395833333332,-3.844666666666666,72.7,1.1641021980172233,1.676327418100391
SB86769_component_95a,202.739069,-4.944424,125.40299987792969,575.2431030273438,202.73912499999997,-4.944333333333333,76.7,1.1353893668624413,1.6349804416939984
SB86769_component_98a,202.965442,-3.267536,113.9020004272461,382.2214660644531,202.96545833333332,-3.267583333333333,81.7,0.9681475613070255,1.394149332034836
SB86769_component_99a,201.275646,-5.997531,128.29200744628906,625.814697265625,201.27524999999997,-5.997611111111111,73.4,1.2137683304508955,1.7478475128922215
SB86769_component_100a,202.466641,-8.05152,110.36799621582031,467.6610107421875,202.46654166666664,-8.051555555555554,76.0,1.008467313396845,1.4522104765239514
SB86769_component_101a,201.90437,-8.479486,110.8280029296875,438.05535888671875,201.90429166666664,-8.47947222222222,60.7,1.2679235760380676,1.8258320087263178
SB86769_component_103a,200.765267,-4.035661,108.02400207519531,500.1111145019531,200.76529166666663,-4.035833333333333,87.5,0.8573229917226863,1.234560023716518
SB86769_component_104a,200.866224,-9.010615,110.37000274658203,494.9327392578125,200.86654166666665,-9.010666666666665,61.1,1.2544174995984503,1.8063830236756468
SB86769_component_107a,198.665381,-9.308157,108.05500030517578,231.877685546875,198.6654583333333,-9.308138888888887,72.5,1.0349970767483365,1.4904137973127694
SB86769_component_112a,200.837169,-6.965926,106.5250015258789,512.139404296875,200.8372083333333,-6.9665277777777765,67.8,1.0910737721062784,1.5711652142460015
SB86769_component_117a,204.566597,-4.015087,100.91000366210938,281.08636474609375,204.56674999999998,-4.015527777777777,105.7,0.6629663650627226,0.9546830999253488
SB86769_component_118a,199.244899,-8.4881,104.30400085449219,480.6636047363281,199.2450833333333,-8.487916666666665,71.2,1.0173098146891661,1.4649438322260138
SB86769_component_123a,200.449269,-8.323532,97.2760009765625,395.4308776855469,200.4493333333333,-8.323694444444444,76.0,0.8888416092196942,1.2799473812705593
SB86769_component_124a,200.87722,-8.106002,97.61199951171875,379.813232421875,200.87741666666665,-8.106277777777777,133.1,0.5092809301105682,0.7333733997875188
SB86769_component_129a,203.180004,-5.947899,101.69499969482422,405.1593933105469,203.17987499999998,-5.947777777777777,69.5,1.016124810572163,1.463237405680924
SB86769_component_130a,203.500575,-5.793715,94.40799713134766,358.96575927734375,203.5004583333333,-5.793833333333333,99.6,0.6582361147246721,0.9478714571420448
SB86769_component_133a,204.797011,-7.702301,98.82499694824219,245.83331298828125,204.7973333333333,-7.702583333333332,68.3,1.0047970856730228,1.4469252847473235
SB86769_component_134a,201.614131,-6.99918,90.70899963378906,434.01434326171875,201.61404166666665,-6.999027777777777,70.7,0.8909702941914848,1.283012724664626
SB86769_component_135a,201.771552,-7.288537,95.01100158691406,482.28936767578125,201.77149999999997,-7.288472222222222,59.7,1.1051769692035809,1.5914740634323963
SB86769_component_136a,202.797025,-5.206848,88.34200286865234,392.6311340332031,202.79704166666664,-5.206805555555555,57.4,1.0687782561865384,1.539059283425999
SB86769_component_137a,203.388232,-2.628237,91.73999786376953,155.75552368164062,203.38816666666665,-2.6281666666666665,63.0,1.0112311451143343,1.456190442282056
SB86769_component_138a,202.905688,-8.607731,85.79900360107422,292.829345703125,202.9054583333333,-8.607694444444443,53.7,1.1095329893394084,1.5977468082136725
SB86769_component_144a,201.88017,-7.21574,84.26699829101562,423.4522399902344,201.88008333333332,-7.215694444444443,68.4,0.8555269269703568,1.2319736592253745
SB86769_component_145a,205.665182,-5.707037,89.0999984741211,101.13507080078125,205.66491666666664,-5.707055555555555,85.3,0.7253722319177073,1.044548633928735
SB86769_component_146a,200.408181,-5.931726,82.45600128173828,352.3760681152344,200.40824999999998,-5.9319999999999995,50.3,1.13837813493475,1.6392843197164668
SB86769_component_147a,200.393568,-8.657512,82.31400299072266,369.12109375,200.39387499999998,-8.657444444444444,50.0,1.1432362290856237,1.6462800598144531
SB86769_component_148a,204.331294,-6.029756,84.24600219726562,183.1434783935547,204.33104166666664,-6.030027777777777,73.2,0.7992276142113659,1.1509016693615521
SB86769_component_149a,202.473048,-9.922386,80.41000366210938,174.80435180664062,202.47274999999996,-9.922388888888888,42.9,1.3016225098611196,1.8743590597228292
SB86769_component_153a,203.163778,-8.044339,80.19000244140625,339.78814697265625,203.16379166666664,-8.044527777777777,70.2,0.7932596708459502,1.142307727085559
SB86769_component_154a,200.860133,-6.779714,83.4229965209961,439.06842041015625,200.8602083333333,-6.780249999999999,50.7,1.1426417464642844,1.6454239944969642
SB86769_component_158a,204.032209,-5.890641,86.8759994506836,261.6747131347656,204.03216666666665,-5.890527777777777,51.1,1.1806228234026557,1.7001174060799138
SB86769_component_161a,199.321069,-9.420628,82.07599639892578,236.53024291992188,199.32104166666664,-9.42072222222222,91.3,0.6242774490226229,0.8989703877209834
SB86769_component_162a,201.761662,-5.232432,78.18199920654297,375.875,201.76187499999997,-5.232638888888888,53.3,1.0186191191342169,1.4668292534060596
SB86769_component_165a,201.851687,-7.564155,78.1969985961914,375.9471130371094,201.85179166666663,-7.564277777777777,47.8,1.136042158301649,1.6359204727236696
SB86769_component_167a,200.539098,-7.484653,74.67400360107422,364.263427734375,200.539,-7.485027777777777,51.0,1.016790596528036,1.464196149040671
SB86769_component_169a,197.753349,-9.231328,81.81700134277344,54.76372528076172,197.75349999999997,-9.23111111111111,50.9,1.1162411707441258,1.6074067061448614
SB86769_component_170a,204.403354,-2.581558,77.08000183105469,89.73224639892578,204.40324999999999,-2.581694444444444,55.2,0.9696944264587012,1.3963768447654834
SB86769_component_174a,200.426849,-5.699423,71.64600372314453,369.3092956542969,200.42695833333332,-5.6996111111111105,47.3,1.0518724764300411,1.5147146664512587
SB86769_component_175a,198.026906,-7.733731,80.20899963378906,134.80503845214844,198.027,-7.733722222222221,57.0,0.9771933548896083,1.407175432171738
SB86769_component_176a,201.170058,-3.558345,73.56300354003906,335.9041442871094,201.1699583333333,-3.5583888888888886,54.8,0.9322044146745748,1.3423905755481582
SB86769_component_178a,199.298886,-7.380242,73.69100189208984,319.0086669921875,199.29891666666663,-7.380249999999999,47.6,1.0750774914858738,1.548130291850627
SB86769_component_181a,200.243328,-5.271859,70.0270004272461,296.7245788574219,200.2433333333333,-5.272277777777777,41.5,1.171789731912397,1.6873976006565323
SB86769_component_183a,200.614712,-10.034337,73.78500366210938,128.76963806152344,200.61466666666664,-10.034027777777776,46.1,1.1114743343384268,1.600542378787622
SB86769_component_184a,201.830166,-3.239176,77.20500183105469,296.94232177734375,201.83029166666665,-3.2391388888888883,52.5,1.0212178447107338,1.4705714634486606
SB86769_component_189a,203.254775,-8.186944,69.83999633789062,317.45452880859375,203.25474999999997,-8.187083333333332,66.6,0.7282193917778672,1.0486485936620216
SB86769_component_190a,200.394065,-4.543798,68.71800231933594,257.3708190917969,200.3942083333333,-4.54386111111111,40.9,1.1667544839403743,1.6801467559739838
SB86769_component_191a,197.836903,-3.775633,77.677001953125,64.4087905883789,197.8369583333333,-3.775555555555555,56.2,0.9598169172550667,1.3821530596641458
SB86769_component_192a,202.677487,-4.039192,71.86199951171875,326.64544677734375,202.67741666666663,-4.039361111111111,53.2,0.9380369059833406,1.3507894645059915
SB86769_component_193a,202.284224,-6.494036,68.78399658203125,321.4205322265625,202.28412499999996,-6.49436111111111,51.9,0.9203485007429075,1.3253178532183285
SB86769_component_194a,205.269841,-7.529012,71.05599975585938,116.676513671875,205.27016666666665,-7.5289722222222215,40.8,1.2094080418639979,1.7415686214671418
SB86769_component_195a,203.528485,-6.645986,68.95600128173828,254.4501953125,203.5283333333333,-6.646333333333333,42.5,1.1267184342011851,1.6224941478056065
SB86769_component_201a,201.212811,-3.153507,65.70099639892578,249.81365966796875,201.2125833333333,-3.153361111111111,43.6,1.046448181326925,1.5069035871313252
SB86769_component_203a,200.742848,-9.005158,74.88600158691406,358.30621337890625,200.7428333333333,-9.005388888888888,53.0,0.9811988578819942,1.41294342616819
SB86769_component_204a,204.532462,-10.14795,69.1520004272461,58.257789611816406,204.5324583333333,-10.147805555555554,47.0,1.021737070783233,1.4713191580265126
SB86769_component_209a,205.483879,-4.801625,67.5,89.52254486083984,205.4835833333333,-4.801583333333332,64.9,0.7222562968927225,1.040061633281972
SB86769_component_210a,202.652319,-6.460751,64.60700225830078,295.0091552734375,202.6524583333333,-6.4608333333333325,38.2,1.1744877416586632,1.6912827816309104
SB86769_component_211a,201.25577,-5.171589,63.72999954223633,310.8780517578125,201.25562499999998,-5.171833333333333,41.9,1.0562388884383447,1.5210023757096975
SB86769_component_212a,200.415107,-6.672543,63.88100051879883,257.5846862792969,200.41499999999996,-6.672999999999999,36.7,1.2087539495349606,1.7406267171334828
SB86769_component_214a,202.600976,-6.950651,70.69200134277344,339.8653869628906,202.60087499999997,-6.950805555555554,48.4,1.014278398476851,1.4605785401399471
SB86769_component_218a,203.101567,-3.828523,63.07600021362305,284.1261291503906,203.1015833333333,-3.8284999999999996,41.2,1.063161376511157,1.5309708789714331
SB86769_component_221a,200.407743,-9.99495,63.23899841308594,116.46224975585938,200.40787499999996,-9.994777777777777,39.4,1.1146050898162472,1.6050507211443132
SB86769_component_222a,201.730427,-9.041424,62.03200149536133,268.53680419921875,201.73024999999998,-9.04161111111111,42.8,1.0064779991029904,1.4493458293308723
SB86769_component_225a,203.992326,-6.437547,61.9640007019043,186.0780792236328,203.9923333333333,-6.437277777777777,44.5,0.9669671046945463,1.3924494539753776
SB86769_component_228a,200.507053,-6.454024,69.08000183105469,262.6615905761719,200.50712499999997,-6.454305555555555,45.6,1.052009734775315,1.5149123208564623
SB86769_component_230a,203.962316,-6.37976,58.847999572753906,188.01278686523438,203.96237499999998,-6.379638888888888,39.8,1.0267882570211866,1.4785929540892941
SB86769_component_231a,198.334967,-8.485058,63.14899826049805,163.5984344482422,198.33516666666665,-8.486055555555554,47.4,0.9251675356098416,1.3322573472678914
SB86769_component_233a,201.822617,-5.57277,58.87300109863281,277.7028503417969,201.82274999999998,-5.5731111111111105,36.7,1.1139927681315314,1.604168967265199
SB86769_component_234a,197.765959,-6.461942,60.854000091552734,72.01656341552734,197.7660833333333,-6.461999999999999,38.5,1.0976418627203481,1.5806233790013697
SB86769_component_235a,202.711818,-4.348758,58.9640007019043,283.48077392578125,202.71187499999996,-4.348749999999999,40.6,1.0085400984204453,1.4523152882242436
SB86769_component_236a,203.206397,-9.94307,57.30799865722656,99.8397216796875,203.20624999999998,-9.942916666666665,37.4,1.0640839697854436,1.5322994293376087
SB86769_component_238a,197.97496,-6.38928,58.79899978637695,111.36174011230469,197.97499999999997,-6.389055555555554,34.6,1.1801198095701686,1.6993930574097385
SB86769_component_239a,198.871592,-5.609141,57.14500045776367,250.63597106933594,198.87179166666664,-5.608916666666666,43.9,0.9039532720609367,1.3017084386734321
SB86769_component_240a,200.103554,-3.082076,62.16600036621094,191.87037658691406,200.10341666666665,-3.0821944444444442,81.5,0.5296970798621788,0.762773010628355
SB86769_component_241a,197.868752,-4.009232,57.75600051879883,64.45982360839844,197.86874999999998,-4.00925,38.5,1.0417623146770227,1.5001558576311385
SB86769_component_244a,199.893593,-3.794969,55.808998107910156,217.1556396484375,199.89316666666664,-3.7951666666666664,35.6,1.0886455180630956,1.5676684861772514
SB86769_component_246a,201.561844,-8.039461,57.31399917602539,279.5804748535156,201.56154166666664,-8.03886111111111,37.8,1.052934059433182,1.5162433644451163
SB86769_component_251a,199.442284,-2.859998,58.612998962402344,134.74252319335938,199.44212499999998,-2.8602499999999997,41.6,0.9784370128082175,1.4089663212115948
SB86769_component_252a,198.404396,-4.897925,55.76900100708008,164.02647399902344,198.4044583333333,-4.898666666666666,39.8,0.9730654526170979,1.401231181082414
SB86769_component_254a,203.536243,-5.59426,55.87099838256836,215.7181396484375,203.53649999999996,-5.594194444444444,32.3,1.2012023426980867,1.7297522719061413
SB86769_component_256a,202.422118,-7.804944,55.4640007019043,261.6226501464844,202.4219583333333,-7.805055555555555,35.9,1.0728747021075202,1.5449582368218469
SB86769_component_262a,199.751091,-7.232239,52.172000885009766,207.03175354003906,199.75074999999998,-7.232527777777777,30.5,1.1878727358002894,1.710557406065894
SB86769_component_263a,200.262504,-9.132917,52.8650016784668,242.50001525878906,200.26279166666663,-9.132777777777777,31.9,1.1508264319302695,1.6572100839644766
SB86769_component_266a,205.32921,-5.945743,55.86899948120117,88.82193756103516,205.3290833333333,-5.945527777777777,27.2,1.4263767485282992,2.0540073338676903
SB86769_component_268a,204.37049,-7.063641,57.57400131225586,135.46823120117188,204.37087499999998,-7.063638888888888,39.4,1.014757926502021,1.4612690688389813
SB86769_component_272a,203.241546,-7.604351,52.099998474121094,234.68467712402344,203.24174999999997,-7.604249999999999,30.7,1.1785054518497693,1.6970683542058989
SB86769_component_275a,197.754138,-4.124997,56.2239990234375,45.305397033691406,197.75437499999998,-4.1250277777777775,39.8,0.9810043226476101,1.4126632920461684
SB86769_component_276a,200.922825,-4.318473,53.874000549316406,264.0882568359375,200.92316666666665,-4.318999999999999,31.1,1.2029597547680935,1.7322829758622638
SB86769_component_279a,199.009227,-5.861309,53.50299835205078,225.75103759765625,199.0090833333333,-5.861277777777777,29.6,1.255216590245438,1.8075337281098236
SB86769_component_280a,204.9376,-2.790561,48.32500076293945,46.28831481933594,204.9373333333333,-2.790833333333333,35.3,0.9506692027215503,1.368980191584687
SB86769_component_282a,201.690882,-3.816916,48.869998931884766,251.90719604492188,201.69091666666665,-3.8167777777777774,36.5,0.9297832666887332,1.33890408032561
SB86769_component_283a,200.453758,-3.936391,48.736000061035156,213.75437927246094,200.45387499999998,-3.9366388888888886,45.8,0.7389527420737811,1.0641048048260953
SB86769_component_285a,204.244279,-8.432585,50.027000427246094,195.41796875,204.2439583333333,-8.43236111111111,35.2,0.9869475223707275,1.421221603046764
SB86769_component_287a,198.280559,-6.174603,51.23699951171875,142.72145080566406,198.2808333333333,-6.17511111111111,37.0,0.961643777768453,1.3847837705869932
SB86769_component_290a,203.64171,-4.608629,50.47100067138672,178.34275817871094,203.64179166666665,-4.60861111111111,34.0,1.0308494872093874,1.4844411962172563
SB86769_component_292a,202.223463,-5.158842,49.38600158691406,215.65939331054688,202.22324999999998,-5.158694444444444,33.1,1.0361154103301884,1.492024217127313
SB86769_component_297a,203.539742,-2.841846,50.38100051879883,115.5527572631836,203.5397083333333,-2.842055555555555,39.0,0.8970867490837313,1.2918205261230469
SB86769_component_299a,200.531742,-2.510144,49.12099838256836,78.97267150878906,200.5317083333333,-2.5108055555555553,37.6,0.9072178803807027,1.306409531451286
SB86769_component_300a,202.392276,-5.522056,47.19499969482422,217.4884796142578,202.392375,-5.521638888888888,27.7,1.1831736235712023,1.7037906027012353
SB86769_component_301a,203.057689,-10.07209,47.42300033569336,72.07142639160156,203.0575833333333,-10.07261111111111,13.6,2.421488326349689,3.4869853188009823
SB86769_component_302a,205.652948,-7.782353,47.47200012207031,54.31578826904297,205.6527083333333,-7.782444444444444,34.7,0.9500365549472958,1.368069167783006
SB86769_component_305a,203.366861,-5.802971,48.112998962402344,198.8140411376953,203.36683333333332,-5.80311111111111,34.3,0.9740933283437768,1.4027113400117301
SB86769_component_306a,200.828747,-7.932787,46.40599822998047,213.8525390625,200.8287083333333,-7.933749999999999,27.9,1.1550537028244874,1.6632974275978663
SB86769_component_308a,200.099422,-2.253969,49.50400161743164,45.29185485839844,200.09949999999998,-2.2542777777777774,47.8,0.719191706224572,1.0356485694023356
SB86769_component_313a,202.979484,-9.509746,44.327999114990234,138.95924377441406,202.97941666666665,-9.509444444444442,41.9,0.7346768687936858,1.0579474729114615
SB86769_component_314a,204.427905,-7.41129,45.6510009765625,141.33436584472656,204.4277083333333,-7.411638888888888,28.1,1.1281744126369306,1.6245907820840746
SB86769_component_317a,201.122707,-2.607062,44.75899887084961,98.37142181396484,201.12295833333332,-2.6072777777777776,35.4,0.8780300161677513,1.2643784991765428
SB86769_component_321a,200.100767,-2.313473,44.922000885009766,49.473567962646484,200.1009583333333,-2.313638888888889,32.4,0.9628227483920427,1.3864815087965978
SB86769_component_322a,199.167559,-7.265436,46.33599853515625,230.52734375,199.16779166666663,-7.265416666666666,28.3,1.137010176569755,1.6373144358712455
SB86769_component_323a,204.630265,-8.124337,42.62900161743164,162.70611572265625,204.63016666666664,-8.124333333333333,42.4,0.6981866906581969,1.005400981543199
SB86769_component_324a,202.484499,-7.782712,41.32600021362305,197.7320556640625,202.48416666666665,-7.782583333333332,33.9,0.8465564758182816,1.219056053499205
SB86769_component_325a,201.265148,-10.025023,44.44599914550781,85.80308532714844,201.26487499999996,-10.024805555555554,30.4,1.015292903883577,1.462039445575915
SB86769_component_327a,205.064494,-4.729098,42.5629997253418,90.5595703125,205.06479166666665,-4.729055555555555,20.7,1.4278879995355231,2.0561835616107147
SB86769_component_328a,200.541021,-3.064243,43.22100067138672,145.0369110107422,200.54108333333332,-3.0645833333333328,26.2,1.145580960729486,1.6496565141750656
SB86769_component_329a,204.993371,-5.173209,44.84700012207031,88.1080551147461,204.99399999999997,-5.173694444444444,32.7,0.9523967527221281,1.3714678936412938
SB86769_component_332a,197.804675,-6.601597,42.055999755859375,54.33591842651367,197.8047083333333,-6.601638888888888,26.8,1.089746363135244,1.5692537222335587
SB86769_component_339a,198.440639,-8.92758,41.10499954223633,80.12670135498047,198.44104166666665,-8.92847222222222,44.6,0.6400177958743093,0.9216367610366889
SB86769_component_340a,203.830922,-10.056097,42.902000427246094,59.835426330566406,203.83062499999997,-10.056055555555554,22.8,1.3066971886068501,1.8816666854055304
SB86769_component_346a,204.791476,-9.09211,43.387001037597656,107.1283950805664,204.79166666666663,-9.092055555555554,26.8,1.124234992927015,1.6189179491640917
SB86769_component_349a,199.890453,-8.811213,38.73699951171875,176.0772705078125,199.89004166666663,-8.811499999999999,27.9,0.9641709354161636,1.3884229215669803
SB86769_component_357a,202.528059,-9.986528,38.61399841308594,75.41796112060547,202.52754166666665,-9.98647222222222,24.4,1.0989734713318116,1.582540918569096
SB86769_component_359a,200.583778,-6.104912,38.117000579833984,170.16517639160156,200.58379166666663,-6.105555555555555,25.8,1.0259619955873773,1.4774031232493792
SB86769_component_362a,198.569556,-4.284601,37.387001037597656,109.00000762939453,198.56987499999997,-4.284472222222222,29.0,0.8952717753230877,1.2892069323309536
SB86769_component_364a,199.341494,-7.418245,38.13600158691406,151.33334350585938,199.34137499999997,-7.418055555555554,33.2,0.7976811587511933,1.148674746593797
SB86769_component_365a,204.280471,-7.700266,40.573001861572266,154.26995849609375,204.28037499999996,-7.700027777777777,27.0,1.043531678730102,1.5027037726508246
SB86769_component_366a,198.509101,-2.654273,36.88800048828125,32.21659469604492,198.5095833333333,-2.6546388888888885,33.3,0.7692599853389159,1.1077477624108485
SB86769_component_367a,203.154458,-3.082348,38.553001403808594,119.359130859375,203.154375,-3.082444444444444,18.5,1.4471672528673922,2.0839460218274914
SB86769_component_369a,202.737341,-6.314271,37.755001068115234,181.51441955566406,202.73729166666664,-6.31411111111111,25.3,1.036301738085426,1.4922925323365706
SB86769_component_370a,202.443982,-8.367445,36.57899856567383,178.43414306640625,202.44387499999996,-8.36747222222222,23.2,1.0949041136148772,1.5766809726583546
SB86769_component_376a,203.16129,-8.14639,35.862998962402344,148.8091278076172,203.1610833333333,-8.146444444444443,24.8,1.0042161087280719,1.446088667838804
SB86769_component_378a,201.585236,-5.132943,36.983001708984375,191.62176513671875,201.58541666666665,-5.132999999999999,25.7,0.9993124429824516,1.4390273038515322
SB86769_component_380a,198.048823,-9.635094,37.60599899291992,26.427265167236328,198.0488333333333,-9.634666666666666,26.6,0.9817654721944856,1.4137593606360872
SB86769_component_382a,205.202261,-4.919549,37.8650016784668,74.3909683227539,205.20216666666664,-4.919472222222222,22.7,1.1583622186515172,1.6680617479500792
SB86769_component_385a,203.862966,-8.124575,34.66999816894531,125.61593627929688,203.8624583333333,-8.12436111111111,23.1,1.0422552698102396,1.5008657215993642
SB86769_component_389a,204.801049,-8.892675,34.57899856567383,100.2289810180664,204.80116666666663,-8.893416666666665,22.9,1.0485983985665355,1.5099999373656694
SB86769_component_390a,201.946868,-4.312691,35.03799819946289,167.6459197998047,201.94699999999997,-4.313027777777777,23.4,1.0398140693080462,1.4973503504043972
SB86769_component_391a,202.49302,-8.010695,34.21099853515625,156.21461486816406,202.49262499999998,-8.010638888888888,33.0,0.7199197223630885,1.0366969253077651
SB86769_component_395a,199.714218,-10.105725,37.20899963378906,43.06597137451172,199.71454166666663,-10.105749999999999,24.8,1.0419060843484151,1.5003628884592364
SB86769_component_397a,202.945227,-6.775876,34.340999603271484,161.98585510253906,202.9454583333333,-6.77561111111111,30.9,0.7717679050739352,1.1113592104618604
SB86769_component_398a,200.349487,-8.054205,34.12200164794922,158.7069854736328,200.34995833333332,-8.054555555555554,27.8,0.8523578485892379,1.227410131221195
SB86769_component_400a,203.306283,-2.478761,35.74399948120117,47.155670166015625,203.30624999999998,-2.4788888888888887,29.6,0.8385784448061367,1.20756755004058
SB86769_component_401a,203.199595,-10.081032,31.854999542236328,47.122779846191406,203.19912499999998,-10.080749999999998,10.4,2.1270442493553907,3.0629807252150316
SB86769_component_403a,199.011257,-3.712589,31.9950008392334,116.77008056640625,199.01112499999996,-3.7126388888888884,21.5,1.0334177740272557,1.4881395739178325
SB86769_component_406a,199.17175,-7.566577,33.21900177001953,148.2991180419922,199.1718333333333,-7.566138888888888,21.2,1.0881354961545584,1.5669340457556382
SB86769_component_408a,205.457945,-5.522479,35.45899963378906,51.16738510131836,205.45762499999998,-5.522555555555555,20.0,1.2312003898367823,1.7729499816894532
SB86769_component_411a,202.769989,-10.102582,34.7859992980957,52.388553619384766,202.76975,-10.102444444444442,18.9,1.2781297406901264,1.8405290633913072
SB86769_component_416a,198.743435,-4.844922,31.10300064086914,116.05596923828125,198.7432083333333,-4.845111111111111,21.1,1.0236514238558436,1.4740758597568313
SB86769_component_418a,205.350391,-7.209569,31.992000579833984,46.84040832519531,205.35024999999996,-7.209777777777777,20.8,1.06809608910032,1.5380769509535568
SB86769_component_419a,203.518256,-8.598164,31.214000701904297,141.2398223876953,203.51799999999997,-8.598277777777776,19.6,1.1059248718252903,1.5925510562196068
SB86769_component_422a,200.040838,-9.826233,34.31100082397461,74.2662353515625,200.0407083333333,-9.826027777777776,22.7,1.0496385917557043,1.5114978336552691
SB86769_component_424a,202.700949,-9.338662,31.100000381469727,124.4000015258789,202.70079166666665,-9.337666666666665,18.8,1.1487745508010083,1.654255339439879
SB86769_component_425a,200.344645,-5.805894,35.922000885009766,171.05715942382812,200.3448333333333,-5.806444444444444,23.9,1.0437461321669663,1.5030125893309527
SB86769_component_426a,203.220814,-9.700304,31.09600067138672,74.39234161376953,203.22091666666665,-9.699805555555555,18.1,1.1930488404514026,1.7180110868169456
SB86769_component_427a,198.972201,-10.09438,33.2400016784668,30.081449508666992,198.97199999999998,-10.094194444444444,21.1,1.0939836782957524,1.5753555297851562
SB86769_component_429a,205.175049,-4.16856,34.141998291015625,60.428314208984375,205.1750833333333,-4.168555555555555,26.6,0.8913321270936846,1.2835337703389331
SB86769_component_431a,202.771469,-9.302935,30.700000762939453,113.70370483398438,202.77137499999998,-9.302694444444443,19.4,1.0989271854756182,1.5824742661308997
SB86769_component_434a,198.002638,-8.917481,35.444000244140625,47.007957458496094,198.00270833333332,-8.91736111111111,24.9,0.988497657822112,1.4234538250658886
SB86769_component_435a,203.172107,-8.007375,31.20400047302246,134.5,203.1724583333333,-8.00775,20.0,1.0834591484144218,1.560200023651123
SB86769_component_438a,205.004074,-5.127857,31.851999282836914,60.67047882080078,205.0045833333333,-5.128305555555555,20.0,1.1059588352498362,1.5925999641418458
SB86769_component_441a,202.641368,-5.964212,30.73900032043457,147.7836456298828,202.64141666666663,-5.963638888888888,21.7,0.9836990828136005,1.4165437935684135
SB86769_component_443a,201.415553,-4.985414,30.841999053955078,159.8031005859375,201.41491666666664,-4.985194444444444,17.5,1.223874064637927,1.7623999459402901
SB86769_component_446a,202.380618,-5.279985,32.084999084472656,146.50685119628906,202.38029166666664,-5.27986111111111,23.4,0.9521786396541876,1.3711538070287461
SB86769_component_447a,200.946734,-3.254226,29.466999053955078,121.76445770263672,200.94724999999997,-3.2546388888888886,20.0,1.0231473278219163,1.4733499526977538
SB86769_component_449a,199.537476,-3.313035,30.788999557495117,108.79505157470703,199.53716666666665,-3.313055555555555,20.8,1.0279322774019113,1.4802403633411114
SB86769_component_450a,202.397167,-6.033992,29.275999069213867,133.68035888671875,202.39741666666663,-6.033416666666666,15.2,1.337520347411483,1.9260525703430176
SB86769_component_454a,202.70068,-4.75897,29.466999053955078,133.94090270996094,202.70112499999996,-4.7589444444444435,22.8,0.897497655984137,1.292412239208556
SB86769_component_458a,201.251345,-5.882914,29.15399932861328,147.24241638183594,201.25074999999998,-5.882916666666666,18.5,1.0943561222789548,1.575891855600718
SB86769_component_460a,198.277482,-8.668014,30.576000213623047,69.64920043945312,198.2769583333333,-8.669083333333333,16.1,1.3188246550324845,1.8991304480511209
SB86769_component_461a,202.823223,-5.811172,28.930999755859375,91.26498413085938,202.8229583333333,-5.810833333333332,16.7,1.203037683756686,1.7323951949616392
SB86769_component_462a,199.719712,-2.5937,29.945999145507812,45.16741943359375,199.7195833333333,-2.5941666666666663,24.3,0.8557852465040104,1.232345643848058
SB86769_component_464a,203.675986,-9.24134,28.87700080871582,113.2431411743164,203.67574999999997,-9.241527777777776,21.2,0.9459070991954464,1.3621226796564068
SB86769_component_468a,199.034022,-9.551611,28.472000122070312,67.79048156738281,199.0343333333333,-9.552,17.2,1.1495339200059325,1.6553488443064135
SB86769_component_469a,200.677583,-10.235515,28.91900062561035,33.01255798339844,200.67737499999998,-10.235249999999999,18.0,1.1156887050039415,1.6066111458672419
SB86769_component_471a,200.918831,-6.909927,30.226999282836914,167.92776489257812,200.9189583333333,-6.910999999999999,17.1,1.2275273752447302,1.7676607767740884
SB86769_component_472a,200.704659,-5.253148,28.738000869750977,157.0382537841797,200.70466666666664,-5.2532499999999995,15.5,1.2875292860499623,1.8540645722419984
SB86769_component_474a,205.648741,-4.763648,30.988000869750977,31.332658767700195,205.64862499999998,-4.762777777777777,10.6,2.030111797740787,2.9233963084670735
SB86769_component_475a,203.315505,-2.977234,29.908000946044922,79.3315658569336,203.3160833333333,-2.9771666666666663,18.5,1.1226591443427136,1.616648699786212
SB86769_component_476a,201.676723,-7.174231,31.277000427246094,162.05699157714844,201.67624999999998,-7.173888888888888,21.5,1.0102268264403216,1.454744205918423
SB86769_component_478a,203.611306,-5.602753,29.434999465942383,92.85488891601562,203.61074999999997,-5.602888888888888,16.9,1.2095103484495917,1.7417159447303188
SB86769_component_480a,199.987798,-3.841954,27.27899932861328,99.9230728149414,199.9878333333333,-3.8423611111111104,21.0,0.9020724123934475,1.298999968029204
SB86769_component_481a,202.10585,-10.386854,28.450000762939453,32.2562370300293,202.10587499999997,-10.386666666666665,18.1,1.091530733477849,1.5718232465712403
SB86769_component_483a,204.362883,-2.395132,28.417999267578125,23.179445266723633,204.3630833333333,-2.395333333333333,24.0,0.8222701368240494,1.1840833028157551
SB86769_component_484a,198.643359,-2.543615,29.018999099731445,21.135469436645508,198.6439583333333,-2.5437777777777772,21.9,0.920175307574438,1.3250684520425318
SB86769_component_486a,203.803169,-5.205937,28.231000900268555,89.62222290039062,203.80391666666665,-5.205416666666666,13.6,1.4415165349568846,2.075808889725629
SB86769_component_487a,199.27201,-6.990208,27.461000442504883,113.47521209716797,199.27229166666663,-6.9898333333333325,14.2,1.3429513236394233,1.9338732705989354
SB86769_component_491a,202.813358,-4.347555,27.399999618530273,114.16666412353516,202.81362499999997,-4.347777777777777,17.9,1.0629914873836337,1.5307262356720825
SB86769_component_492a,204.404543,-2.363017,30.06800079345703,25.459779739379883,204.40487499999998,-2.3629166666666666,22.1,0.9448101281933479,1.3605430223283723
SB86769_component_494a,199.115536,-4.504393,26.523000717163086,110.51250457763672,199.11591666666664,-4.504361111111111,16.4,1.12308097362415,1.6172561412904323
SB86769_component_496a,205.199149,-5.947584,27.514999389648438,47.8521728515625,205.19962499999997,-5.9479999999999995,20.2,0.9459112678947033,1.3621286826558634
SB86769_component_501a,200.652295,-8.150078,26.791000366210938,130.05340576171875,200.65237499999998,-8.15011111111111,19.1,0.9740647427375337,1.4026701762414102
SB86769_component_503a,197.568589,-8.397019,27.850000381469727,19.367177963256836,197.56874999999997,-8.397055555555555,23.2,0.8336226025187626,1.2004310509254192
SB86769_component_504a,203.596218,-10.20271,27.555999755859375,21.51131820678711,203.59766666666664,-10.20311111111111,10.7,1.7883999760758187,2.5753270799868577
SB86769_component_507a,200.26183,-3.509265,26.091999053955078,106.93441772460938,200.26204166666665,-3.508972222222222,19.0,0.9536434143695495,1.3732631081028988
SB86769_component_511a,198.374395,-8.726816,28.211000442504883,68.30751037597656,198.37454166666663,-8.727916666666665,19.7,0.9944535957583309,1.4320304793149687
SB86769_component_512a,204.125577,-3.496533,27.014999389648438,93.1551742553711,204.12579166666663,-3.496333333333333,17.8,1.053943235073041,1.5176965949240695
SB86769_component_521a,199.244852,-3.352865,27.333999633789062,92.0336685180664,199.2447083333333,-3.3526111111111105,16.0,1.1863571784485298,1.7083749771118164
SB86769_component_523a,200.102162,-5.479455,25.21500015258789,111.07929992675781,200.10224999999997,-5.479472222222221,17.5,1.0005831552165976,1.440857151576451
SB86769_component_524a,202.714979,-9.910503,24.94700050354004,50.91224670410156,202.71454166666663,-9.91022222222222,14.1,1.2286593331517464,1.7692908158539036
SB86769_component_533a,203.303886,-6.577469,25.183000564575195,101.54435729980469,203.30362499999998,-6.577527777777777,14.6,1.1978070923733037,1.724863052368164
SB86769_component_534a,199.358941,-7.505469,24.729999542236328,93.32075500488281,199.35887499999998,-7.505555555555555,15.5,1.1079615036182349,1.5954838414346018
SB86769_component_537a,202.961375,-6.065244,25.701000213623047,111.25973510742188,202.96137499999998,-6.064749999999999,14.1,1.2657944100062057,1.8227659725973793
SB86769_component_540a,202.573127,-9.155392,25.844999313354492,105.48979187011719,202.5729583333333,-9.155416666666666,16.4,1.0943719114472164,1.5759145922777131
SB86769_component_541a,204.993932,-3.820343,25.554000854492188,48.86042022705078,204.99424999999997,-3.8206388888888885,13.9,1.276663275261965,1.8384173276613085
SB86769_component_545a,200.775917,-7.995577,24.591999053955078,106.9217300415039,200.7763333333333,-7.996444444444443,14.8,1.1538899183447855,1.6616215576996674
SB86769_component_546a,201.748516,-4.761708,25.422000885009766,108.17872619628906,201.7487083333333,-4.761583333333332,16.6,1.0634912041060351,1.5314458364463712
SB86769_component_547a,201.233404,-5.411083,26.61400032043457,141.5638427734375,201.23299999999998,-5.410749999999999,15.9,1.1623724133886124,1.673836498140539
SB86769_component_548a,198.847157,-7.847021,27.679000854492188,113.43852996826172,198.84699999999998,-7.847333333333332,18.0,1.0678497856458902,1.5377222696940105
SB86769_component_549a,203.655263,-4.361738,26.915000915527344,99.31734466552734,203.6548333333333,-4.36175,15.8,1.1829586733222077,1.7034810706029964
SB86769_component_551a,199.761699,-5.491425,25.128999710083008,108.7835464477539,199.76099999999997,-5.49136111111111,19.1,0.9136378747814333,1.3156544350828798
SB86769_component_552a,205.617315,-7.689491,24.427000045776367,26.041576385498047,205.61691666666664,-7.689388888888888,20.4,0.8315190946711883,1.1974019630282533
SB86769_component_555a,201.403288,-4.197891,24.325000762939453,115.28436279296875,201.40237499999998,-4.197749999999999,14.9,1.1337018491122737,1.63255038677446
SB86769_component_558a,200.692499,-5.328259,23.600000381469727,118.59296417236328,200.69249999999997,-5.328027777777777,15.4,1.0642007238614208,1.532467557238294
SB86769_component_561a,198.970703,-7.550581,24.951000213623047,106.17446899414062,198.97066666666663,-7.550333333333333,23.8,0.7280199218625292,1.0483613535135734
SB86769_component_568a,201.907234,-8.768048,24.240999221801758,112.74883270263672,201.90754166666665,-8.767499999999998,15.7,1.0722180798080416,1.5440126892867363
SB86769_component_569a,204.106268,-6.481739,22.797000885009766,60.30952835083008,204.10662499999998,-6.481805555555555,13.6,1.1640484812869565,1.6762500650742476
SB86769_component_570a,202.588582,-3.901968,24.770999908447266,108.17030334472656,202.58825,-3.902444444444444,19.5,0.8821474583908151,1.2703076876126802
SB86769_component_571a,204.458366,-6.223491,25.915000915527344,43.554622650146484,204.45808333333332,-6.222444444444443,6.0,2.99938516402419,4.319166819254558
SB86769_component_572a,202.724783,-3.471854,23.416000366210938,105.95475006103516,202.7244583333333,-3.471805555555555,15.1,1.0768817816470206,1.550728501073572
SB86769_component_578a,204.229877,-5.935499,22.738000869750977,57.419193267822266,204.22979166666664,-5.935305555555555,13.8,1.144209246934779,1.647681222445723
SB86769_component_580a,201.871781,-5.302944,23.033000946044922,119.96354675292969,201.87187499999996,-5.302638888888888,18.2,0.8788432031161109,1.2655495025299408
SB86769_component_582a,200.268495,-5.239709,22.49799919128418,96.97413635253906,200.26887499999998,-5.239999999999999,12.8,1.2205798272710247,1.7576561868190765
SB86769_component_587a,199.383878,-8.327001,23.476999282836914,104.34222412109375,199.38358333333332,-8.327083333333333,17.1,0.9534078801082525,1.3729239346688253
SB86769_component_588a,202.383955,-3.708103,24.66900062561035,102.78750610351562,202.3832083333333,-3.7080833333333327,16.6,1.0319905698253935,1.486084375036768
SB86769_component_593a,204.358722,-4.441104,23.983999252319336,89.15985107421875,204.35891666666663,-4.441,14.0,1.1896681291579931,1.7131428037370955
SB86769_component_594a,199.610092,-9.497862,22.413000106811523,65.92058563232422,199.61024999999998,-9.498388888888888,19.1,0.8148898094358599,1.1734555029744251
SB86769_component_598a,203.93813,-6.098283,21.822999954223633,64.18529510498047,203.93749999999997,-6.098222222222222,15.2,0.9970182883025266,1.4357236811989234
SB86769_component_600a,201.212146,-6.661405,21.604999542236328,114.92021179199219,201.21179166666664,-6.660833333333333,22.9,0.6551655299673447,0.9434497616697087
SB86769_component_601a,200.229131,-6.249617,21.582000732421875,91.44915771484375,200.22899999999998,-6.249499999999999,13.9,1.078224419676978,1.5526619231958183
SB86769_component_606a,204.255923,-2.775012,21.94700050354004,39.402156829833984,204.25591666666665,-2.7750555555555554,45.1,0.3379332247095874,0.48662972291663054
SB86769_component_608a,197.801891,-3.911944,21.93000030517578,18.351463317871094,197.8015833333333,-3.9121666666666663,18.0,0.8460546046515125,1.2183333502875433
SB86769_component_609a,198.203714,-6.185089,23.382999420166016,59.347713470458984,198.20366666666663,-6.185805555555555,16.0,1.014874866006806,1.461437463760376
SB86769_component_612a,198.590202,-9.076515,22.336000442504883,53.82168960571289,198.59033333333332,-9.07686111111111,24.6,0.6305253665511331,0.9079674976628
SB86769_component_613a,202.390677,-6.522179,22.341999053955078,113.98979187011719,202.3900833333333,-6.521972222222221,13.1,1.1843579900171681,1.7054961109889373
SB86769_component_614a,199.117648,-5.157178,23.93400001525879,105.43612670898438,199.11804166666664,-5.156916666666666,13.7,1.2131848565917724,1.7470073003838533
SB86769_component_615a,201.009261,-2.422816,23.82200050354004,40.513607025146484,201.00879166666664,-2.423666666666666,16.7,0.990590181814411,1.4264670960203616
SB86769_component_621a,201.619685,-8.031065,21.535999298095703,97.44795989990234,201.6190833333333,-8.030194444444444,14.0,1.0682410270687346,1.5382856641496931
SB86769_component_623a,201.394168,-5.542576,21.291000366210938,105.92536926269531,201.39391666666663,-5.5434722222222215,12.8,1.155096741201977,1.6633594036102295
SB86769_component_624a,199.49868,-3.071807,21.170000076293945,62.44837951660156,199.4987083333333,-3.0718611111111107,13.5,1.0889786165541229,1.5681481537995514
SB86769_component_625a,197.798165,-7.916396,22.39699935913086,29.664899826049805,197.79837499999996,-7.916555555555554,18.1,0.8592974510574023,1.237403279509992
SB86769_component_628a,201.58545,-8.882443,20.750999450683594,102.22167205810547,201.58529166666665,-8.882638888888888,15.5,0.929693044016994,1.338774158108619
SB86769_component_629a,205.117112,-4.36469,20.59000015258789,41.01593780517578,205.1172083333333,-4.364249999999999,13.0,1.099879881918569,1.583846165583684
SB86769_component_631a,198.945236,-5.834842,20.833999633789062,89.80172729492188,198.94554166666663,-5.833305555555555,10.1,1.4324634160325886,2.062772240969214
SB86769_component_633a,205.208838,-3.799096,21.23200035095215,33.278995513916016,205.20799999999997,-3.798805555555555,12.2,1.2085464384903815,1.7403278976190286
SB86769_component_636a,204.807595,-2.664641,21.51799964904785,20.434947967529297,204.80787499999997,-2.6656111111111107,12.4,1.2050705462659586,1.7353225523425686
SB86769_component_641a,198.72301,-2.970095,21.569000244140625,35.18597412109375,198.72312499999998,-2.969722222222222,15.2,0.9854139095870657,1.41901317395662
SB86769_component_642a,198.43679,-7.314166,21.19099998474121,74.35438537597656,198.43716666666663,-7.314694444444443,17.0,0.8656349657084941,1.24652941086713
SB86769_component_644a,199.85179,-6.066501,20.30699920654297,94.89251708984375,199.85162499999998,-6.066083333333332,12.9,1.093171504232081,1.5741859850033308
SB86769_component_645a,202.941975,-6.131822,21.03700065612793,96.94470977783203,202.94229166666665,-6.131222222222221,15.1,0.967473624563596,1.3931788513992007
SB86769_component_648a,204.41907,-8.699549,22.55299949645996,84.4681625366211,204.41849999999997,-8.698444444444444,12.5,1.252929278718656,1.8042399597167968
SB86769_component_654a,203.07287,-5.545064,19.009000778198242,83.00873565673828,203.0728333333333,-5.545166666666666,11.6,1.1379771980575135,1.6387069636377796
SB86769_component_660a,202.815583,-4.739424,20.621000289916992,88.88362121582031,202.8159583333333,-4.739277777777777,14.5,0.9875838674477512,1.4221379510287582
SB86769_component_665a,203.191765,-9.502179,18.7450008392334,64.19520568847656,203.19229166666665,-9.501444444444443,12.3,1.0583093025613735,1.523983808067756
SB86769_component_667a,200.463109,-5.405271,19.8439998626709,88.195556640625,200.46325,-5.405555555555555,12.6,1.0936816640532268,1.5749206240215
SB86769_component_668a,200.699549,-4.829378,20.68199920654297,95.30875396728516,200.69962499999997,-4.829805555555555,12.2,1.1772398299158606,1.6952458366018828
SB86769_component_669a,204.094581,-8.402501,19.267000198364258,79.2880630493164,204.09454166666663,-8.401666666666666,12.7,1.0535196532937587,1.5170866297924612
SB86769_component_670a,205.031841,-6.446742,19.26799964904785,34.34580993652344,205.03224999999998,-6.446277777777777,11.3,1.1841056328690232,1.7051327123051194
SB86769_component_671a,203.166067,-7.024075,19.868000030517578,84.9059829711914,203.16579166666665,-7.023944444444443,14.0,0.9855039677809814,1.4191428593226842
SB86769_component_674a,204.651294,-5.060518,19.974000930786133,58.233238220214844,204.6523333333333,-5.060916666666666,9.4,1.475602808071631,2.1248937160410777
SB86769_component_675a,202.227252,-5.814969,20.506000518798828,96.7264175415039,202.22749999999996,-5.81361111111111,9.8,1.4530720500700438,2.0924490325304923
SB86769_component_681a,201.936675,-8.493505,21.780000686645508,87.12000274658203,201.93662499999996,-8.493722222222221,15.8,0.957266945600107,1.3784810561168042
SB86769_component_682a,201.530099,-2.801832,19.937999725341797,54.03252029418945,201.52949999999998,-2.8025833333333328,12.1,1.1442699058523038,1.6477685723422972
SB86769_component_685a,201.351097,-3.482518,19.03499984741211,87.31651306152344,201.35049999999998,-3.4823611111111106,13.1,1.009052686145702,1.4530534234665733
SB86769_component_687a,200.371112,-2.980868,19.555999755859375,55.24293518066406,200.37058333333331,-2.9804722222222217,13.6,0.9985581845033317,1.4379411585190718
SB86769_component_689a,201.347181,-2.773375,19.843000411987305,51.14175033569336,201.3468333333333,-2.773611111111111,14.1,0.9772833271263425,1.407304993757965
SB86769_component_691a,205.535604,-8.704481,19.93600082397461,22.888635635375977,205.53487499999997,-8.704999999999998,12.1,1.1441551860854893,1.6476033738821991
SB86769_component_692a,198.845891,-3.058819,17.87299919128418,40.34537124633789,198.84591666666665,-3.0594166666666665,13.6,0.9126216939500038,1.3141911170061897
SB86769_component_693a,204.488236,-3.135815,18.493999481201172,41.74717712402344,204.48816666666664,-3.1358611111111108,14.9,0.8619395992481591,1.2412080188725618
SB86769_component_694a,201.027302,-9.02573,20.41699981689453,90.34070587158203,201.0272083333333,-9.026527777777776,13.0,1.0906385226478468,1.5705384474534254
SB86769_component_695a,197.813918,-7.64737,20.732999801635742,26.614891052246094,197.81429166666663,-7.647666666666666,14.3,1.006835145244686,1.4498601259885133
SB86769_component_696a,204.169323,-3.336739,18.979000091552734,55.985252380371094,204.16970833333332,-3.336583333333333,12.4,1.0628791886294668,1.5305645235123173
SB86769_component_700a,197.651776,-5.052026,18.948999404907227,15.712271690368652,197.6524583333333,-5.051777777777777,15.3,0.8600567568982757,1.2384966931311912
SB86769_component_703a,205.409571,-9.501431,17.66200065612793,14.669435501098633,205.4098333333333,-9.500694444444443,8.0,1.5331412559366766,2.207750082015991
SB86769_component_705a,205.214763,-4.528312,18.361000061035156,33.56672668457031,205.21504166666665,-4.529222222222222,7.6,1.6777026889772648,2.4159210606625208
SB86769_component_708a,204.43591,-9.696738,18.857999801635742,36.688716888427734,204.435625,-9.696388888888889,10.1,1.2966014826832417,1.8671286932312616
SB86769_component_709a,204.41427,-6.998247,18.530000686645508,38.68476104736328,204.4154583333333,-6.999583333333333,8.2,1.5692561663241495,2.2597561812982327
SB86769_component_710a,199.641047,-6.964591,18.75200080871582,53.73065948486328,199.6413333333333,-6.965138888888888,11.0,1.1838241320629825,1.7047273462468928
SB86769_component_713a,201.182113,-5.89662,18.264999389648438,99.26630401611328,201.18166666666664,-5.8958611111111106,21.1,0.6011314743495202,0.8656397814999259
SB86769_component_716a,202.573929,-9.323395,18.297000885009766,72.89642333984375,202.57416666666663,-9.323027777777776,12.1,1.0500906694997323,1.5121488334718816
SB86769_component_718a,204.323074,-3.041355,18.892000198364258,46.995025634765625,204.3233333333333,-3.041555555555555,12.2,1.0753513177418919,1.5485246064232998
SB86769_component_721a,202.019147,-8.113789,18.150999069213867,82.88127899169922,202.01874999999998,-8.11261111111111,10.9,1.1563952455099213,1.6652292724049418
SB86769_component_724a,202.40137,-6.674204,18.6299991607666,87.46478271484375,202.40024999999997,-6.675166666666666,12.2,1.060437959808793,1.527049111538246
SB86769_component_727a,200.087649,-4.370903,17.695999145507812,69.6692886352539,200.08837499999998,-4.371305555555555,11.7,1.050319643103598,1.5124785594451122
SB86769_component_729a,197.913911,-5.383072,18.402000427246094,28.486066818237305,197.91404166666663,-5.383694444444444,14.7,0.8693205829092154,1.2518367637582377
SB86769_component_730a,205.847841,-6.285694,18.736000061035156,18.350635528564453,205.8478333333333,-6.286055555555555,13.8,0.9428227504787583,1.3576811638431272
SB86769_component_734a,198.223215,-9.549049,20.26099967956543,21.237945556640625,198.22304166666663,-9.54986111111111,14.2,0.9908428644068868,1.4268309633496783
SB86769_component_736a,203.622504,-4.32587,17.76099967956543,70.20158386230469,203.62274999999997,-4.3262222222222215,10.8,1.1420257906216142,1.6445370073671692
SB86769_component_738a,201.87662,-5.586048,17.920000076293945,89.5999984741211,201.87699999999998,-5.5858888888888885,13.7,0.9083426384567148,1.308029202649193
SB86769_component_741a,201.271298,-8.922512,17.87700080871582,78.06550598144531,201.27070833333332,-8.92161111111111,10.8,1.1494846208463223,1.655277852658872
SB86769_component_742a,202.122633,-2.551891,18.100000381469727,28.0620174407959,202.12266666666665,-2.5519999999999996,13.5,0.9310587295232808,1.3407407689977575
SB86769_component_743a,200.352248,-6.990865,18.152000427246094,81.7657699584961,200.3522083333333,-6.990749999999999,10.9,1.156459041759544,1.6653211401143204
SB86769_component_745a,198.516073,-7.229366,17.843000411987305,72.53251647949219,198.51720833333331,-7.230527777777777,11.1,1.1162903426837787,1.607477514593451
SB86769_component_751a,203.883242,-3.22008,17.618999481201172,56.652732849121094,203.88370833333332,-3.2198888888888884,11.2,1.0924346858254506,1.5731249536786762
SB86769_component_758a,198.494312,-9.408108,16.95400047302246,27.213481903076172,198.49437499999996,-9.408972222222221,12.1,0.9730139829637676,1.401157063886154
SB86769_component_759a,202.643398,-7.476387,17.253999710083008,81.00469207763672,202.6427083333333,-7.476277777777777,13.4,0.8941641403248245,1.287611918662911
SB86769_component_760a,204.769631,-8.569341,16.391000747680664,51.3824462890625,204.7699583333333,-8.56961111111111,11.2,1.0162948112497763,1.4634822096143452
SB86769_component_761a,203.148961,-6.72609,17.375,76.88053131103516,203.14899999999997,-6.7269444444444435,11.4,1.0584058284436224,1.5241228070175439
SB86769_component_762a,200.445649,-10.232913,18.389999389648438,23.79042625427246,200.44608333333332,-10.23272222222222,11.2,1.1402391621042942,1.6419642312186107
SB86769_component_763a,198.508335,-3.595225,17.04400062561035,41.774513244628906,198.5082083333333,-3.596027777777777,12.8,0.924685042555878,1.3315625488758087
SB86769_component_764a,205.118229,-9.748173,16.374000549316406,14.554667472839355,205.11841666666663,-9.747138888888887,11.7,0.9718543876343867,1.3994872264372997
SB86769_component_767a,199.886015,-6.174959,16.53499984741211,74.81900024414062,199.8854583333333,-6.174527777777777,10.5,1.093571433585175,1.5747618902297247
SB86769_component_770a,204.141732,-9.675328,15.829999923706055,35.977272033691406,204.14216666666664,-9.676722222222221,9.6,1.1450961132616517,1.6489583253860474
SB86769_component_776a,199.421588,-3.660294,15.807999610900879,65.32231140136719,199.42149999999998,-3.6602222222222216,10.7,1.0259481193357998,1.4773831412056897
SB86769_component_779a,200.989272,-3.181455,16.861000061035156,65.60700225830078,200.98937499999997,-3.1823055555555553,11.2,1.0454362816704106,1.505446434020996
SB86769_component_783a,201.956609,-6.04333,16.832000732421875,83.74129486083984,201.95695833333332,-6.044555555555554,11.5,1.0164128848145837,1.463652237601902
SB86769_component_785a,199.620998,-5.342832,16.07699966430664,69.29741668701172,199.6212083333333,-5.343472222222221,12.3,0.9076787164714593,1.3070731434395642
SB86769_component_788a,204.975912,-7.322755,17.30900001525879,38.04175567626953,204.97574999999998,-7.32361111111111,8.7,1.3816084684214633,1.9895402316389414
SB86769_component_789a,202.598684,-6.108783,16.724000930786133,78.88679504394531,202.59791666666663,-6.108888888888888,8.8,1.3197442294601893,1.9004546512256968
SB86769_component_790a,204.15466,-8.786619,16.218000411987305,63.85039138793945,204.15404166666664,-8.786527777777776,11.6,0.9708934668515611,1.398103483792009
SB86769_component_791a,205.328756,-7.592649,14.6850004196167,23.800649642944336,205.32945833333332,-7.591944444444444,12.6,0.8093487102749374,1.1654762237791032
SB86769_component_793a,200.088633,-7.537969,16.76799964904785,70.15899658203125,200.08799999999997,-7.5378333333333325,17.3,0.6730811280667979,0.9692485346270434
SB86769_component_794a,202.055122,-6.043812,16.610000610351562,79.09524536132812,202.0552083333333,-6.04361111111111,10.3,1.1198624550031973,1.6126214184807341
SB86769_component_800a,201.628685,-4.071732,17.94499969482422,95.96256256103516,201.62854166666665,-4.0725,11.7,1.0650986994281457,1.5337606576772838
SB86769_component_802a,203.788937,-2.820605,16.51300048828125,37.3597297668457,203.7893333333333,-2.820472222222222,11.3,1.01479848712313,1.4613274768390485
SB86769_component_808a,200.411273,-5.318985,15.907999992370605,79.54000091552734,200.41099999999997,-5.3195,8.2,1.3472059447846296,1.9399999990695862
SB86769_component_809a,204.882392,-2.607125,16.906999588012695,13.386381149291992,204.88287499999998,-2.608083333333333,17.6,0.6670926184502641,0.9606249765916304
SB86769_component_810a,202.208237,-4.031326,15.616000175476074,75.80582427978516,202.2087083333333,-4.030944444444444,15.3,0.7087786631712447,1.0206536062402662
SB86769_component_812a,204.575346,-5.098729,15.854000091552734,52.84666442871094,204.57470833333332,-5.099333333333333,8.9,1.2370325021544875,1.7813483248935655
SB86769_component_817a,198.412641,-7.292245,17.650999069213867,63.95289611816406,198.41216666666665,-7.292972222222221,12.3,0.996543914543518,1.4350405747328348
SB86769_component_820a,203.472668,-7.148768,16.082000732421875,70.2270736694336,203.47279166666664,-7.149694444444443,9.7,1.1513320757328254,1.6579382198373067
SB86769_component_822a,199.198409,-2.684884,15.553000450134277,25.496721267700195,199.19804166666665,-2.6848888888888887,10.7,1.0093985295167125,1.453551443937783
SB86769_component_823a,202.10035,-7.128461,15.727999687194824,79.03517150878906,202.10049999999998,-7.128249999999999,10.2,1.0707931417183005,1.5419607536465516
SB86769_component_824a,201.234479,-6.317386,16.141000747680664,85.85639190673828,201.23387499999998,-6.316527777777777,9.9,1.1322114012536422,1.6304041159273397
SB86769_component_825a,204.687604,-5.173091,15.151000022888184,45.226863861083984,204.68754166666665,-5.173833333333333,12.1,0.8695372458914662,1.2521487622221639
SB86769_component_826a,203.477281,-2.588039,15.439000129699707,25.351394653320312,203.47704166666665,-2.5881111111111106,13.3,0.8061201754219615,1.1608270774210305
SB86769_component_830a,202.09629,-10.470047,15.656000137329102,13.415595054626465,202.09649999999996,-10.470333333333333,10.5,1.0354372344955467,1.491047632126581
SB86769_component_832a,200.870808,-2.561518,15.58899974822998,29.083953857421875,200.87045833333332,-2.562416666666666,12.2,0.8873412685539032,1.277786864609015
SB86769_component_833a,201.126097,-5.889736,15.463000297546387,78.89286041259766,201.12574999999998,-5.890083333333332,8.0,1.3422581143718963,1.9328750371932983
SB86769_component_834a,202.001951,-8.395051,14.616000175476074,68.29906463623047,202.00141666666664,-8.394888888888888,11.3,0.8982192470950708,1.2934513429624843
SB86769_component_835a,201.68179,-3.589698,15.121000289916992,77.14796447753906,201.6819583333333,-3.5897777777777775,10.0,1.0500567779090801,1.5121000289916993
SB86769_component_836a,197.577473,-6.394738,15.836000442504883,103.5032730102539,197.57737499999996,-6.395249999999999,9.6,1.1455301733240146,1.649583379427592
SB86769_component_838a,203.019283,-9.823085,16.73699951171875,43.1365966796875,203.01912499999997,-9.82411111111111,8.8,1.320769988920978,1.9019317626953123
SB86769_component_839a,199.194713,-5.71022,14.907999992370605,66.25778198242188,199.19366666666664,-5.709944444444444,10.4,0.9954473743161749,1.4334615377279427
SB86769_component_840a,199.318127,-8.026627,15.027000427246094,62.61250305175781,199.31812499999998,-8.026666666666666,9.7,1.0758031840565547,1.549175301777948
SB86769_component_841a,202.069431,-3.790063,15.652000427246094,79.05050659179688,202.07004166666664,-3.791805555555555,10.8,1.0064179091958028,1.4492592988190827
SB86769_component_843a,202.802714,-4.554047,15.854999542236328,72.06818389892578,202.80254166666663,-4.554166666666666,10.9,1.010117736125153,1.4545871139666355
SB86769_component_844a,200.198799,-4.667643,16.820999145507812,72.50431060791016,200.19929166666665,-4.667833333333332,8.9,1.3124840760404013,1.8899999039896418
SB86769_component_847a,198.182374,-9.786857,14.864999771118164,10.010100364685059,198.18354166666663,-9.786416666666666,11.7,0.882289896487665,1.2705128009502704
SB86769_component_848a,201.35036,-5.946642,15.08899974822998,74.69801330566406,201.3507083333333,-5.946222222222222,7.1,1.4758233027020768,2.125211232145068
SB86769_component_849a,203.663003,-4.045895,15.461000442504883,59.926361083984375,203.66258333333332,-4.0456666666666665,13.9,0.7724227441389127,1.112302190108265
SB86769_component_854a,199.707332,-4.974084,14.303000450134277,56.3110237121582,199.70674999999997,-4.974194444444444,11.7,0.8489332647774909,1.2224786709516478
SB86769_component_855a,202.517639,-2.937979,14.649999618530273,42.463768005371094,202.5173333333333,-2.9386944444444443,14.0,0.7266777093756294,1.0464285441807337
SB86769_component_856a,197.925728,-4.481024,14.17199993133545,18.57404899597168,197.92466666666664,-4.481916666666666,11.2,0.8787096173664947,1.2653571367263794
SB86769_component_858a,198.245866,-4.719643,15.605999946594238,30.24418830871582,198.2459583333333,-4.720166666666666,11.2,0.9676222345564991,1.3933928523744856
SB86769_component_859a,200.519787,-2.442806,14.312000274658203,21.14032554626465,200.51975,-2.4431666666666665,10.1,0.984036534705826,1.4170297301641785
SB86769_component_860a,203.984263,-6.532134,15.270999908447266,44.135841369628906,203.98429166666665,-6.531777777777777,9.4,1.1281630768442905,1.6245744583454538
SB86769_component_861a,203.851196,-9.428797,15.447999954223633,44.137142181396484,203.85087499999997,-9.429333333333332,8.3,1.2924877271981068,1.8612048137618833
SB86769_component_862a,204.509753,-6.647846,14.604999542236328,19.870746612548828,204.5108333333333,-6.645833333333332,6.5,1.560344347051075,2.2469230064978967
SB86769_component_864a,204.910709,-4.557187,15.720999717712402,38.721675872802734,204.91187499999998,-4.557888888888888,9.0,1.213025446037639,1.7467777464124892
SB86769_component_865a,202.341894,-8.774678,15.232999801635742,70.85115814208984,202.3419583333333,-8.774249999999999,9.4,1.125355774265683,1.6205318937910362
SB86769_component_866a,204.701,-2.884442,14.461999893188477,19.028947830200195,204.70125,-2.884416666666666,9.4,1.068397249337699,1.5385106269349442
SB86769_component_867a,203.039958,-2.27621,15.944999694824219,17.95608139038086,203.03983333333332,-2.2769166666666663,10.8,1.0252576550572052,1.476388860631872
SB86769_component_868a,200.080728,-9.453895,15.086000442504883,48.66451644897461,200.08091666666664,-9.45372222222222,9.2,1.1387241981686125,1.639782656794009
SB86769_component_869a,200.578281,-10.401426,13.86400032043457,23.498306274414062,200.57924999999997,-10.402138888888887,6.5,1.4811787199954936,2.132923126220703
SB86769_component_870a,198.197224,-5.740316,15.776000022888184,43.94429016113281,198.19804166666665,-5.74011111111111,7.2,1.521586556840671,2.1911111142900253
SB86769_component_873a,202.385343,-10.472953,14.142000198364258,19.94640350341797,202.38479166666664,-10.473055555555554,8.7,1.128817795207908,1.6255172641798
SB86769_component_875a,200.336935,-2.781097,14.961000442504883,36.401458740234375,200.33766666666665,-2.7809722222222217,10.0,1.0389458116358015,1.4961000442504884
SB86769_component_878a,204.843084,-5.224631,15.461000442504883,34.979637145996094,204.84254166666665,-5.227083333333333,11.2,0.9586317985295436,1.3804464680807933
SB86769_component_879a,198.814121,-5.345254,13.925999641418457,59.00847244262695,198.81437499999998,-5.345805555555555,10.0,0.9670716243806874,1.3925999641418456
SB86769_component_881a,199.612012,-4.030166,14.333000183105469,61.51502227783203,199.612375,-4.03086111111111,9.8,1.01564817286659,1.4625510390923946
SB86769_component_882a,202.833726,-5.904692,14.32800006866455,59.4522819519043,202.83424999999997,-5.905333333333332,10.4,0.9567192148412456,1.3776923142946682
SB86769_component_885a,200.779354,-5.221438,14.791999816894531,79.5268783569336,200.77966666666663,-5.221499999999999,9.4,1.0927763817794893,1.5736170017972906
SB86769_component_887a,200.221687,-6.696552,15.527000427246094,62.86235046386719,200.22212499999998,-6.696111111111111,8.9,1.2115178553394892,1.7446067895782127
SB86769_component_889a,203.230225,-10.309759,15.5600004196167,16.07438087463379,203.22949999999997,-10.309305555555554,5.8,1.8630043615546097,2.682758693037362
SB86769_component_891a,198.801324,-4.354032,13.576000213623047,44.07792282104492,198.80137499999998,-4.354222222222222,8.3,1.1358631351982362,1.635662676340126
SB86769_component_892a,200.205244,-6.162457,14.555999755859375,62.20512771606445,200.20516666666663,-6.162888888888888,17.2,0.5876866882277089,0.8462790555732195
SB86769_component_894a,198.21904,-5.314211,14.180999755859375,34.08893966674805,198.21891666666664,-5.315222222222221,10.0,0.9847797517136938,1.4180999755859376
SB86769_component_898a,200.367241,-7.66805,14.258000373840332,68.2200927734375,200.36699999999996,-7.667722222222221,11.7,0.8462623523478477,1.2186325105846438
SB86769_component_899a,204.044148,-5.65303,15.015000343322754,43.14655303955078,204.04399999999998,-5.651861111111111,9.6,1.0861414160851082,1.5640625357627869
SB86769_component_901a,197.889131,-4.655049,15.366000175476074,19.40151596069336,197.88962499999997,-4.655222222222221,9.7,1.100072632261197,1.5841237294305233
SB86769_component_904a,198.802288,-3.394491,13.192999839782715,36.54570388793945,198.80208333333331,-3.3940833333333327,10.1,0.9070984904675977,1.3062376078992788
SB86769_component_905a,201.826451,-6.065634,13.8149995803833,69.7727279663086,201.82699999999997,-6.065277777777777,10.0,0.9593633799389484,1.38149995803833
SB86769_component_907a,201.190327,-6.184672,13.734000205993652,70.0714340209961,201.1903333333333,-6.184305555555555,8.1,1.1774549275844275,1.6955555809868708
SB86769_component_908a,198.927191,-3.979571,13.001999855041504,49.064151763916016,198.92687499999997,-3.9791388888888886,8.4,1.0748877949927325,1.547857125600179
SB86769_component_909a,204.241859,-3.994879,14.819000244140625,53.11469268798828,204.2412083333333,-3.995027777777777,7.2,1.4292844526235593,2.0581944783528647
SB86769_component_910a,201.061745,-8.997423,13.623000144958496,60.81696319580078,201.06145833333332,-8.996249999999998,7.5,1.2613736625355296,1.8164000193277994
SB86769_component_913a,203.1594,-7.114951,14.465999603271484,68.23584747314453,203.15916666666664,-7.114666666666666,12.3,0.8167245273709709,1.1760975287212587
SB86769_component_914a,202.313772,-5.74958,13.87399959564209,59.03829574584961,202.31316666666663,-5.749694444444444,8.7,1.107425923815188,1.5947125972002403
SB86769_component_915a,200.489317,-10.366426,13.967000007629395,12.571557998657227,200.4890833333333,-10.36661111111111,8.0,1.2123985470431409,1.7458750009536743
SB86769_component_918a,205.693228,-4.31278,13.118000030517578,11.279449462890625,205.69316666666663,-4.3126388888888885,13.2,0.6901221350075737,0.9937878810998165
SB86769_component_919a,200.863926,-10.10651,14.059000015258789,20.98358154296875,200.86475,-10.106638888888888,8.9,1.0969748874879846,1.5796629230627852
SB86769_component_922a,203.911959,-8.804087,13.753000259399414,53.30620574951172,203.91212499999997,-8.80386111111111,6.5,1.4693198823928182,2.115846193753756
SB86769_component_925a,203.447002,-8.510546,12.942999839782715,59.371559143066406,203.44620833333332,-8.511194444444444,7.3,1.2312446219364797,1.7730136766825637
SB86769_component_928a,199.826475,-4.071603,13.78600025177002,59.42241668701172,199.82591666666664,-4.070722222222222,8.7,1.1004017954078853,1.5845977300885081
SB86769_component_929a,202.217172,-5.229429,13.928000450134277,71.79381561279297,202.21729166666665,-5.2299999999999995,8.5,1.137894785590234,1.6385882882510914
SB86769_component_931a,204.706475,-2.376839,14.074999809265137,10.089605331420898,204.70708333333332,-2.3770555555555553,11.0,0.8885624847693796,1.2795454372059216
SB86769_component_932a,199.043107,-10.187844,14.821999549865723,10.795337677001953,199.04358333333332,-10.187916666666665,9.5,1.083466408939278,1.560210478933234
SB86769_component_934a,201.911829,-3.021526,14.871000289916992,50.41017150878906,201.91141666666664,-3.0209166666666665,7.4,1.3955349683114007,2.0095946337725663
SB86769_component_938a,204.780396,-7.478742,13.862000465393066,31.504547119140625,204.78033333333332,-7.478749999999999,21.1,0.4562214648590721,0.6569668467010932
SB86769_component_939a,204.796475,-9.526019,14.180999755859375,27.482559204101562,204.79616666666664,-9.525749999999999,9.2,1.0704127736018412,1.5414130169412366
SB86769_component_946a,201.024136,-3.525479,13.336000442504883,57.236053466796875,201.02399999999997,-3.5257499999999995,9.7,0.9547422193862044,1.3748454064438025
SB86769_component_948a,199.522574,-4.920853,13.095000267028809,52.380001068115234,199.52179166666664,-4.920861111111111,6.9,1.3179188865350644,1.897826125656349
SB86769_component_950a,199.277561,-7.98349,13.378000259399414,54.60408020019531,199.2764583333333,-7.982972222222221,5.2,1.786570329841089,2.5726923575768104
SB86769_component_952a,200.35971,-7.738622,13.383000373840332,67.93401336669922,200.36095833333331,-7.737638888888888,8.2,1.1333704847460113,1.6320732163219918
SB86769_component_953a,203.750368,-9.290976,12.348999977111816,42.7301025390625,203.74979166666665,-9.291833333333333,9.0,0.952843424357912,1.3721111085679796
SB86769_component_954a,199.154918,-8.110579,14.152999877929688,56.38645553588867,199.1550833333333,-8.110916666666666,9.2,1.0682992817810093,1.5383695519488791
SB86769_component_956a,203.118975,-5.866794,13.866000175476074,56.36585235595703,203.11912499999997,-5.8670833333333325,9.3,1.035381768969354,1.490967760803879
SB86769_component_958a,200.940878,-5.7989,12.791000366210938,71.06111145019531,200.94179166666663,-5.799166666666666,10.2,0.8708364534751457,1.2540196437461704
SB86769_component_960a,202.428502,-6.049903,13.600000381469727,58.369102478027344,202.4290833333333,-6.050333333333333,7.8,1.2108116158985185,1.7435897924961188
SB86769_component_961a,200.686786,-10.029238,12.98799991607666,23.96310043334961,200.68549999999996,-10.029666666666666,7.5,1.2025780554084167,1.7317333221435547
SB86769_component_964a,205.630111,-5.385023,14.33899974822998,16.77075958251953,205.62912499999996,-5.3847499999999995,7.0,1.4225026297750627,2.048428535461426
SB86769_component_969a,197.959342,-9.111983,13.454999923706055,14.65686321258545,197.95979166666663,-9.112166666666665,11.5,0.8124901789774533,1.169999993365744
SB86769_component_970a,201.587123,-6.221923,12.913000106811523,64.88945007324219,201.58724999999998,-6.22161111111111,9.3,0.9642207359075655,1.388494635141024
SB86769_component_973a,199.338339,-5.113689,12.770999908447266,54.11440658569336,199.33779166666665,-5.113888888888888,8.5,1.043369739584938,1.5024705774643843
SB86769_component_976a,205.549957,-3.542091,14.11400032043457,10.873652458190918,205.5505833333333,-3.5422222222222217,5.6,1.750226909563776,2.5203572000776022
SB86769_component_981a,201.481697,-6.807635,13.265999794006348,67.34010314941406,201.48241666666664,-6.807305555555555,8.2,1.123462018768441,1.6178048529276035
SB86769_component_983a,199.615818,-5.435701,12.298999786376953,56.67742156982422,199.61433333333332,-5.435583333333333,8.0,1.0676086105063443,1.5373749732971191
SB86769_component_984a,204.53203,-6.623397,13.156000137329102,14.207343101501465,204.5335833333333,-6.625333333333333,3.6,2.5377780073163563,3.654444482591417
SB86769_component_985a,199.470329,-8.479095,13.13700008392334,57.6184196472168,199.47004166666665,-8.479222222222221,8.2,1.1125373785633448,1.6020731809662612
SB86769_component_987a,205.215195,-9.560173,13.824000358581543,13.473684310913086,205.21420833333332,-9.560555555555554,9.1,1.0549323367348915,1.5191209185254444
SB86769_component_990a,203.779773,-5.643397,13.121999740600586,40.878501892089844,203.7799583333333,-5.643777777777777,8.6,1.0595802005800632,1.5258139233256496
SB86769_component_993a,201.054513,-8.5723,13.868000030517578,65.10797882080078,201.05537499999997,-8.572277777777776,7.5,1.284058563047904,1.849066670735677
SB86769_component_994a,204.664132,-2.706441,14.22599983215332,15.05396842956543,204.66358333333332,-2.7074999999999996,11.0,0.8980951993239785,1.2932727120139382
SB86769_component_995a,200.756965,-9.162282,12.868000030517578,57.19111251831055,200.7567083333333,-9.162388888888888,7.4,1.2075679957450722,1.7389189230429158
SB86769_component_997a,198.862116,-3.323008,13.32800006866455,36.31607437133789,198.86166666666665,-3.3226388888888883,8.3,1.1151137084341216,1.6057831408029577
SB86769_component_1000a,199.962569,-5.485994,13.281999588012695,56.76068115234375,199.96229166666663,-5.485666666666666,8.6,1.0724999288048056,1.5444185567456623
SB86769_component_1003a,203.769533,-5.59947,13.062000274658203,41.598724365234375,203.76891666666663,-5.599055555555555,10.6,0.8557286728864776,1.2322641768545475
SB86769_component_1006a,200.718953,-3.07412,13.762999534606934,48.12237548828125,200.7187083333333,-3.073722222222222,8.8,1.0860821696334937,1.5639772198416968
SB86769_component_1008a,203.243016,-8.782222,12.644000053405762,54.735931396484375,203.24295833333332,-8.78286111111111,7.9,1.111449304839806,1.600506335874147
SB86769_component_1011a,200.486731,-8.992685,13.54699993133545,62.42857360839844,200.48691666666664,-8.993388888888887,8.0,1.175940647567331,1.6933749914169312
SB86769_component_1012a,205.023239,-8.123542,12.972000122070312,31.872236251831055,205.0225833333333,-8.123666666666665,6.9,1.305539794455509,1.8800000176913496
SB86769_component_1013a,199.773974,-4.959731,12.395000457763672,49.97984313964844,199.7728333333333,-4.960055555555555,7.1,1.2123289030286042,1.7457747123610807
SB86769_component_1015a,204.076536,-2.81202,13.37600040435791,26.17612648010254,204.07666666666665,-2.8114999999999997,11.2,0.8293550842615517,1.1942857503890991
SB86769_component_1017a,201.968238,-6.964566,12.97700023651123,60.35813903808594,201.9682083333333,-6.964944444444444,8.5,1.060199628410193,1.5267059101777918
SB86769_component_1020a,198.967906,-7.967823,12.946000099182129,53.94166946411133,198.96904166666664,-7.968333333333332,8.0,1.1237711535544552,1.6182500123977661
SB86769_component_1022a,199.757493,-2.566018,13.300000190734863,18.972896575927734,199.75699999999998,-2.5662499999999997,11.2,0.8246428263617461,1.1875000170298986
SB86769_component_1028a,201.144531,-7.526448,12.531999588012695,64.59793090820312,201.14324999999997,-7.526499999999999,8.1,1.0744039934521012,1.5471604429645303
SB86769_component_1029a,201.010419,-4.581329,12.666999816894531,66.31937408447266,201.010125,-4.582916666666666,6.8,1.293591378418014,1.862794090719784
SB86769_component_1030a,203.888067,-2.737729,13.13599967956543,24.7849063873291,203.88866666666664,-2.737472222222222,8.4,1.0859656889719487,1.563809485662551
SB86769_component_1031a,200.553249,-7.717745,13.885000228881836,65.49528503417969,200.55308333333332,-7.718333333333332,7.3,1.3208554484293766,1.9020548258742243
SB86769_component_1032a,198.208391,-4.878153,11.609000205993652,24.75266456604004,198.2085833333333,-4.878444444444444,9.4,0.8576285423350166,1.2350000219142183
SB86769_component_1034a,201.908432,-7.678177,12.170999526977539,57.14084243774414,201.90724999999998,-7.677944444444443,8.6,0.9827884754602552,1.4152325031369233
SB86769_component_1037a,198.130925,-3.757676,12.67199993133545,20.146263122558594,198.1304583333333,-3.757694444444444,8.5,1.0352816038807204,1.4908235213335823
SB86769_component_1039a,204.817302,-3.537186,11.380000114440918,24.110170364379883,204.81804166666663,-3.5379166666666664,5.1,1.5495455642993066,2.2313725714590036
SB86769_component_1042a,201.264186,-10.105328,13.262999534606934,22.946365356445312,201.26341666666664,-10.104972222222221,8.3,1.1096753091086593,1.5979517511574617
SB86769_component_1046a,199.501535,-8.442863,11.991000175476074,51.68534851074219,199.50074999999998,-8.441999999999998,8.6,0.968253819711247,1.39430234598559
SB86769_component_1048a,200.723661,-4.846733,13.32699966430664,60.8538818359375,200.72383333333332,-4.84775,7.7,1.2019154627465134,1.7307791771826806
SB86769_component_1052a,201.994015,-3.331247,13.071999549865723,58.0977783203125,201.9938333333333,-3.3319999999999994,8.1,1.1206997271380357,1.6138271049216941
SB86769_component_1053a,204.722157,-9.233919,11.930999755859375,27.811189651489258,204.72262499999997,-9.23511111111111,7.6,1.0901732098498704,1.5698683889288652
SB86769_component_1055a,202.217325,-9.771214,11.60099983215332,31.185482025146484,202.21766666666664,-9.77136111111111,7.2,1.1189100763758593,1.611249976687961
SB86769_component_1056a,204.666512,-8.563619,11.864999771118164,39.815433502197266,204.66654166666663,-8.565416666666666,5.0,1.6478967251736898,2.3729999542236326
SB86769_component_1058a,203.02625,-3.638064,12.902999877929688,58.650001525878906,203.02616666666665,-3.637666666666666,8.0,1.120038540556638,1.612874984741211
SB86769_component_1060a,198.768653,-3.822234,12.12600040435791,38.01253890991211,198.76820833333332,-3.8217777777777773,8.0,1.0525914844746498,1.5157500505447388
SB86769_component_1061a,205.394506,-7.965598,10.496000289916992,15.712575912475586,205.39416666666665,-7.9658888888888875,7.7,0.9465975360703555,1.3631169207684406
SB86769_component_1062a,198.563195,-4.958368,11.97599983215332,34.713043212890625,198.56337499999998,-4.958888888888889,7.7,1.0800735156215375,1.5553246535264051
SB86769_component_1066a,202.242132,-4.701513,11.623000144958496,61.17368698120117,202.2415833333333,-4.702333333333333,7.8,1.0347987641442287,1.4901282237126277
SB86769_component_1068a,201.600743,-5.18168,11.74899959564209,61.51308822631836,201.60120833333332,-5.181972222222222,11.5,0.7094720801484722,1.021652138751486
SB86769_component_1072a,202.969177,-7.951034,12.496999740600586,56.547508239746094,202.96904166666664,-7.951527777777777,7.8,1.1126111783362118,1.602179453923152
SB86769_component_1074a,198.435397,-3.750204,12.21500015258789,29.362979888916016,198.4357083333333,-3.7502777777777774,7.8,1.0875046807430502,1.566025660588191
SB86769_component_1076a,201.875668,-9.015439,11.734999656677246,55.616111755371094,201.87579166666663,-9.015777777777776,5.9,1.3812215015816274,1.9889829926571603
SB86769_component_1078a,204.592646,-9.697904,12.121000289916992,21.76122283935547,204.59241666666665,-9.696555555555554,7.2,1.1690638355629959,1.683472262488471
SB86769_component_1079a,204.874335,-3.97038,11.487000465393066,27.813560485839844,204.87454166666663,-3.969722222222222,6.4,1.2464042624148877,1.7948438227176666
SB86769_component_1080a,202.682255,-3.388159,11.3100004196167,53.857147216796875,202.68170833333332,-3.388944444444444,10.3,0.7625312685482839,1.0980582931666698
SB86769_component_1081a,202.988957,-7.007131,11.744000434875488,53.625572204589844,202.9889583333333,-7.008583333333332,7.2,1.1327024061430044,1.6311111715104845
SB86769_component_1082a,202.834756,-6.75292,11.557999610900879,56.93595886230469,202.8340833333333,-6.753777777777777,10.1,0.7946823411805591,1.144356397118899
SB86769_component_1083a,201.194947,-2.604304,12.451000213623047,27.06739044189453,201.19412499999999,-2.605055555555555,6.6,1.3100641607585455,1.88651518388228
SB86769_component_1084a,202.953234,-4.754793,11.802000045776367,49.79746627807617,202.95316666666665,-4.755083333333332,9.1,0.9006301478216733,1.296923081953447
SB86769_component_1085a,201.061205,-10.012941,12.309000015258789,25.327159881591797,201.0617083333333,-10.012749999999999,8.0,1.0684766754422514,1.5386250019073486
SB86769_component_1087a,204.835786,-7.542713,11.63700008392334,29.165414810180664,204.83624999999998,-7.543027777777777,6.7,1.206142152641912,1.7368656841676626
SB86769_component_1088a,204.949181,-3.85716,12.663000106811523,25.895706176757812,204.94979166666664,-3.8581111111111106,8.6,1.0225167244597586,1.472441872885061
SB86769_component_1089a,201.381439,-2.92241,11.935999870300293,37.068321228027344,201.38091666666665,-2.9226388888888883,6.4,1.2951232272816628,1.8649999797344208
SB86769_component_1095a,198.159794,-8.837798,12.258000373840332,17.81686019897461,198.15941666666663,-8.83886111111111,6.7,1.2705070766833328,1.8295522946030345
SB86769_component_1099a,200.639848,-9.715219,12.321000099182129,29.689157485961914,200.63924999999998,-9.71436111111111,6.7,1.2770368200700826,1.8389552386838999
SB86769_component_1102a,199.053839,-9.484425,10.875,26.71990203857422,199.05208333333331,-9.484472222222221,7.4,1.020539471758103,1.4695945945945945
SB86769_component_1103a,198.247872,-3.596302,10.590999603271484,18.515731811523438,198.24754166666665,-3.596944444444444,7.9,0.9309837944396436,1.3406328611736056
SB86769_component_1106a,199.806007,-7.634039,11.826000213623047,48.46721267700195,199.8053333333333,-7.634694444444444,6.9,1.1902030329043927,1.7139130744381226
SB86769_component_1107a,199.766473,-6.990005,11.357999801635742,28.9007625579834,199.76604166666664,-6.989499999999999,7.7,1.0243382555204756,1.475064909303343
SB86769_component_1110a,200.636635,-8.176639,11.038000106811523,48.41228103637695,200.63574999999997,-8.176888888888888,6.6,1.1613917033397108,1.6724242586078066
SB86769_component_1115a,202.954077,-9.839656,12.071999549865723,28.139860153198242,202.95329166666664,-9.839027777777776,8.5,0.9862625571143936,1.4202352411606733
SB86769_component_1117a,201.816634,-4.83318,10.57800006866455,56.56684494018555,201.81604166666665,-4.833805555555555,7.1,1.0346119197961148,1.489859164600641
SB86769_component_1118a,201.477622,-8.775278,11.776000022888184,59.47474670410156,201.47699999999998,-8.775333333333332,5.9,1.3860472867576026,1.9959322072691836
SB86769_component_1120a,202.0311,-9.031627,11.470999717712402,56.23039245605469,202.03137499999997,-9.032055555555555,7.0,1.1379822547670484,1.6387142453874861
SB86769_component_1121a,198.757287,-2.842583,10.767999649047852,14.770918846130371,198.75804166666663,-2.8422777777777775,6.7,1.1160727148479317,1.60716412672356
SB86769_component_1123a,197.895753,-3.859765,10.793999671936035,11.86153793334961,197.8953333333333,-3.8576111111111104,6.5,1.1531911604290017,1.6606153341440053
SB86769_component_1125a,201.613961,-3.50999,10.534000396728516,48.321102142333984,201.6140833333333,-3.509666666666666,6.8,1.0757631870559776,1.5491177054012524
SB86769_component_1126a,201.631799,-8.765849,11.217000007629395,53.16114044189453,201.6327083333333,-8.766305555555554,5.1,1.5273508288028106,2.1994117662018424
SB86769_component_1127a,199.748752,-4.378704,11.381999969482422,49.48695373535156,199.74887499999997,-4.37886111111111,7.3,1.0827494725165407,1.5591780780112907
SB86769_component_1128a,203.632258,-5.958565,11.878999710083008,44.490638732910156,203.6329583333333,-5.960027777777777,6.7,1.231224729588698,1.7729850313556728
SB86769_component_1132a,203.256849,-7.125125,10.664999961853027,45.190677642822266,203.25666666666663,-7.127055555555555,6.0,1.2343600821844536,1.7774999936421711
SB86769_component_1133a,203.149932,-9.485215,10.645999908447266,37.22377395629883,203.15049999999997,-9.48547222222222,9.9,0.7467642596956835,1.0753535261057843
SB86769_component_1134a,204.755349,-8.994974,10.501999855041504,30.091690063476562,204.75512499999996,-8.994416666666666,6.1,1.1955684167335399,1.7216393204986074
SB86769_component_1135a,203.655315,-3.724595,10.954999923706055,44.53252029418945,203.6554583333333,-3.7255277777777773,6.4,1.1886792066213054,1.711718738079071
SB86769_component_1143a,203.258702,-2.496008,11.069000244140625,15.18381404876709,203.25849999999997,-2.4979444444444443,6.2,1.2397923959827564,1.7853226200226815
SB86769_component_1144a,202.155453,-5.445764,11.824000358581543,55.77358627319336,202.15566666666663,-5.4464999999999995,7.9,1.039368627290636,1.4967089061495624
SB86769_component_1145a,198.061295,-3.690029,10.241999626159668,13.5297212600708,198.06079166666663,-3.6904999999999997,6.6,1.0776384559092276,1.5518181251757073
SB86769_component_1148a,201.835707,-9.52021,10.586000442504883,36.12969207763672,201.83612499999998,-9.520888888888887,5.8,1.267465582516446,1.8251724900870487
SB86769_component_1149a,198.800682,-8.453704,10.680000305175781,33.904762268066406,198.80195833333332,-8.45347222222222,6.1,1.2158323397274766,1.7508197221599642
SB86769_component_1152a,200.707532,-7.45884,11.126999855041504,54.27804946899414,200.70774999999998,-7.459166666666666,7.6,1.0167091942158795,1.4640789282949347
SB86769_component_1154a,199.540346,-8.995213,10.963000297546387,47.05150604248047,199.53979166666664,-8.99547222222222,6.3,1.208428995304655,1.7401587773883154
SB86769_component_1155a,202.835818,-8.454035,10.13599967956543,46.92592239379883,202.83524999999997,-8.454472222222222,5.8,1.2135868317805412,1.7475861516492122
SB86769_component_1161a,200.270218,-9.538746,10.164999961853027,30.803028106689453,200.26991666666663,-9.538527777777777,8.5,0.8304638195216295,1.1958823484532974
SB86769_component_1162a,202.276952,-5.988623,10.614999771118164,53.88324737548828,202.27729166666663,-5.987833333333333,6.6,1.1168846299903439,1.6083332986542673
SB86769_component_1165a,203.585349,-2.876758,10.961000442504883,28.033248901367188,203.5849583333333,-2.8771111111111107,7.6,1.001541302496716,1.4422369003295898
SB86769_component_1168a,200.066854,-4.333033,11.855999946594238,48.59016418457031,200.06779166666664,-4.332138888888888,4.6,1.7898334398339677,2.577391292737878
SB86769_component_1169a,204.724199,-8.990572,10.807000160217285,31.50728988647461,204.72391666666664,-8.991222222222222,6.1,1.230290254192641,1.7716393705274238
SB86769_component_1170a,202.800109,-4.277352,10.864999771118164,46.63090133666992,202.80070833333332,-4.276194444444444,7.1,1.0626827565524937,1.5302816579039669
SB86769_component_1175a,203.15478,-2.56505,11.666999816894531,18.909238815307617,203.1544583333333,-2.5643888888888884,7.5,1.0802647091862336,1.5555999755859375
SB86769_component_1176a,199.32096,-7.499832,10.541999816894531,43.92499923706055,199.32174999999998,-7.499972222222222,9.5,0.7706047113429253,1.1096841912520559
SB86769_component_1177a,199.77335,-7.470763,11.237000465393066,44.76892852783203,199.77287499999997,-7.470999999999999,5.0,1.5606756531737693,2.247400093078613
SB86769_component_1180a,200.576507,-2.369586,10.552000045776367,13.75749683380127,200.57541666666665,-2.369444444444444,8.2,0.8936206435664691,1.2868292738751668
SB86769_component_1182a,198.378187,-5.459279,9.901000022888184,31.431745529174805,198.37824999999998,-5.458277777777777,4.9,1.4031859979533852,2.020612249569017
SB86769_component_1183a,197.765687,-5.232276,10.96500015258789,13.22677993774414,197.7652083333333,-5.231916666666666,18.9,0.4028831450721488,0.5801587382321636
SB86769_component_1184a,198.885193,-2.973821,11.46399974822998,21.508441925048828,198.88437499999998,-2.9732222222222218,8.7,0.9150591669174054,1.3177011204862048
SB86769_component_1187a,199.009254,-7.396386,10.449999809265137,44.09282684326172,199.00924999999998,-7.395333333333332,7.5,0.9675808847279807,1.3933333079020183
SB86769_component_1191a,202.680439,-8.077862,10.008000373840332,50.040000915527344,202.67966666666663,-8.077805555555555,14.8,0.46958893861489237,0.676216241475698
SB86769_component_1192a,198.11512,-4.189086,10.36400032043457,15.944616317749023,198.11570833333332,-4.189666666666666,6.8,1.0584022779059714,1.5241176941815544
SB86769_component_1193a,203.832001,-3.316025,9.699999809265137,31.80327796936035,203.83074999999997,-3.316694444444444,7.4,0.9102742695541279,1.3108107850358293
SB86769_component_1195a,204.29648,-3.163386,10.934000015258789,27.96419334411621,204.29687499999997,-3.1627777777777775,7.4,1.0260761930827857,1.477567569629566
SB86769_component_1201a,200.394553,-8.124747,11.116000175476074,56.71428680419922,200.39462499999996,-8.123833333333332,7.2,1.0721321252728053,1.5438889132605658
SB86769_component_1203a,198.45063,-5.403179,10.277999877929688,31.14545249938965,198.4505833333333,-5.403361111111111,8.4,0.849692104975658,1.2235714140392484
SB86769_component_1205a,198.417406,-6.784117,10.892000198364258,34.359622955322266,198.41733333333332,-6.78486111111111,5.4,1.400703266978728,2.0170370737711587
SB86769_component_1206a,203.46841,-8.946653,10.279999732971191,47.37327194213867,203.46887499999997,-8.947,5.5,1.2979640824072387,1.8690908605402166
SB86769_component_1213a,204.8113,-5.315476,11.28600025177002,26.307693481445312,204.81116666666665,-5.315972222222221,7.0,1.119629354883463,1.61228575025286
SB86769_component_1215a,201.384814,-4.169105,10.515000343322754,50.552886962890625,201.385125,-4.167444444444444,7.2,1.0141660208140546,1.4604167143503826
SB86769_component_1216a,202.196625,-5.119019,10.0600004196167,45.520362854003906,202.19737499999997,-5.12161111111111,5.9,1.184072372561889,1.7050848168841861
SB86769_component_1217a,200.61216,-6.03362,10.859000205993652,50.50697708129883,200.61179166666665,-6.031944444444443,7.1,1.0620959517168802,1.5294366487315003
SB86769_component_1218a,202.634249,-5.844205,9.937999725341797,41.75630187988281,202.63387499999996,-5.844722222222221,12.1,0.5703558113516893,0.8213222913505618
SB86769_component_1220a,200.864634,-4.891491,10.135000228881836,45.65315246582031,200.86554166666664,-4.89136111111111,5.6,1.2568052803103413,1.8098214694431851
SB86769_component_1228a,200.735241,-5.689434,10.78499984741211,49.24657440185547,200.73379166666663,-5.688916666666666,5.4,1.3869431000289467,1.9972221939652053
SB86769_component_1229a,203.644312,-2.99806,10.461999893188477,30.59064292907715,203.64337499999996,-2.9980277777777773,7.7,0.9435311592716099,1.3587012848296722
SB86769_component_1230a,198.132647,-5.62494,11.03499984741211,25.484987258911133,198.13245833333332,-5.624194444444444,8.4,0.912274018302708,1.313690458025251
SB86769_component_1231a,205.302831,-7.802417,8.930000305175781,15.449827194213867,205.30249999999998,-7.804083333333332,6.3,0.9843355836877073,1.4174603659009177
SB86769_component_1232a,205.284849,-9.217127,9.958000183105469,12.525786399841309,205.28379166666664,-9.215472222222221,5.6,1.2348561350589204,1.778214318411691
SB86769_component_1233a,202.252624,-7.225097,9.970999717712402,47.255924224853516,202.2537083333333,-7.223916666666666,6.0,1.154036950308454,1.6618332862854004
SB86769_component_1234a,200.437105,-5.442536,10.289999961853027,46.98630142211914,200.43737499999997,-5.443527777777777,4.5,1.5879437717171265,2.286666658189562
SB86769_component_1235a,200.876401,-3.897894,9.777999877929688,49.88775634765625,200.87591666666665,-3.8988333333333327,5.3,1.281168991438237,1.8449056373452242
SB86769_component_1236a,205.412388,-7.93274,10.590999603271484,14.448840141296387,205.41304166666663,-7.932027777777777,6.6,1.1143593903141191,1.6046969095865886
SB86769_component_1240a,203.86347,-2.695907,10.340999603271484,18.904935836791992,203.8634583333333,-2.695694444444444,7.0,1.0258804232123928,1.477285657610212
SB86769_component_1244a,202.115575,-4.884772,9.840999603271484,48.240196228027344,202.11695833333332,-4.8839444444444435,2.8,2.440694619754957,3.514642715454102
SB86769_component_1245a,199.140018,-3.870758,9.949999809265137,38.7159538269043,199.14029166666663,-3.8714166666666663,4.2,1.6451520495921388,2.3690475736345564
SB86769_component_1246a,199.330483,-2.976351,9.48799991607666,23.60198974609375,199.32991666666663,-2.9745277777777774,6.4,1.0295014414614096,1.4824999868869781
SB86769_component_1247a,202.436461,-6.879426,10.173999786376953,53.547367095947266,202.43679166666664,-6.879805555555555,7.0,1.0093131812237213,1.4534285409109933
SB86769_component_1248a,199.250209,-8.669337,9.878000259399414,45.73147964477539,199.2500833333333,-8.669472222222222,6.2,1.1063934717683164,1.593225848290228
SB86769_component_1252a,199.149546,-3.704285,9.682000160217285,37.52713394165039,199.15004166666665,-3.704333333333333,5.7,1.1795666648133594,1.6985965193363657
SB86769_component_1254a,199.909262,-10.142448,10.524999618530273,12.470378875732422,199.90999999999997,-10.142777777777777,5.3,1.379045133411815,1.9858489846283536
SB86769_component_1255a,199.860616,-7.131437,9.6850004196167,38.129920959472656,199.85866666666664,-7.132722222222221,4.2,1.6013365423179742,2.305952480861119
SB86769_component_1258a,202.765406,-7.361083,10.241000175476074,53.33854293823242,202.76566666666665,-7.361166666666666,10.5,0.6773066432773022,0.9753333500453404
SB86769_component_1262a,203.900343,-9.344827,8.940999984741211,30.619863510131836,203.89816666666664,-9.344194444444444,6.9,0.899848224827397,1.2957970992378567
SB86769_component_1263a,202.783903,-6.736859,9.505999565124512,46.59803771972656,202.78479166666665,-6.736972222222222,4.6,1.4350671370907437,2.066521644592285
SB86769_component_1266a,202.373346,-10.235748,9.82699966430664,13.243935585021973,202.37229166666663,-10.235944444444444,8.3,0.8221955268600061,1.1839758631694746
SB86769_component_1273a,198.204637,-8.165999,9.399999618530273,24.16452407836914,198.20479166666664,-8.166027777777776,7.6,0.8589077165715341,1.236842055069773
SB86769_component_1275a,202.343353,-8.180208,9.83899974822998,51.51308822631836,202.3418333333333,-8.180333333333332,6.8,1.004787671157293,1.4469117276808796
SB86769_component_1278a,198.298994,-9.45858,10.564000129699707,14.01060962677002,198.2997083333333,-9.458388888888887,5.0,1.4672045136353178,2.1128000259399413
SB86769_component_1285a,202.430923,-9.740454,10.246999740600586,25.61749839782715,202.43054166666664,-9.740416666666665,6.0,1.1859810114574214,1.7078332901000977
SB86769_component_1291a,200.352347,-6.566194,9.916999816894531,42.562232971191406,200.3518333333333,-6.566305555555554,7.1,0.9699608765903803,1.3967605375907792
SB86769_component_1294a,204.766802,-4.170558,10.234999656677246,30.37091827392578,204.7674583333333,-4.170611111111111,5.3,1.3410476939269789,1.9311320106938201
SB86769_component_1295a,203.943677,-4.260379,9.253999710083008,32.470176696777344,203.94266666666664,-4.259527777777778,6.6,0.9736834917555606,1.4021211681943953
SB86769_component_1300a,203.896494,-4.045593,9.475000381469727,37.59920883178711,203.89629166666663,-4.044833333333333,6.2,1.061255141908428,1.5282258679789882
SB86769_component_1301a,200.420513,-5.022964,9.10200023651123,42.532711029052734,200.42104166666664,-5.02286111111111,5.5,1.149228569253979,1.6549091339111328
SB86769_component_1304a,201.832583,-4.705323,10.4399995803833,51.683162689208984,201.83266666666665,-4.706194444444444,7.4,0.9797178535098106,1.4108107541058514
SB86769_component_1305a,200.668869,-9.513639,9.159000396728516,28.181541442871094,200.66829166666665,-9.512666666666666,4.9,1.2980285912765819,1.8691837544343908
SB86769_component_1306a,204.762967,-3.704124,8.140999794006348,21.090673446655273,204.76216666666664,-3.7057222222222217,4.0,1.4133509438448197,2.035249948501587
SB86769_component_1312a,200.50745,-9.709023,9.08899974822998,26.81121063232422,200.5067083333333,-9.709694444444443,4.7,1.3429210900234647,1.9338297336659531
SB86769_component_1315a,201.629341,-10.283808,9.914999961853027,12.727856636047363,201.62991666666665,-10.283944444444444,7.0,0.9836190646210592,1.416428565979004
SB86769_component_1319a,198.939676,-9.018191,10.121999740600586,32.33865737915039,198.93974999999998,-9.018027777777776,6.1,1.1523084527789036,1.6593442197705879
SB86769_component_1320a,204.048803,-7.079375,8.734999656677246,27.46855354309082,204.04949999999997,-7.078999999999999,12.5,0.4852718957035498,0.6987999725341797
SB86769_component_1321a,199.791857,-4.924521,8.762999534606934,32.57620620727539,199.79149999999998,-4.924305555555555,4.8,1.267779754384589,1.8256249030431113
SB86769_component_1322a,201.162657,-3.927976,8.96399974822998,44.81999969482422,201.16249999999997,-3.9272222222222215,7.2,0.8645728633773704,1.2449999650319417
SB86769_component_1324a,199.62826,-8.12965,9.574999809265137,45.81339645385742,199.62754166666664,-8.129388888888888,6.7,0.9924216549115417,1.4291044491440503
SB86769_component_1329a,202.835378,-3.376832,9.112000465393066,37.65289306640625,202.8360833333333,-3.376527777777777,7.2,0.8788474514422417,1.2655556201934814
SB86769_component_1330a,202.126786,-6.662205,9.42300033569336,44.448116302490234,202.12562499999999,-6.662499999999999,5.4,1.2117909580032433,1.745000062165437
SB86769_component_1334a,198.708753,-5.048184,8.850000381469727,29.898649215698242,198.70820833333332,-5.047249999999999,8.2,0.7494828470568491,1.0792683392036253
SB86769_component_1335a,200.08653,-6.507469,8.685999870300293,38.77678298950195,200.0860833333333,-6.507583333333333,6.5,0.927980227381381,1.3363076723538911
SB86769_component_1339a,205.180878,-5.634319,9.220000267028809,18.816326141357422,205.17987499999998,-5.634166666666666,3.3,1.9402123050006632,2.793939474857215
SB86769_component_1340a,201.221719,-6.342066,9.998000144958496,49.741294860839844,201.22016666666664,-6.341972222222221,6.0,1.1571619620021918,1.6663333574930828
SB86769_component_1346a,199.793613,-8.108204,9.036999702453613,42.22896957397461,199.7927083333333,-8.108555555555554,5.5,1.1410215302719176,1.6430908549915662
SB86769_component_1353a,203.028874,-6.821698,8.659000396728516,38.31416320800781,203.02862499999998,-6.821694444444444,7.1,0.8469186014200534,1.2195775206659882
SB86769_component_1356a,198.810024,-6.003929,8.388999938964844,35.24789810180664,198.8099583333333,-6.004805555555555,6.6,0.8826703056850652,1.2710605968128552
SB86769_component_1357a,202.54881,-5.535973,8.838000297546387,41.88625717163086,202.54729166666664,-5.535833333333333,6.4,0.9589728210835344,1.380937546491623
SB86769_component_1359a,199.064246,-4.379633,8.96500015258789,38.31196594238281,199.06491666666665,-4.379027777777777,4.8,1.2970040277441925,1.8677083651224773
SB86769_component_1361a,199.903312,-6.877029,8.54699993133545,28.972883224487305,199.90395833333332,-6.875527777777777,4.3,1.3803127694906816,1.987674402636151
SB86769_component_1365a,202.323134,-7.957288,8.98799991607666,39.421051025390625,202.32341666666665,-7.955749999999999,5.0,1.2483182396360302,1.797599983215332
SB86769_component_1366a,201.365117,-7.759083,8.729000091552734,45.22797775268555,201.36504166666663,-7.759027777777777,5.3,1.1437230909361351,1.6469811493495725
SB86769_component_1367a,204.825349,-9.076988,9.161999702453613,22.56650161743164,204.8262083333333,-9.077777777777776,4.6,1.3831354181062534,1.9917390657507856
SB86769_component_1374a,202.297466,-3.878887,9.317000389099121,42.54338073730469,202.2967083333333,-3.8797222222222216,6.8,0.9514795571387871,1.3701471160439884
SB86769_component_1377a,200.183562,-6.028903,8.291999816894531,37.863014221191406,200.18329166666663,-6.0290833333333325,5.9,0.9759768873694689,1.405423697778734
SB86769_component_1380a,201.98939,-7.983738,8.60200023651123,36.60425567626953,201.98933333333332,-7.984694444444443,3.0,1.9911797012413373,2.86733341217041
SB86769_component_1381a,203.341724,-2.912351,8.482999801635742,22.6213321685791,203.34266666666664,-2.912666666666666,6.1,0.9657214608628936,1.3906557051861874
SB86769_component_1390a,200.443074,-2.529287,8.741000175476074,13.743711471557617,200.4428333333333,-2.5308888888888887,7.5,0.8093420897190744,1.1654666900634765
SB86769_component_1391a,201.042909,-3.811546,8.729999542236328,41.77033233642578,201.0433333333333,-3.813194444444444,5.2,1.16585123779822,1.6788460658146784
SB86769_component_1394a,201.220411,-4.081977,8.751999855041504,46.8021354675293,201.21966666666665,-4.081166666666666,6.7,0.9071200368611256,1.3062686350808215
SB86769_component_1396a,202.362515,-7.289978,8.574999809265137,45.37036895751953,202.3622083333333,-7.2893333333333326,5.5,1.0826889151930157,1.559090874411843
SB86769_component_1401a,199.36568,-2.708662,8.776000022888184,14.749579429626465,199.3652083333333,-2.709055555555555,5.1,1.1949746723201229,1.7207843182133695
SB86769_component_1403a,200.187906,-5.798971,8.416000366210938,45.005348205566406,200.1885833333333,-5.800055555555555,5.4,1.0822914977192326,1.5585185863353588
SB86769_component_1405a,202.395527,-3.894226,8.472000122070312,35.30000305175781,202.39441666666664,-3.8961111111111104,6.4,0.9192597401854947,1.3237500190734863
SB86769_component_1408a,197.974294,-9.001403,8.92199993133545,10.471831321716309,197.97479166666665,-8.999555555555554,3.9,1.5886560074845089,2.287692290086013
SB86769_component_1412a,198.364009,-7.376723,9.09000015258789,26.120691299438477,198.36475,-7.378222222222221,7.2,0.8767255333285198,1.2625000211927626
SB86769_component_1416a,201.734333,-9.774803,8.071000099182129,22.481895446777344,201.73375,-9.775944444444443,7.3,0.767779926506869,1.1056164519427574
SB86769_component_1419a,201.404865,-8.725128,8.687000274658203,41.966182708740234,201.40724999999998,-8.724777777777776,4.5,1.3405702655186742,1.9304445054796007
SB86769_component_1420a,202.170151,-5.118521,8.770999908447266,40.050228118896484,202.16937499999997,-5.1188055555555545,6.0,1.0151497615148328,1.4618333180745442
SB86769_component_1422a,200.405037,-9.646008,8.723999977111816,25.286956787109375,200.40520833333332,-9.64436111111111,5.6,1.0818321646817657,1.5578571387699673
SB86769_component_1423a,199.453524,-9.153447,8.72599983215332,32.19926071166992,199.45266666666663,-9.15472222222222,6.9,0.8782099845887206,1.2646376568338145
SB86769_component_1425a,198.489145,-7.68244,8.529000282287598,26.820756912231445,198.48991666666663,-7.68311111111111,5.0,1.1845690607091066,1.7058000564575195
SB86769_component_1427a,202.663346,-7.256947,8.416000366210938,45.98907470703125,202.66429166666663,-7.254944444444443,5.2,1.123918093785357,1.6184616088867188
SB86769_component_1429a,201.896538,-5.082816,8.894000053405762,44.029701232910156,201.89541666666665,-5.084,5.1,1.2110420204780257,1.7439215790991691
SB86769_component_1430a,198.418679,-9.261655,8.29800033569336,16.529882431030273,198.41941666666665,-9.26297222222222,4.8,1.2005063775163651,1.7287500699361167
SB86769_component_1433a,203.635797,-5.678448,8.430999755859375,31.225923538208008,203.6358333333333,-5.677,8.6,0.680789558680106,0.9803488088208576
SB86769_component_1436a,199.359332,-3.756215,7.968999862670898,36.55504608154297,199.35929166666665,-3.7564722222222215,4.6,1.203034961242381,1.7323912744936738
SB86769_component_1441a,200.605287,-8.84626,9.218000411987305,44.96585464477539,200.6043333333333,-8.846749999999998,5.8,1.103674454320328,1.58931041585988
SB86769_component_1442a,200.629874,-5.627057,8.446999549865723,38.926265716552734,200.63087499999997,-5.628722222222222,5.9,0.9942205149947498,1.431694838960292
SB86769_component_1447a,203.961085,-4.960423,8.225000381469727,26.704545974731445,203.9598333333333,-4.961027777777777,3.7,1.5437126518648845,2.222973076072899
SB86769_component_1449a,202.264209,-2.906202,8.119999885559082,23.882352828979492,202.26312499999997,-2.906833333333333,4.6,1.2258305830033782,1.7652173664258874
SB86769_component_1450a,200.679853,-4.109871,8.361000061035156,33.17856979370117,200.67945833333332,-4.110305555555555,11.8,0.4920491434550657,0.7085593272063692
SB86769_component_1453a,201.132684,-5.99602,8.116000175476074,40.989898681640625,201.1329583333333,-5.994861111111111,6.2,0.9090392159559626,1.3090322863671087
SB86769_component_1454a,200.837445,-4.356451,7.854000091552734,39.86802291870117,200.8373333333333,-4.3582222222222216,4.6,1.1856740944367372,1.7073913242505945
SB86769_component_1462a,202.704367,-4.640159,8.241000175476074,39.81159591674805,202.70387499999998,-4.64061111111111,4.5,1.2717439212711525,1.8313333723280165
SB86769_component_1463a,204.171953,-4.117731,7.377999782562256,30.48760223388672,204.17004166666663,-4.117249999999999,5.5,0.9315543741756886,1.3414545059204102
SB86769_component_1466a,199.230962,-9.369474,7.811999797821045,22.775510787963867,199.22974999999997,-9.368638888888889,6.2,0.8749894058304183,1.2599999673904911
SB86769_component_1467a,200.622456,-4.124136,8.506999969482422,40.317535400390625,200.62316666666663,-4.1250833333333325,5.9,1.0012826259536838,1.44186440160719
SB86769_component_1470a,201.204993,-2.665931,7.771999835968018,18.201404571533203,201.20504166666663,-2.663333333333333,6.7,0.8055458060396115,1.1599999755176145
SB86769_component_1471a,201.316681,-4.981063,7.908999919891357,42.75135040283203,201.31645833333332,-4.980944444444444,6.0,0.9153824496983594,1.3181666533152263
SB86769_component_1472a,198.954981,-6.796057,7.51800012588501,30.81147575378418,198.95599999999996,-6.7957222222222216,4.4,1.1865387145432704,1.708636392246593
SB86769_component_1473a,203.760169,-6.169471,7.918000221252441,26.21854591369629,203.75891666666664,-6.1716388888888885,4.7,1.1699031557351638,1.6846808981388173
SB86769_component_1476a,202.145712,-8.630104,7.9079999923706055,38.955665588378906,202.1459583333333,-8.627749999999999,6.3,0.8716825892806372,1.2552380940270802
SB86769_component_1477a,204.076606,-4.368874,8.762999534606934,28.54397201538086,204.07704166666664,-4.368416666666666,4.4,1.3830324593286425,1.9915908033197576
SB86769_component_1481a,203.558086,-3.764652,8.49899959564209,35.265560150146484,203.55729166666663,-3.763444444444444,4.6,1.2830460315399488,1.8476086077482805
SB86769_component_1483a,202.221768,-5.132564,8.036999702453613,34.642242431640625,202.22112499999997,-5.131638888888888,4.8,1.1627463254478756,1.6743749380111694
SB86769_component_1485a,198.660941,-2.402815,8.121000289916992,55.623291015625,198.66179166666663,-2.402444444444444,6.8,0.8293404998044994,1.1942647485172047
SB86769_component_1487a,199.573132,-2.908711,8.038999557495117,19.655254364013672,199.57362499999996,-2.9086388888888886,4.2,1.3291836032366875,1.9140475136893136
SB86769_component_1490a,200.965528,-3.515108,7.806000232696533,34.693336486816406,200.96599999999998,-3.515916666666666,9.6,0.5646633335224727,0.8131250242392223
SB86769_component_1491a,200.293607,-7.151919,7.697000026702881,35.47004699707031,200.29337499999997,-7.151138888888888,5.0,1.0690148657685263,1.539400005340576
SB86769_component_1493a,204.890057,-5.231799,7.0289998054504395,15.148707389831543,204.89083333333332,-5.231416666666666,7.7,0.633920894921299,0.9128571175909661
SB86769_component_1496a,204.520572,-9.227774,8.065999984741211,25.04969024658203,204.5204583333333,-9.227749999999999,4.6,1.2176785225557643,1.7534782575524372
SB86769_component_1498a,199.647702,-7.109784,8.121000289916992,29.74725341796875,199.64729166666663,-7.108972222222222,3.4,1.6586809996089988,2.3885294970344093
SB86769_component_1499a,202.886799,-4.225191,7.789999961853027,36.57276916503906,202.88799999999998,-4.2244722222222215,3.8,1.4235939044375552,2.0499999899613233
SB86769_component_1504a,198.56104,-7.951696,8.654000282287598,29.435375213623047,198.5594583333333,-7.953777777777777,5.9,1.0185847136167372,1.4667797088623047
SB86769_component_1505a,203.706888,-5.120748,7.50600004196167,27.799999237060547,203.70704166666664,-5.120138888888889,2.6,2.0047834819457107,2.8869230930621805
SB86769_component_1509a,202.9993,-4.484074,7.3520002365112305,33.418182373046875,202.99924999999996,-4.4831666666666665,6.6,0.773559702392702,1.113939429774429
SB86769_component_1514a,202.879009,-6.656955,7.534999847412109,41.174861907958984,202.8798333333333,-6.658444444444443,4.5,1.1627945696739213,1.6744444105360243
SB86769_component_1515a,204.491886,-5.954222,7.2220001220703125,13.703985214233398,204.49129166666663,-5.955166666666666,3.8,1.3197940182249965,1.9005263479132402
SB86769_component_1517a,202.904529,-5.963427,7.855000019073486,31.420000076293945,202.90529166666664,-5.962694444444444,4.1,1.330437858568569,1.9158536631886554
SB86769_component_1518a,200.842043,-7.726886,7.284999847412109,36.064353942871094,200.84266666666664,-7.728472222222221,5.9,0.8574519576180015,1.23474573684951
SB86769_component_1526a,199.83465,-8.546992,7.659999847412109,37.54901885986328,199.8360833333333,-8.547749999999999,5.0,1.0638760140651728,1.5319999694824218
SB86769_component_1533a,202.673488,-6.326293,8.190999984741211,38.63679122924805,202.6729583333333,-6.325194444444444,4.6,1.2365490675108117,1.7806521705959155
SB86769_component_1540a,204.380652,-5.045938,7.669000148773193,23.31003189086914,204.38074999999998,-5.0457222222222216,5.6,0.9510053935876746,1.3694643122809276
SB86769_component_1542a,201.983934,-3.521495,7.466000080108643,37.5175895690918,201.9863333333333,-3.520805555555555,5.0,1.0369319274751303,1.4932000160217285
SB86769_component_1543a,202.508028,-8.726332,8.482999801635742,35.79324722290039,202.50741666666664,-8.727527777777777,8.2,0.7184025501541037,1.0345121709311882
SB86769_component_1552a,202.559156,-9.068498,7.439000129699707,33.062225341796875,202.55929166666664,-9.070166666666665,5.7,0.9062999821659894,1.3050877420525802
SB86769_component_1555a,200.65017,-3.274952,7.466000080108643,27.962547302246094,200.6509583333333,-3.2753611111111107,5.8,0.8939068340302848,1.2872413931221798
SB86769_component_1556a,205.465056,-6.168365,7.478000164031982,10.473389625549316,205.4669583333333,-6.169249999999999,4.6,1.1289115061537378,1.6256522095721702
SB86769_component_1559a,202.290007,-8.489791,8.211000442504883,39.28708267211914,202.29049999999998,-8.491888888888887,5.1,1.1180421077498521,1.6100000867656634
SB86769_component_1565a,202.042755,-7.167613,7.735000133514404,39.871131896972656,202.04337499999997,-7.165222222222221,4.6,1.1677093419742486,1.6815217681553054
SB86769_component_1566a,200.466733,-7.694519,7.863999843597412,40.74611282348633,200.4675833333333,-7.694916666666666,6.7,0.8150813466810942,1.1737313199399122
SB86769_component_1570a,199.199888,-6.098685,7.245999813079834,33.39170455932617,199.1990833333333,-6.09986111111111,5.3,0.9494119849028596,1.367169776052799
SB86769_component_1571a,204.60878,-4.822531,7.421000003814697,25.589656829833984,204.6114583333333,-4.822888888888889,2.6,1.9820807545957024,2.8542307706979604
SB86769_component_1576a,200.834208,-8.7361,7.763000011444092,38.621891021728516,200.83491666666663,-8.735972222222221,3.7,1.4570019183332967,2.098108111201106
SB86769_component_1578a,199.496487,-5.307562,7.090000152587891,32.824073791503906,199.4962083333333,-5.30686111111111,3.6,1.367653258687182,1.9694444868299696
SB86769_component_1582a,204.629581,-9.866307,7.422999858856201,10.168492317199707,204.6283333333333,-9.867194444444443,5.4,0.9545923580357615,1.374629603491889
SB86769_component_1583a,202.87124,-9.684148,7.245999813079834,20.526912689208984,202.87349999999998,-9.685027777777776,3.2,1.5724635999953611,2.264374941587448
SB86769_component_1584a,201.911061,-4.908214,7.576000213623047,37.880001068115234,201.91041666666663,-4.907472222222221,5.1,1.031577979621745,1.4854902379653034
SB86769_component_1590a,202.026761,-9.609441,7.571000099182129,25.32107162475586,202.0275833333333,-9.611027777777776,5.5,0.9559228066049584,1.3765454725785689
SB86769_component_1591a,201.189216,-2.94622,7.638999938964844,23.577159881591797,201.1905833333333,-2.945555555555555,8.1,0.6549132070076694,0.943086412217882
SB86769_component_1598a,201.749292,-2.647398,7.9710001945495605,17.557270050048828,201.74895833333332,-2.6479999999999997,11.2,0.49422767181179933,0.711696445941925
SB86769_component_1599a,204.0544,-3.566258,7.848999977111816,24.760251998901367,204.05337499999996,-3.5676666666666663,2.4,2.271095239443901,3.270416657129924
SB86769_component_1604a,202.055565,-7.919519,7.109000205993652,34.67805099487305,202.05562499999996,-7.920749999999999,4.7,1.050371500721981,1.5125532353177984
SB86769_component_1606a,201.181603,-7.785812,7.173999786376953,37.957672119140625,201.18170833333332,-7.786638888888888,5.6,0.8896221617015749,1.281071390424456
SB86769_component_1607a,201.063762,-5.698005,7.335999965667725,39.654052734375,201.06454166666663,-5.697416666666666,4.2,1.212948302580668,1.7466666584923154
SB86769_component_1608a,203.431452,-3.651334,7.39900016784668,29.24506187438965,203.43199999999996,-3.652333333333333,3.9,1.3174698673494725,1.8971795302170975
SB86769_component_1610a,199.253552,-4.651509,7.375,30.857742309570312,199.25370833333332,-4.650555555555555,8.0,0.6401832375999823,0.921875
SB86769_component_1611a,202.727791,-9.325028,7.210000038146973,28.84000015258789,202.7270833333333,-9.325527777777777,4.7,1.0652944634730732,1.5340425613078665
SB86769_component_1614a,199.651383,-6.005701,7.353000164031982,33.7293586730957,199.6512083333333,-6.005916666666666,4.8,1.0637892544820782,1.5318750341733298
SB86769_component_1617a,198.836707,-9.207847,7.964000225067139,22.497175216674805,198.8372083333333,-9.20686111111111,3.4,1.626614380324776,2.342353007372688
SB86769_component_1618a,203.714271,-5.759904,6.742000102996826,22.70033836364746,203.71362499999998,-5.761916666666666,4.5,1.040419544427492,1.498222245110406
SB86769_component_1621a,200.18458,-7.864696,7.258999824523926,34.4028434753418,200.1855833333333,-7.865083333333332,4.5,1.1202024881419645,1.613111072116428
SB86769_component_1623a,205.056909,-5.122951,6.546999931335449,12.566218376159668,205.0575833333333,-5.123944444444444,3.1,1.466604129070466,2.111935461721113
SB86769_component_1634a,203.834846,-3.941934,6.790999889373779,28.414226531982422,203.83624999999998,-3.9406111111111106,2.7,1.746635247495966,2.5151851442125106
SB86769_component_1638a,202.646025,-4.282576,7.175000190734863,37.763160705566406,202.64604166666663,-4.2821944444444435,5.8,0.8590653142041166,1.2370689984025627
SB86769_component_1642a,204.550178,-7.628489,7.590000152587891,22.724552154541016,204.55212499999996,-7.627916666666666,4.2,1.254945180582554,1.8071428934733071
SB86769_component_1643a,202.469204,-3.731524,7.002999782562256,28.237903594970703,202.46841666666663,-3.7320555555555552,3.9,1.2469578301504187,1.795640969887758
SB86769_component_1644a,202.889774,-9.783031,7.684000015258789,18.74146270751953,202.89149999999998,-9.781722222222221,4.1,1.3014747932168165,1.8741463451850706
SB86769_component_1647a,198.209514,-3.987399,6.993000030517578,11.15311050415039,198.20866666666663,-3.9872222222222216,6.2,0.7832566692310148,1.1279032307286416
SB86769_component_1649a,199.480274,-7.681133,7.2870001792907715,31.00851058959961,199.48224999999996,-7.682249999999999,4.2,1.2048465839341451,1.7350000426882788
SB86769_component_1650a,201.39116,-3.772552,7.309000015258789,35.48058319091797,201.38949999999997,-3.7738333333333327,4.3,1.1803797980951847,1.6997674454090208
SB86769_component_1652a,198.386993,-3.263389,6.605999946594238,10.62057876586914,198.38741666666664,-3.2637499999999995,5.7,0.8048148312142274,1.1589473590516206
SB86769_component_1654a,201.225198,-8.502382,7.656000137329102,36.45714569091797,201.22524999999996,-8.501694444444443,4.2,1.2658577446279267,1.822857175554548
SB86769_component_1655a,199.086983,-5.526203,7.039000034332275,33.67942428588867,199.08616666666663,-5.523972222222222,3.4,1.4376868854062528,2.070294127744787
SB86769_component_1664a,198.190973,-7.568889,7.38100004196167,18.54522705078125,198.19074999999998,-7.569499999999999,6.6,0.7766109918584289,1.118333339691162
SB86769_component_1671a,198.210484,-9.146253,6.810999870300293,10.932583808898926,198.2110833333333,-9.145888888888887,4.0,1.1824509690201768,1.7027499675750732
SB86769_component_1672a,199.38484,-6.362664,6.2729997634887695,28.256755828857422,199.38437499999998,-6.362222222222221,7.3,0.5967393431053322,0.859315036094352
SB86769_component_1673a,198.503885,-4.119977,6.589000225067139,17.712366104125977,198.50441666666663,-4.120333333333333,5.5,0.8319344215234256,1.1980000409212979
SB86769_component_1676a,203.994378,-9.52117,6.75,18.960674285888672,203.99349999999998,-9.521305555555553,4.5,1.0416540815186155,1.5
SB86769_component_1677a,201.572674,-8.649672,7.150000095367432,33.568077087402344,201.57483333333332,-8.648833333333332,4.6,1.0793951858257935,1.554347846819007
SB86769_component_1682a,198.636631,-3.908414,7.414000034332275,23.168750762939453,198.63699999999997,-3.9103611111111105,3.3,1.5601663426548222,2.2466666770703867
SB86769_component_1683a,202.349749,-7.342257,7.531000137329102,38.03535461425781,202.34724999999997,-7.341777777777777,4.2,1.2451900049152558,1.793095270792643
SB86769_component_1686a,203.597548,-5.577572,7.5289998054504395,25.87285041809082,203.5985833333333,-5.57825,3.1,1.6865835219570564,2.428709614661432
SB86769_component_1695a,200.920781,-3.368882,6.3379998207092285,25.150793075561523,200.92062499999997,-3.3690833333333328,4.0,1.1003338969843368,1.5844999551773071
SB86769_component_1701a,199.752812,-2.988049,6.886000156402588,20.55522346496582,199.75099999999998,-2.9869722222222217,3.3,1.44905659964739,2.0866667140613906
SB86769_component_1704a,197.564058,-7.649597,6.699999809265137,11.056105613708496,197.56499999999997,-7.649972222222221,8.4,0.5538954085313471,0.7976190249125162
SB86769_component_1705a,202.041129,-7.894451,6.886000156402588,32.02790832519531,202.04108333333332,-7.893499999999999,4.6,1.0395406040948667,1.496956555739693
SB86769_component_1711a,204.849844,-6.040182,7.168000221252441,14.933334350585938,204.84962499999997,-6.039999999999999,2.8,1.7777563539985584,2.5600000790187294
SB86769_component_1713a,204.476401,-7.755911,6.3420000076293945,22.02083396911621,204.47508333333332,-7.753972222222221,3.4,1.2953274888114215,1.8652941198909985
SB86769_component_1714a,201.994414,-10.040627,6.854000091552734,13.105162620544434,201.99366666666663,-10.040138888888887,3.5,1.3599042228752132,1.9582857404436385
SB86769_component_1715a,200.89526,-9.420435,7.046999931335449,27.208494186401367,200.89529166666665,-9.420472222222221,4.5,1.0874868505091813,1.565999984741211
SB86769_component_1716a,202.244542,-5.633477,6.906000137329102,34.35820770263672,202.24529166666665,-5.6333055555555545,9.0,0.5328639429642206,0.7673333485921224
SB86769_component_1717a,198.225958,-8.787574,6.790999889373779,12.126785278320312,198.22479166666665,-8.788333333333332,3.1,1.5212629574964867,2.190645125604445
SB86769_component_1718a,203.645129,-8.562462,7.131999969482422,32.71559524536133,203.64416666666665,-8.564166666666665,3.2,1.5477243495004178,2.228749990463257
SB86769_component_1720a,199.512951,-9.678204,6.330999851226807,14.689094543457031,199.51287499999998,-9.678999999999998,3.4,1.2930807519851275,1.8620587797725903
SB86769_component_1723a,200.756677,-2.84773,7.093999862670898,20.443803787231445,200.75724999999997,-2.845583333333333,3.0,1.6421097580541417,2.3646666208902993
SB86769_component_1725a,200.929448,-7.296721,6.5229997634887695,37.924415588378906,200.92987499999998,-7.296277777777777,4.2,1.0785252900608,1.5530951817830403
SB86769_component_1727a,202.445397,-5.881435,6.9019999504089355,34.0,202.44383333333332,-5.880333333333333,4.6,1.041956002751413,1.5004347718280295
SB86769_component_1728a,201.925386,-8.220789,6.993000030517578,34.27941131591797,201.92437499999997,-8.221583333333331,3.8,1.2779450919032347,1.8402631659256785
SB86769_component_1733a,197.957284,-5.786356,6.677999973297119,12.744275093078613,197.9573333333333,-5.785916666666666,4.8,0.9661341567452985,1.3912499944369
SB86769_component_1737a,203.587799,-7.211216,6.033999919891357,24.429149627685547,203.587125,-7.21211111111111,4.3,0.9744714177422994,1.4032557953235716
SB86769_component_1738a,202.838361,-8.576323,7.307000160217285,26.667884826660156,202.83795833333332,-8.577166666666665,3.9,1.3010882975294893,1.8735897846710987
SB86769_component_1741a,201.117379,-3.128205,6.875999927520752,26.65116310119629,201.11795833333332,-3.129972222222222,3.6,1.326372849819203,1.9099999798668754
SB86769_component_1743a,203.070435,-6.87902,6.698999881744385,32.05263137817383,203.0702083333333,-6.879416666666666,7.4,0.628652303505564,0.9052702542897817
SB86769_component_1744a,203.732302,-9.517465,6.672999858856201,21.595470428466797,203.7302083333333,-9.517249999999999,4.4,1.053175384689501,1.516590877012773
SB86769_component_1745a,199.128372,-7.968326,6.959000110626221,29.61276626586914,199.12824999999998,-7.969444444444443,3.3,1.4644183572772322,2.108787912310976
SB86769_component_1746a,199.250393,-7.61979,6.632999897003174,31.140844345092773,199.24908333333332,-7.618138888888888,3.7,1.244917372148813,1.7927026748657227
SB86769_component_1748a,202.840572,-2.779862,6.973999977111816,16.84541130065918,202.83987499999998,-2.779416666666666,5.4,0.8968513013171918,1.2914814772429288
SB86769_component_1751a,200.091475,-3.914718,6.26200008392334,24.271320343017578,200.09149999999997,-3.9152777777777774,3.2,1.3589245720601373,1.9568750262260437
SB86769_component_1754a,204.082473,-6.220105,5.723999977111816,15.183023452758789,204.08129166666663,-6.220833333333332,3.2,1.2421724872439552,1.7887499928474426
SB86769_component_1756a,199.785618,-3.673961,6.670000076293945,26.68000030517578,199.78524999999996,-3.6737222222222217,4.9,0.9452833745851789,1.3612245053661112
SB86769_component_1759a,201.467625,-5.781981,6.932000160217285,32.69811248779297,201.46741666666665,-5.780666666666666,2.4,2.0057628499938978,2.8883334000905356
SB86769_component_1761a,200.542625,-7.312554,7.050000190734863,37.70053482055664,200.54116666666664,-7.314444444444444,5.1,0.9599557481550312,1.3823529785754636
SB86769_component_1772a,201.850458,-8.836779,6.434999942779541,31.544118881225586,201.85066666666665,-8.838194444444444,4.3,1.039231620925328,1.4965116145998933
SB86769_component_1776a,201.52098,-6.245752,6.223999977111816,33.826087951660156,201.5220833333333,-6.243666666666666,4.8,0.9004520804903184,1.2966666618982952
SB86769_component_1780a,203.914378,-8.055127,6.432000160217285,27.370214462280273,203.91674999999998,-8.056388888888888,2.7,1.654301041782401,2.3822222815619574
SB86769_component_1782a,202.742215,-6.477622,6.1479997634887695,30.43564224243164,202.74195833333332,-6.477083333333333,5.8,0.7361021892889149,1.0599999592222016
SB86769_component_1783a,202.969199,-3.675169,5.9770002365112305,26.330398559570312,202.9705,-3.6744999999999997,4.0,1.0376611152666089,1.4942500591278076
SB86769_component_1784a,199.546048,-7.632031,6.888999938964844,31.456621170043945,199.54629166666663,-7.634249999999999,3.4,1.4070499811772985,2.0261764526367188
SB86769_component_1786a,199.932813,-5.791909,5.89900016784668,26.572072982788086,199.9334583333333,-5.790749999999999,4.5,0.9103285335876284,1.3108889261881511
SB86769_component_1794a,201.16987,-3.12472,6.451000213623047,26.01209831237793,201.1712083333333,-3.1234999999999995,4.2,1.066620746412366,1.535952431815011
SB86769_component_1798a,200.741696,-2.655092,6.514999866485596,14.381897926330566,200.74187499999996,-2.655,4.1,1.1034758052061717,1.5890243576794136
SB86769_component_1799a,200.246885,-5.930749,6.664000034332275,31.433961868286133,200.24741666666665,-5.928222222222222,2.8,1.6527578178577165,2.3800000122615272
SB86769_component_1800a,203.038389,-4.829007,6.239999771118164,25.785123825073242,203.03704166666665,-4.827472222222221,3.4,1.2744943588746003,1.835294050328872
SB86769_component_1803a,200.430466,-9.749107,5.875,16.54929542541504,200.42899999999997,-9.747638888888888,3.3,1.2363066119034074,1.7803030303030305
SB86769_component_1805a,198.564529,-4.109293,6.827000141143799,17.327411651611328,198.56554166666663,-4.109972222222222,5.1,0.9295911845164186,1.338627478655647
SB86769_component_1807a,202.674725,-5.895431,6.706999778747559,26.935741424560547,202.67666666666665,-5.897277777777777,3.9,1.1942519135515974,1.7197435330121946
SB86769_component_1821a,201.351655,-2.637016,6.10099983215332,13.438325881958008,201.35087499999997,-2.637694444444444,6.4,0.6619928517194681,0.9532812237739563
SB86769_component_1822a,201.1317,-4.513423,6.2230000495910645,25.609054565429688,201.13016666666664,-4.513333333333333,6.0,0.7202459334385642,1.037166674931844
SB86769_component_1823a,203.911639,-2.971419,6.513999938964844,16.532995223999023,203.91166666666663,-2.973083333333333,3.6,1.2565434487842113,1.8094444274902344
SB86769_component_1826a,201.649233,-3.579949,6.4079999923706055,31.411766052246094,201.65075,-3.580694444444444,4.8,0.9270721314477914,1.334999998410543
SB86769_component_1827a,201.243122,-5.809522,6.261000156402588,31.462312698364258,201.2424583333333,-5.807083333333333,3.2,1.3587075765219678,1.9565625488758087
SB86769_component_1829a,201.716192,-6.017443,6.178999900817871,31.525510787963867,201.71537499999997,-6.018222222222222,2.4,1.7878834628861267,2.5745832920074463
SB86769_component_1830a,201.512656,-5.337105,6.188000202178955,30.633663177490234,201.5115833333333,-5.335222222222222,4.0,1.0742926111729543,1.5470000505447388
SB86769_component_1831a,202.033403,-8.945088,6.020999908447266,25.192468643188477,202.03462499999998,-8.945166666666665,3.3,1.267030127163092,1.8245454268022019
SB86769_component_1839a,200.156202,-4.98049,6.126999855041504,27.47533416748047,200.15549999999996,-4.981916666666666,3.4,1.2514145895035191,1.80205878089456
SB86769_component_1840a,203.776082,-3.762721,6.646999835968018,26.482072830200195,203.7740833333333,-3.7621388888888885,4.9,0.9420237427196806,1.356530578768983
SB86769_component_1843a,202.924402,-7.377267,6.5929999351501465,32.47783279418945,202.92412499999998,-7.3776666666666655,3.9,1.1739530413506183,1.690512803884653
SB86769_component_1844a,198.97751,-6.245332,6.35099983215332,27.855262756347656,198.9779583333333,-6.245583333333332,3.6,1.2251009068308423,1.764166620042589
SB86769_component_1845a,199.372503,-9.241043,6.669000148773193,21.86557388305664,199.3730833333333,-9.241527777777776,4.6,1.0067813369011378,1.4497826410376509
SB86769_component_1847a,203.539225,-7.960257,6.133999824523926,29.49038314819336,203.53812499999998,-7.9584722222222215,3.2,1.331147073593712,1.9168749451637268
SB86769_component_1849a,201.272397,-4.856866,5.6529998779296875,28.12437629699707,201.27154166666665,-4.856527777777777,5.6,0.7010083804368684,1.0094642639160156
SB86769_component_1854a,202.488798,-7.106154,6.678999900817871,33.22885513305664,202.48933333333332,-7.107166666666666,4.8,0.9662788204374115,1.3914583126703899
SB86769_component_1859a,200.394603,-7.770507,6.534999847412109,35.51630401611328,200.3942083333333,-7.77161111111111,4.1,1.1068632949236346,1.5939024018078316
SB86769_component_1864a,200.608411,-7.108912,5.767000198364258,28.979900360107422,200.60887499999998,-7.1114999999999995,6.6,0.6067898277519994,0.8737879088430694
SB86769_component_1867a,200.523029,-7.560504,6.5320000648498535,35.5,200.52124999999998,-7.561194444444443,3.6,1.2600156533390205,1.8144444624582925
SB86769_component_1871a,203.149249,-6.04157,6.473999977111816,28.025972366333008,203.15041666666664,-6.0402499999999995,3.7,1.2150754053891795,1.7497297235437341
SB86769_component_1874a,200.808286,-6.936552,5.883999824523926,30.020408630371094,200.80962499999998,-6.934138888888888,5.4,0.7566780781321191,1.0896295971340602
SB86769_component_1885a,204.482847,-5.654687,5.000999927520752,11.794811248779297,204.48204166666665,-5.65661111111111,3.6,0.9646874048474614,1.3891666465335422
SB86769_component_1896a,201.900127,-3.131603,6.400000095367432,24.42748260498047,201.9000833333333,-3.1316388888888884,9.4,0.4728075334084406,0.6808510739752587
SB86769_component_1901a,201.316149,-4.932231,6.184999942779541,30.771142959594727,201.3144583333333,-4.933305555555555,3.5,1.2271677018264213,1.7671428407941545
SB86769_component_1905a,200.009217,-3.577639,5.795000076293945,22.46124267578125,200.01029166666663,-3.575611111111111,3.7,1.0876370237607704,1.5662162368362014
SB86769_component_1909a,204.022498,-5.704424,5.566999912261963,17.561513900756836,204.02291666666665,-5.7036388888888885,4.2,0.9204584413367377,1.3254761695861816
SB86769_component_1910a,199.665395,-5.744612,5.489999771118164,27.44999885559082,199.66604166666664,-5.744916666666666,3.9,0.9775522511318804,1.4076922490046575
SB86769_component_1918a,199.843329,-6.363695,5.449999809265137,22.427982330322266,199.84237499999998,-6.361972222222222,3.5,1.081336103923182,1.5571428026471819
SB86769_component_1922a,203.736063,-7.438325,6.056000232696533,22.852832794189453,203.73704166666664,-7.439166666666666,2.8,1.5019660381109594,2.1628572259630476
SB86769_component_1923a,200.05717,-4.070986,6.1539998054504395,24.714859008789062,200.05658333333332,-4.070916666666666,4.6,0.929034639856843,1.3378260446631391
SB86769_component_1925a,202.431075,-6.82986,6.2829999923706055,29.359813690185547,202.4312083333333,-6.8311111111111105,4.2,1.0388432676562334,1.4959523791358584
SB86769_component_1928a,202.029565,-3.322051,5.36899995803833,23.042919158935547,202.0294583333333,-3.3226388888888883,8.4,0.44386037460030964,0.6391666616712297
SB86769_component_1933a,203.389051,-5.942781,6.5269999504089355,23.73454475402832,203.38799999999998,-5.942694444444443,4.2,1.079186688637344,1.5540476072402227
SB86769_component_1934a,200.296279,-7.764453,6.14900016784668,30.592039108276367,200.29674999999997,-7.7644722222222216,4.0,1.0675218536826907,1.53725004196167
SB86769_component_1935a,201.517985,-5.666644,5.781000137329102,28.477834701538086,201.51616666666663,-5.664972222222222,3.1,1.2950112663029107,1.8648387539771294
SB86769_component_1940a,202.017804,-8.17316,5.7769999504089355,26.02252197265625,202.0167083333333,-8.175694444444444,3.2,1.2536740785992304,1.8053124845027924
SB86769_component_1947a,200.561475,-7.783043,5.796000003814697,27.600000381469727,200.560625,-7.784499999999999,4.8,0.8385315361743736,1.2075000007947287
SB86769_component_1949a,198.642183,-5.636151,6.300000190734863,24.04580307006836,198.64274999999998,-5.6339999999999995,4.6,0.9510754945285547,1.3695652588554053
SB86769_component_1950a,199.866112,-3.610683,5.427999973297119,21.799196243286133,199.86654166666665,-3.6091666666666664,2.2,1.713363129293297,2.4672727151350538
SB86769_component_1952a,203.90778,-7.277284,5.673999786376953,19.83915901184082,203.90937499999998,-7.2767777777777765,4.2,0.9381500057167151,1.3509523300897508
SB86769_component_1958a,204.338515,-2.856014,5.870999813079834,11.333976745605469,204.33979166666663,-2.8568888888888884,4.2,0.97072236791899,1.3978570983523413
SB86769_component_1964a,202.60064,-6.3525,5.695000171661377,30.13227653503418,202.60024999999996,-6.35261111111111,4.1,0.9645886460260632,1.3890244321125311
SB86769_component_1966a,202.664121,-5.31323,5.556000232696533,28.203046798706055,202.66374999999996,-5.313166666666666,4.9,0.787405485619962,1.1338775985094964
SB86769_component_1980a,199.168345,-5.503707,6.048999786376953,28.1348819732666,199.16829166666665,-5.502972222222222,4.6,0.9131833792151866,1.3149999535602073
SB86769_component_1984a,200.20753,-3.23485,5.290999889373779,18.37152862548828,200.20866666666663,-3.2336388888888883,3.8,0.9669108122948668,1.3923683919404684
SB86769_component_1988a,201.525564,-6.602439,6.14300012588501,31.502565383911133,201.5249583333333,-6.602249999999999,3.8,1.1226107287539455,1.6165789804960553
SB86769_component_1994a,198.517098,-4.652324,5.0920000076293945,15.764705657958984,198.51945833333332,-4.651083333333332,3.7,0.955694160547744,1.3762162182782147
SB86769_component_1998a,200.992433,-7.941537,5.959000110626221,25.14345932006836,200.9925833333333,-7.940666666666665,3.3,1.2539831892936735,1.805757609280673
SB86769_component_2005a,198.393749,-6.391398,5.204999923706055,18.135889053344727,198.39424999999997,-6.390861111111111,3.8,0.9511946341811394,1.3697368220279091
SB86769_component_2010a,200.982449,-7.13156,5.8979997634887695,32.76666259765625,200.98199999999997,-7.131888888888888,5.2,0.7876507085171673,1.1342307237478402
SB86769_component_2011a,202.679174,-4.669597,5.210999965667725,25.419511795043945,202.67725,-4.6693333333333324,6.6,0.5482888265688031,0.7895454493435947
SB86769_component_2012a,202.23095,-4.518812,5.8480000495910645,29.094526290893555,202.23187499999997,-4.518444444444444,4.1,0.9905029464028614,1.4263414755100159
SB86769_component_2016a,203.533205,-7.55918,5.374000072479248,23.365217208862305,203.53374999999997,-7.558972222222221,5.8,0.6434309321355568,0.9265517366343531
SB86769_component_2024a,200.879024,-9.606923,5.429999828338623,16.81114387512207,200.87899999999996,-9.604499999999998,3.8,0.9923125410235628,1.4289473232470062
SB86769_component_2040a,201.960319,-8.262983,5.679999828338623,27.843137741088867,201.9602083333333,-8.261722222222222,4.8,0.8217493061408281,1.1833332975705466
SB86769_component_2044a,204.168628,-3.014181,5.764999866485596,13.438228607177734,204.16929166666665,-3.01475,3.1,1.2914270195438697,1.859677376285676
SB86769_component_2045a,202.142365,-2.807724,5.568999767303467,14.279486656188965,202.14224999999996,-2.807194444444444,3.0,1.2891047416861945,1.8563332557678223
SB86769_component_2048a,202.93766,-5.405347,5.580999851226807,22.23505973815918,202.93766666666664,-5.406583333333333,3.4,1.13989632823239,1.6414705444784725
SB86769_component_2051a,199.569188,-3.602595,5.296000003814697,21.528453826904297,199.56891666666664,-3.6011111111111105,4.6,0.7995072492313309,1.1513043486553691
SB86769_component_2053a,201.406791,-9.855647,5.565000057220459,13.187204360961914,201.4063333333333,-9.855305555555555,5.2,0.7431801311865409,1.070192318696242
SB86769_component_2059a,204.683063,-8.839407,4.9629998207092285,15.958199501037598,204.68141666666665,-8.839944444444443,3.7,0.9314827062734998,1.341351302894386
SB86769_component_2060a,199.873066,-5.193352,5.2820000648498535,22.96521759033203,199.87179166666664,-5.1956944444444435,3.3,1.1115185709358468,1.6006060802575315
SB86769_component_2066a,201.122207,-10.042294,5.869999885559082,11.075471878051758,201.12283333333332,-10.043277777777776,4.1,0.9942291608628331,1.4317072891607519
SB86769_component_2068a,198.253261,-4.07394,5.63100004196167,10.82884693145752,198.2528333333333,-4.074249999999999,2.9,1.3484032590208892,1.941724152400576
SB86769_component_2069a,201.027384,-2.673276,5.732999801635742,13.029544830322266,201.02749999999997,-2.6722499999999996,5.5,0.7238548657841556,1.0423636002974077
SB86769_component_2070a,200.267593,-7.239887,5.256999969482422,25.643901824951172,200.2685833333333,-7.2405833333333325,5.0,0.7301300633006136,1.0513999938964844
SB86769_component_2071a,198.496456,-3.412116,5.433000087738037,11.413865089416504,198.4973333333333,-3.412944444444444,3.3,1.143294286117843,1.6463636629509204
SB86769_component_2077a,198.532017,-5.928408,5.079999923706055,17.950531005859375,198.53324999999998,-5.929333333333332,4.2,0.8399369293083598,1.2095237913585843
SB86769_component_2078a,201.190158,-3.339898,5.64900016784668,22.505977630615234,201.18779166666664,-3.338944444444444,4.9,0.8005855892975289,1.1528571771115672
SB86769_component_2079a,198.764036,-3.632351,5.502999782562256,17.637819290161133,198.76512499999998,-3.632166666666666,4.3,0.8887166176902368,1.2797673912935479
SB86769_component_2085a,198.370724,-4.698906,5.826000213623047,15.054264068603516,198.3709583333333,-4.699888888888888,2.2,1.8389930004390218,2.648181915283203
SB86769_component_2086a,202.568134,-8.812308,5.664000034332275,25.39910316467285,202.5682083333333,-8.812999999999999,2.5,1.5733143342623448,2.26560001373291
SB86769_component_2088a,198.665117,-6.803238,5.264999866485596,21.059999465942383,198.66379166666664,-6.805083333333332,3.7,0.9881637117332768,1.4229729368879989
SB86769_component_2094a,200.612363,-4.698593,5.309000015258789,26.02450942993164,200.6139583333333,-4.6972499999999995,2.1,1.7556004871989552,2.528095245361328
SB86769_component_2095a,201.919028,-7.870185,5.244999885559082,22.804346084594727,201.91899999999998,-7.870583333333332,4.6,0.7918080490372883,1.1402173664258874
SB86769_component_2096a,203.758252,-7.554319,5.065999984741211,21.55744743347168,203.75941666666665,-7.556333333333332,3.6,0.9772258446442456,1.4072222179836698
SB86769_component_2104a,201.733831,-6.521913,5.613999843597412,30.345945358276367,201.7340833333333,-6.52136111111111,3.9,0.999631769355233,1.439487139383952
SB86769_component_2126a,200.280896,-4.829467,4.484000205993652,20.66359519958496,200.2799583333333,-4.829138888888888,3.1,1.004468197011527,1.446451679352791
SB86769_component_2140a,203.825819,-5.793386,4.795000076293945,15.825082778930664,203.82574999999997,-5.792111111111111,2.4,1.387425388987128,1.9979166984558105
SB86769_component_2148a,200.486834,-8.796754,5.189000129699707,26.340103149414062,200.48799999999997,-8.79786111111111,2.9,1.2425616469200746,1.7893103895516231
SB86769_component_2153a,199.788686,-6.542816,5.436999797821045,20.831417083740234,199.78791666666663,-6.544833333333332,2.2,1.7162039486715692,2.4713635444641113
SB86769_component_2168a,199.512489,-3.755145,4.906000137329102,23.25118637084961,199.51091666666665,-3.7550277777777774,5.3,0.6428119581106599,0.9256604032696418
SB86769_component_2170a,202.461672,-9.172693,4.985000133514404,23.51415252685547,202.46149999999997,-9.171527777777776,4.3,0.8050613543327322,1.1593023566312568
SB86769_component_2172a,198.569777,-8.901062,4.800000190734863,11.970075607299805,198.56887499999996,-8.901027777777777,4.4,0.7575666348438035,1.0909091342579234
SB86769_component_2175a,200.347161,-7.137871,5.184000015258789,25.920000076293945,200.34629166666664,-7.137305555555555,3.8,0.9473569779801548,1.3642105303312604
SB86769_component_2179a,204.776732,-4.376843,5.353000164031982,14.585830688476562,204.77683333333331,-4.3774999999999995,2.9,1.2818332113180995,1.84586212552827
SB86769_component_2181a,201.502631,-4.271508,5.199999809265137,24.999998092651367,201.50187499999998,-4.272305555555555,4.2,0.859777940510643,1.2380951926821753
SB86769_component_2194a,198.786593,-5.535344,4.675000190734863,19.978633880615234,198.78674999999998,-5.535583333333332,4.3,0.7549973689580273,1.0872093466825263
SB86769_component_2196a,203.687759,-8.705098,5.189000129699707,25.189321517944336,203.686875,-8.704694444444444,3.0,1.2011429253560721,1.7296667098999023
SB86769_component_2197a,204.697397,-9.014188,4.863999843597412,13.89714241027832,204.69816666666665,-9.014999999999999,3.8,0.888878120980553,1.2799999588414244
SB86769_component_2198a,199.707815,-5.441962,5.070000171661377,23.364057540893555,199.70737499999998,-5.440722222222221,4.5,0.7823979810535043,1.1266667048136394
SB86769_component_2204a,201.347531,-2.847821,4.422999858856201,13.202983856201172,201.34599999999998,-2.848972222222222,3.2,0.9598408032362129,1.3821874558925629
SB86769_component_2209a,203.12757,-3.139409,4.704999923706055,16.280275344848633,203.12754166666664,-3.138583333333333,7.8,0.4188873823994176,0.6032051184238532
SB86769_component_2210a,199.391494,-2.917115,4.836999893188477,11.972771644592285,199.3892083333333,-2.9183611111111105,5.1,0.6586249256267822,0.9484313516055837
SB86769_component_2218a,198.669149,-9.030039,4.9679999351501465,12.545454025268555,198.66974999999996,-9.02986111111111,7.8,0.44230234268661256,0.6369230686089932
SB86769_component_2221a,201.45894,-3.288728,5.040999889373779,21.092050552368164,201.45899999999997,-3.2894166666666664,3.2,1.0939537728543929,1.575312465429306
SB86769_component_2222a,201.350005,-6.703391,4.6479997634887695,23.714284896850586,201.34866666666665,-6.703083333333333,3.4,0.9493348871638502,1.3670587539672852
SB86769_component_2224a,200.211144,-6.790096,4.771999835968018,22.832534790039062,200.2115833333333,-6.791416666666666,7.5,0.44184649832375544,0.6362666447957357
SB86769_component_2229a,200.589576,-5.948475,4.572999954223633,21.469484329223633,200.58754166666665,-5.947722222222222,2.6,1.2214061710516637,1.7588461362398586
SB86769_component_2230a,203.596173,-5.933544,5.269000053405762,18.358884811401367,203.5957083333333,-5.935111111111111,2.6,1.4073013874748497,2.0265384820791392
SB86769_component_2232a,204.217045,-8.358423,5.421999931335449,21.775100708007812,204.21912499999996,-8.356916666666665,3.6,1.0458978441609672,1.5061110920376248
SB86769_component_2235a,202.573591,-2.791535,4.933000087738037,12.913612365722656,202.57329166666665,-2.7900277777777776,2.9,1.1812596955227619,1.7010345130131164
SB86769_component_2243a,203.283316,-7.136611,5.336999893188477,23.204347610473633,203.28266666666664,-7.136444444444444,4.1,0.9039524750901125,1.3017072910215797
SB86769_component_2245a,199.748182,-6.058017,4.534999847412109,20.707761764526367,199.74987499999997,-6.057388888888888,3.2,0.9841460626548171,1.4171874523162842
SB86769_component_2257a,204.50914,-4.30432,5.0329999923706055,17.00337791442871,204.50758333333332,-4.304972222222221,3.1,1.1274505342658068,1.623548384635679
SB86769_component_2260a,204.205257,-7.585872,4.953000068664551,19.05000114440918,204.20491666666663,-7.587527777777777,4.2,0.8189385297280019,1.1792857306344169
SB86769_component_2264a,203.348118,-5.368089,4.991000175476074,21.059072494506836,203.34574999999998,-5.368416666666666,3.6,0.962758463637922,1.386388937632243
SB86769_component_2265a,201.644449,-7.08602,4.835000038146973,24.29648208618164,201.64475,-7.085916666666666,3.3,1.0174540452279708,1.4651515267112039
SB86769_component_2267a,204.664254,-3.256539,5.125,10.18886661529541,204.66366666666664,-3.2576944444444442,2.8,1.271065992329263,1.830357142857143
SB86769_component_2272a,203.078813,-7.175031,5.019999980926514,24.851484298706055,203.07841666666664,-7.17511111111111,4.6,0.7578410825152863,1.091304343679677
SB86769_component_2277a,204.22812,-9.664046,4.697000026702881,10.414633750915527,204.23016666666663,-9.66386111111111,4.4,0.7413104922285002,1.0675000060688364
SB86769_component_2279a,203.59552,-5.462498,4.497000217437744,17.29615592956543,203.59462499999998,-5.464805555555555,3.0,1.0409596957964726,1.499000072479248
SB86769_component_2281a,205.08223,-8.636765,4.660999774932861,10.450672149658203,205.08083333333332,-8.638583333333333,2.5,1.2947065172043102,1.8643999099731445
SB86769_component_2285a,198.366098,-7.045453,4.15500020980835,12.706422805786133,198.36566666666664,-7.04761111111111,4.1,0.7037516954890359,1.0134146853191097
SB86769_component_2286a,201.232139,-4.84365,4.383999824523926,21.178743362426758,201.2330833333333,-4.842055555555555,2.6,1.1709259770749336,1.6861537786630483
SB86769_component_2292a,199.290091,-7.420636,5.126999855041504,21.27385902404785,199.2893333333333,-7.422416666666666,2.4,1.4834889791525923,2.136249939600627
SB86769_component_2307a,202.468136,-4.921476,4.290999889373779,21.78172492980957,202.468125,-4.920305555555555,4.1,0.7267865932621341,1.0465853388716535
SB86769_component_2318a,201.545432,-9.285358,4.866000175476074,22.219179153442383,201.54587499999997,-9.285027777777776,3.1,1.090040633001065,1.5696774759600238
SB86769_component_2332a,198.44328,-5.305259,4.732999801635742,14.608023643493652,198.44324999999998,-5.305111111111111,5.6,0.5869224477619843,0.8451785360063826
SB86769_component_2333a,201.092931,-9.792384,4.589000225067139,12.013089179992676,201.09329166666663,-9.79197222222222,2.7,1.1802841517360567,1.699629712987829
SB86769_component_2334a,203.801593,-7.227354,4.978000164031982,16.93197250366211,203.80208333333331,-7.2276944444444435,2.3,1.5030012141055804,2.16434789740521
SB86769_component_2335a,202.447527,-5.429488,4.354000091552734,25.167631149291992,202.44804166666665,-5.427,3.5,0.8638784697711106,1.244000026157924
SB86769_component_2340a,202.899773,-3.111276,4.686999797821045,16.16206932067871,202.89829166666664,-3.1117777777777773,3.7,0.879681526031931,1.2667567021137958
SB86769_component_2341a,198.548149,-6.642313,4.570000171661377,16.557971954345703,198.54799999999997,-6.642888888888888,3.4,0.9334037904611464,1.3441176975474638
SB86769_component_2342a,199.881167,-5.967752,4.781000137329102,21.536035537719727,199.88116666666664,-5.967527777777777,6.3,0.5269998208243302,0.758888910687159
SB86769_component_2346a,198.264819,-6.149693,4.086999893188477,10.11633586883545,198.26512499999998,-6.148805555555555,3.9,0.7277333538300721,1.047948690561148
SB86769_component_2357a,202.49708,-6.081261,4.816999912261963,22.40464973449707,202.4957083333333,-6.081416666666666,2.6,1.2865763126365348,1.8526922739469087
SB86769_component_2376a,199.307576,-3.482002,4.86899995803833,17.144365310668945,199.30766666666665,-3.480527777777777,2.9,1.1659341791274929,1.678965502771838
SB86769_component_2377a,199.354649,-7.336434,4.560999870300293,20.004384994506836,199.3562083333333,-7.335527777777777,3.5,0.9049493582293667,1.303142820085798
SB86769_component_2379a,200.452075,-8.858637,4.598999977111816,21.390697479248047,200.45191666666665,-8.857888888888887,3.6,0.8871420550115819,1.2774999936421711
SB86769_component_2380a,201.103929,-9.751345,4.389999866485596,12.724637031555176,201.10391666666663,-9.75186111111111,2.8,1.088776494950214,1.5678570951734272
SB86769_component_2386a,200.306905,-3.361974,4.066999912261963,16.26799964904785,200.30737499999998,-3.360583333333333,2.8,1.0086683471770297,1.4524999686649869
SB86769_component_2387a,199.181708,-6.957232,4.580999851226807,19.831167221069336,199.1820833333333,-6.957249999999999,3.5,0.9089175604698234,1.3088571003505163
SB86769_component_2394a,202.193055,-3.55014,4.267000198364258,18.552173614501953,202.19549999999998,-3.549444444444444,5.0,0.5926317563289162,0.8534000396728516
SB86769_component_2406a,203.942382,-5.954553,3.8480000495910645,12.293930053710938,203.9422083333333,-5.954277777777777,5.9,0.4529135545017363,0.6522033982357736
SB86769_component_2408a,200.11046,-6.462547,4.578000068664551,20.4375,200.11062499999997,-6.461388888888888,2.7,1.1774549275844275,1.6955555809868705
SB86769_component_2409a,203.14234,-9.204588,4.741000175476074,18.813491821289062,203.1417083333333,-9.20375,4.0,0.8230803638775207,1.1852500438690186
SB86769_component_2422a,203.871074,-8.705039,4.579999923706055,20.723981857299805,203.8720833333333,-8.70422222222222,2.5,1.2722068303688958,1.8319999694824218
SB86769_component_2424a,199.337757,-4.296563,4.126999855041504,19.10647964477539,199.33812499999996,-4.296166666666666,2.6,1.1022836521617223,1.5873076365544245
SB86769_component_2430a,204.480898,-8.473957,4.302000045776367,15.81617546081543,204.47941666666665,-8.472999999999999,2.8,1.0669514062800534,1.536428587777274
SB86769_component_2432a,199.549226,-7.926306,4.48199987411499,18.911392211914062,199.54724999999996,-7.925416666666665,2.9,1.0732628648822529,1.5455171979706863
SB86769_component_2433a,201.820912,-2.639692,4.547999858856201,10.106666564941406,201.81866666666664,-2.6408611111111107,2.7,1.1697389174626294,1.6844443921689634
SB86769_component_2437a,202.143028,-3.12899,4.077000141143799,13.367213249206543,202.14279166666665,-3.1285555555555553,12.6,0.22469967393515394,0.32357143977331737
SB86769_component_2438a,199.363017,-3.659877,4.370999813079834,16.811538696289062,199.36274999999998,-3.6590555555555553,3.4,0.8927587834532773,1.2855881803175984
SB86769_component_2441a,204.069277,-4.32624,4.6529998779296875,15.058252334594727,204.07108333333332,-4.325694444444444,2.6,1.2427734138848918,1.7896153376652644
SB86769_component_2445a,198.786043,-6.834969,4.747000217437744,18.54296875,198.78529166666664,-6.834499999999999,3.3,0.9989357881745013,1.438484914375074
SB86769_component_2447a,202.318318,-4.062178,4.540999889373779,22.36945915222168,202.3172083333333,-4.063805555555555,2.9,1.0873910503314432,1.5658620308185447
SB86769_component_2454a,201.163566,-8.264665,4.622000217437744,23.110000610351562,201.16491666666664,-8.262805555555554,3.8,0.8446535774164833,1.2163158466941433
SB86769_component_2455a,199.513772,-9.124834,4.454999923706055,16.14130401611328,199.51216666666664,-9.122805555555555,3.7,0.8361385321970328,1.2040540334340688
SB86769_component_2458a,203.557242,-8.983624,4.593999862670898,19.8874454498291,203.5572083333333,-8.984583333333331,3.1,1.0291093994509892,1.4819354395712576
SB86769_component_2462a,203.435942,-8.727906,4.276000022888184,19.004444122314453,203.43712499999998,-8.728694444444443,2.7,1.099780957139548,1.5837037121808086
SB86769_component_2469a,201.20758,-4.585902,4.521999835968018,20.743118286132812,201.20887499999998,-4.586388888888888,2.9,1.0828412840833552,1.5593102882648338
SB86769_component_2480a,205.081988,-7.603957,4.3420000076293945,10.538834571838379,205.08316666666664,-7.605583333333333,2.7,1.1167560567656836,1.6081481509738498
SB86769_component_2482a,204.095655,-8.802071,3.315000057220459,13.0,204.0960833333333,-8.802777777777777,3.7,0.6221771783492135,0.8959459614109349
SB86769_component_2492a,203.436805,-5.147571,4.576000213623047,18.231077194213867,203.43612499999998,-5.148222222222222,3.9,0.8148050084701715,1.1733333881084735
SB86769_component_2493a,203.80288,-7.433287,4.366000175476074,19.065502166748047,203.80174999999997,-7.433833333333332,2.4,1.2632949729710123,1.8191667397816977
SB86769_component_2495a,202.823727,-4.666627,4.559999942779541,20.727272033691406,202.82574999999997,-4.668444444444444,3.4,0.9313612847296003,1.3411764537586885
SB86769_component_2499a,200.316448,-6.789717,4.256999969482422,21.074256896972656,200.31633333333332,-6.78861111111111,4.2,0.7038605386088866,1.0135714213053384
SB86769_component_2501a,203.915423,-8.271337,3.8980000019073486,12.864686012268066,203.91716666666665,-8.270277777777777,2.6,1.0411199004477847,1.4992307699643648
SB86769_component_2502a,201.12603,-4.059493,4.718999862670898,23.019512176513672,201.1273333333333,-4.05836111111111,2.2,1.4895652932233112,2.144999937577681
SB86769_component_2503a,203.37984,-8.074736,3.992000102996826,18.830188751220703,203.38091666666665,-8.073666666666666,4.5,0.6160419556606486,0.8871111339992948
SB86769_component_2504a,198.096205,-6.394697,4.4039998054504395,10.031889915466309,198.0959583333333,-6.392194444444444,3.1,0.98654717685046,1.4206450985323997
SB86769_component_2509a,200.340199,-8.23628,4.232999801635742,21.05970001220703,200.34037499999997,-8.236777777777776,3.1,0.9482411871916905,1.3654838069792716
SB86769_component_2523a,198.742697,-6.464667,3.7780001163482666,14.81568717956543,198.7428333333333,-6.4672222222222215,3.8,0.6904156563459607,0.9942105569337544
SB86769_component_2524a,204.026244,-4.223313,4.129000186920166,15.819923400878906,204.0275833333333,-4.223472222222222,3.6,0.7964796106104661,1.1469444963667128
SB86769_component_2528a,199.953752,-3.964812,4.015999794006348,16.259109497070312,199.95262499999998,-3.9656111111111105,4.0,0.6972137628007717,1.003999948501587
SB86769_component_2530a,198.783029,-8.693265,4.390999794006348,17.085601806640625,198.78137499999997,-8.691527777777777,3.4,0.8968436975243356,1.2914705276489258
SB86769_component_2534a,200.619409,-5.834586,4.109000205993652,19.946603775024414,200.62016666666665,-5.834694444444444,2.7,1.0568288482800294,1.5218519281457972
SB86769_component_2538a,199.26322,-5.20073,3.98799991607666,16.686193466186523,199.26129166666664,-5.201083333333333,3.5,0.7912602647004092,1.1394285474504744
SB86769_component_2539a,199.868246,-9.122631,3.99399995803833,17.215517044067383,199.86691666666664,-9.12272222222222,2.7,1.027250952561927,1.4792592437179
SB86769_component_2545a,199.675554,-5.39311,4.51800012588501,19.8157901763916,199.67629166666663,-5.395083333333333,3.5,0.8964177659866168,1.2908571788242884
SB86769_component_2548a,199.060538,-4.12236,3.812000036239624,16.221277236938477,199.05891666666665,-4.123083333333333,2.4,1.1029959434716985,1.5883333484331768
SB86769_component_2551a,199.04119,-5.34305,4.465000152587891,20.576038360595703,199.03841666666665,-5.343249999999999,2.1,1.4765033755315609,2.1261905488513766
SB86769_component_2578a,204.222458,-8.248795,3.6600000858306885,16.123348236083984,204.22249999999997,-8.246916666666666,3.2,0.7942612557841707,1.1437500268220901
SB86769_component_2579a,203.364941,-4.898982,3.562999963760376,13.863813400268555,203.36379166666663,-4.898138888888888,3.4,0.7277281283728774,1.0479411658118754
SB86769_component_2588a,203.864505,-3.58112,4.486000061035156,17.944000244140625,203.86299999999997,-3.582305555555555,2.6,1.1981693008384688,1.7253846388596754
SB86769_component_2589a,203.034079,-3.702247,3.559999942779541,15.478260040283203,203.03379166666664,-3.7033888888888886,2.5,0.9888769254939591,1.4239999771118164
SB86769_component_2591a,203.372933,-8.908008,4.001999855041504,16.81512451171875,203.37395833333332,-8.906416666666665,3.4,0.8173920555374294,1.17705878089456
SB86769_component_2592a,204.37056,-7.291323,3.5929999351501465,10.444766998291016,204.36849999999998,-7.290444444444444,2.7,0.9241143326778446,1.3307407167222765
SB86769_component_2597a,203.055453,-7.300879,3.9040000438690186,19.918367385864258,203.05420833333332,-7.300388888888888,3.3,0.8215389050393974,1.183030316323945
SB86769_component_2601a,201.679102,-3.942447,3.7320001125335693,18.204877853393555,201.67916666666665,-3.9420833333333327,2.8,0.9255840832020298,1.3328571830477034
SB86769_component_2605a,199.84924,-4.122094,4.333000183105469,16.859922409057617,199.84675,-4.121555555555555,2.4,1.2537464794313111,1.805416742960612
SB86769_component_2612a,203.419565,-7.788914,4.072999954223633,19.581729888916016,203.417625,-7.789388888888888,2.6,1.0878607759851746,1.5665384439321663
SB86769_component_2613a,203.215167,-8.834683,3.6730000972747803,14.87044620513916,203.21341666666663,-8.834777777777777,3.2,0.7970824047384472,1.1478125303983688
SB86769_component_2614a,199.140613,-8.792895,4.379000186920166,18.32217788696289,199.14095833333332,-8.792305555555554,2.3,1.3221459181670063,1.9039131247478984
SB86769_component_2618a,198.689731,-3.522496,3.9800000190734863,10.557028770446777,198.69041666666664,-3.521972222222222,2.9,0.9530536239797849,1.3724137996805126
SB86769_component_2635a,204.07784,-7.381044,4.051000118255615,12.313070297241211,204.07904166666665,-7.3808333333333325,2.7,1.0419113104724333,1.5003704141687464
SB86769_component_2643a,203.720048,-4.470974,4.223999977111816,17.170730590820312,203.71966666666665,-4.473027777777777,4.0,0.7333244694155102,1.055999994277954
SB86769_component_2646a,199.184419,-6.509313,3.9200000762939453,16.065574645996094,199.18212499999998,-6.508055555555555,2.3,1.1835606026159051,1.7043478592582373
SB86769_component_2657a,198.630277,-7.453766,3.756999969482422,14.733333587646484,198.63120833333332,-7.455388888888888,2.8,0.9317843696373045,1.3417857033865794
SB86769_component_2658a,201.213823,-3.832085,4.065000057220459,20.325000762939453,201.2135833333333,-3.831916666666666,3.3,0.855418969894363,1.2318181991577148
SB86769_component_2660a,202.625178,-6.50879,4.209000110626221,22.036649703979492,202.62541666666664,-6.509194444444444,2.5,1.1691525718256286,1.6836000442504884
SB86769_component_2674a,200.507811,-8.2085,4.065999984741211,19.2701416015625,200.50837499999997,-8.206666666666665,2.5,1.1294307945494162,1.6263999938964844
SB86769_component_2680a,200.375617,-6.888792,3.933000087738037,20.273195266723633,200.3772083333333,-6.889888888888888,2.3,1.187485679421855,1.7100000381469729
SB86769_component_2683a,199.433069,-8.785139,3.5230000019073486,15.05555534362793,199.43191666666664,-8.784805555555554,6.1,0.40106528209583386,0.5775409839192375
SB86769_component_2684a,198.870143,-3.930623,4.006999969482422,14.259786605834961,198.86937499999996,-3.9316111111111107,2.1,1.3250501183670895,1.908095223563058
SB86769_component_2688a,203.116724,-7.94245,3.299999952316284,14.864864349365234,203.11637499999998,-7.944694444444443,2.6,0.881399594702947,1.2692307508908784
SB86769_component_2727a,203.208056,-4.442098,3.2079999446868896,13.478991508483887,203.20912499999997,-4.442388888888888,2.6,0.856827239972972,1.2338461325718806
SB86769_component_2734a,202.951299,-9.189241,3.6480000019073486,13.028571128845215,202.95037499999998,-9.188555555555554,2.5,1.013321091031122,1.4592000007629395
SB86769_component_2743a,201.083255,-3.91826,3.7760000228881836,19.87368392944336,201.0837083333333,-3.919777777777777,2.7,0.9711816878162621,1.3985185269956235
SB86769_component_2746a,202.059863,-8.041117,3.946000099182129,17.156522750854492,202.0588333333333,-8.04261111111111,2.6,1.0539402843553656,1.5176923458392804
SB86769_component_2747a,202.318736,-8.555876,3.5199999809265137,16.525821685791016,202.31724999999997,-8.556166666666666,3.3,0.7407317872883943,1.0666666608868225
SB86769_component_2753a,198.956212,-5.241284,3.9560000896453857,16.347108840942383,198.95766666666665,-5.240277777777777,2.4,1.1446621221853124,1.6483333706855774
SB86769_component_2763a,201.666124,-9.173874,3.5480000972747803,15.699115753173828,201.66720833333332,-9.173416666666666,5.0,0.4927718376739626,0.7096000194549561
SB86769_component_2786a,201.688423,-6.848118,3.7019999027252197,17.628572463989258,201.6875833333333,-6.849777777777777,2.8,0.9181436448702959,1.3221428224018643
SB86769_component_2805a,199.338716,-6.856248,3.4670000076293945,13.923694610595703,199.3395,-6.858416666666666,3.0,0.8025366019049399,1.155666669209798
SB86769_component_2807a,199.143446,-5.289364,3.4690001010894775,15.55605411529541,199.14454166666664,-5.288416666666666,2.7,0.8922217565650231,1.284814852255362
SB86769_component_2819a,199.61858,-4.12718,3.374000072479248,14.669565200805664,199.61887499999997,-4.126222222222221,2.3,1.0187075207368446,1.4669565532518472
SB86769_component_2834a,200.150438,-6.352177,3.1510000228881836,13.239495277404785,200.14929166666664,-6.352472222222222,2.9,0.7545406976337303,1.0865517320304081
SB86769_component_2839a,202.140944,-9.653724,3.1710000038146973,10.972318649291992,202.1393333333333,-9.655166666666666,2.7,0.8155765670294134,1.1744444458572951
SB86769_component_2851a,201.556288,-7.677551,3.4049999713897705,18.708791732788086,201.557,-7.676666666666666,2.7,0.8757610167330674,1.2611111005147297
SB86769_component_2858a,203.540071,-8.319644,3.441999912261963,15.935184478759766,203.5403333333333,-8.318388888888888,2.7,0.8852773474554049,1.2748147823192455
SB86769_component_2869a,202.438608,-8.176333,3.3410000801086426,16.788944244384766,202.43799999999996,-8.176583333333332,2.4,0.9667128804997747,1.3920833667119346
SB86769_component_2870a,202.819736,-7.942542,3.4089999198913574,16.96019744873047,202.81974999999997,-7.943666666666665,2.4,0.9863885223476293,1.4204166332880657
SB86769_component_2876a,200.975369,-4.737806,3.6760001182556152,18.65989875793457,200.97679166666663,-4.73675,2.2,1.1603395535890528,1.670909144661643
SB86769_component_2879a,202.223364,-3.456273,3.321000099182129,14.760001182556152,202.2228333333333,-3.4548055555555552,3.3,0.6988552137448064,1.006363666418827
SB86769_component_2888a,202.865229,-7.810596,3.5969998836517334,14.681632041931152,202.86537499999997,-7.8126944444444435,2.5,0.9991545626740835,1.4387999534606934
SB86769_component_2914a,204.964075,-8.09996,3.5209999084472656,10.117815971374512,204.96362499999998,-8.098416666666665,3.3,0.7409422072041951,1.066969669226444
SB86769_component_2917a,198.523226,-3.928284,3.697999954223633,10.446327209472656,198.52308333333332,-3.929305555555555,6.5,0.3950806918741231,0.5689230698805589
SB86769_component_2930a,200.034181,-5.67559,3.3559999465942383,15.537035942077637,200.0347083333333,-5.673666666666666,2.6,0.8963566774220881,1.290769210228553
SB86769_component_2931a,198.674616,-5.626591,3.180000066757202,12.771084785461426,198.6748333333333,-5.626166666666666,3.5,0.630944771193735,0.9085714476449149
SB86769_component_2946a,202.934131,-6.880083,3.072999954223633,15.7589750289917,202.93299999999996,-6.882194444444443,2.4,0.8891674846732127,1.2804166475931804
SB86769_component_2951a,200.60162,-6.781487,3.4019999504089355,17.26903533935547,200.60316666666665,-6.78311111111111,3.0,0.7874904741487988,1.1339999834696453
SB86769_component_2987a,202.853154,-9.1831,3.3369998931884766,12.359258651733398,202.8520833333333,-9.181944444444444,3.2,0.7241665747431167,1.042812466621399
SB86769_component_2988a,199.753813,-6.673825,2.815999984741211,11.219123840332031,199.75349999999997,-6.673416666666665,3.6,0.5432033106781557,0.7822222179836696
SB86769_component_3050a,202.627371,-8.089211,2.822000026702881,14.109999656677246,202.62499999999997,-8.089444444444444,3.2,0.6124058012209787,0.8818750083446503
SB86769_component_3075a,198.543778,-7.694911,3.3310000896453857,11.812056541442871,198.54337499999997,-7.697027777777777,3.6,0.6425462664662944,0.9252778026792738
SB86769_component_3076a,203.117183,-7.792602,3.125999927520752,14.607476234436035,203.1152083333333,-7.791944444444443,2.1,1.033717645501234,1.488571394057501
SB86769_component_3086a,199.906595,-5.540829,2.938999891281128,13.798121452331543,199.90645833333332,-5.5401388888888885,2.9,0.7037749959392537,1.0134482383728027
SB86769_component_3093a,200.815796,-6.315938,2.8519999980926514,14.11881160736084,200.81529166666664,-6.316472222222221,3.1,0.6388811695708159,0.9199999993847262
SB86769_component_3125a,200.578437,-4.626661,2.9809999465942383,14.127962112426758,200.57741666666664,-4.6251388888888885,2.4,0.8625474337157397,1.2420833110809326
SB86769_component_3207a,201.445838,-6.20189,2.7019999027252197,14.928176879882812,201.44374999999997,-6.200777777777777,4.7,0.3992268407002308,0.5748935963245149
SB86769_component_3218a,201.477038,-4.882619,2.816999912261963,15.915253639221191,201.47799999999998,-4.882305555555555,2.3,0.8505331757232625,1.2247825705486797
SB86769_component_3281a,203.474581,-7.803869,2.7829999923706055,13.189573287963867,203.47549999999998,-7.805694444444444,3.0,0.6442051779820259,0.9276666641235352
SB86769_component_3311a,201.266401,-3.842595,2.8420000076293945,14.069306373596191,201.26637499999998,-3.844111111111111,3.2,0.6167460224214781,0.8881250023841858
SB86769_component_3341a,203.145249,-8.465553,2.6640000343322754,12.685714721679688,203.14749999999998,-8.465638888888888,2.8,0.6607063116495111,0.9514285836900984
SB86769_component_3355a,202.924438,-7.652868,2.8329999446868896,14.603092193603516,202.9265833333333,-7.652944444444444,2.1,0.9368272874047969,1.3490475927080425
SB86769_component_3363a,204.002274,-8.845201,2.7130000591278076,10.639216423034668,204.0023333333333,-8.843749999999998,2.4,0.7850021068752017,1.1304166913032532
SB86769_component_3438a,199.705123,-5.848175,2.4779999256134033,11.419354438781738,199.70379166666663,-5.847305555555555,2.3,0.7481793439182688,1.0773912720058276
SB86769_component_3512a,202.857541,-6.587623,2.6519999504089355,13.957894325256348,202.8569583333333,-6.589083333333332,4.3,0.42828939109002073,0.616744174513706
SB86769_component_3531a,199.489716,-8.787733,2.507999897003174,11.452054023742676,199.48979166666663,-8.78822222222222,2.3,0.7572371968584416,1.090434737827467
SB86769_component_3729a,202.018356,-8.980936,2.3940000534057617,11.292452812194824,202.02016666666665,-8.98125,4.7,0.35371913855119075,0.5093617134905876
SB86769_component_3793a,201.425931,-3.561274,2.3350000381469727,11.974359512329102,201.4264583333333,-3.5608611111111106,2.3,0.7050035710382369,1.0152174078899883
