Component_ID,RA,DEC,ASKAP_flux,ASKAP_flux_SNR,RA_comp,DEC_comp,Comp_flux,Flux_Ratio_AlphaCorr,Flux_Ratio_NOAlphaCorr
SB78481_component_3a,50.096192,-31.417741,858.2849731445312,2424.53369140625,50.09624999999999,-31.417861111111108,503.3,1.184232128461615,1.7053148681592116
SB78481_component_7a,49.390102,-28.055158,668.9140014648438,884.806884765625,49.39004166666666,-28.054888888888886,496.2,0.936150745412876,1.3480733604692539
SB78481_component_8a,45.134076,-30.378464,603.5599975585938,606.5929565429688,45.133958333333325,-30.37883333333333,371.4,1.1285240260245464,1.6250942314447867
SB78481_component_12a,52.238408,-32.427891,426.24798583984375,1406.759033203125,52.23845833333333,-32.427861111111106,284.2,1.0415269861345584,1.4998169804357628
SB78481_component_20a,48.181087,-34.405546,315.4849853515625,780.9033813476562,48.18116666666666,-34.40572222222222,195.6,1.1200621085524733,1.612908923065248
SB78481_component_22a,47.410843,-29.764911,304.17401123046875,1160.969482421875,47.41079166666666,-29.76497222222222,386.5,0.5465184998535696,0.7869961480736578
SB78481_component_26a,47.562275,-31.988576,269.6499938964844,1177.5108642578125,47.56216666666666,-31.989388888888886,183.7,1.0193504508210587,1.467882383758761
SB78481_component_27a,46.113846,-33.410224,269.3689880371094,666.7548828125,46.114,-33.41072222222222,173.9,1.0756730144657622,1.5489878553025265
SB78481_component_29a,49.86457,-30.794187,261.010009765625,1110.680908203125,49.86441666666666,-30.794249999999995,171.1,1.059349861638718,1.5254822312426943
SB78481_component_45a,51.184574,-29.305894,189.61599731445312,658.388916015625,51.184708333333326,-29.305888888888884,236.5,0.556770338333539,0.8017589738454678
SB78481_component_46a,54.023041,-29.065131,205.6649932861328,153.71075439453125,54.02312499999999,-29.065138888888885,177.6,0.8041733471546505,1.1580236108453426
SB78481_component_47a,50.880034,-33.554179,193.0279998779297,794.3538818359375,50.88016666666666,-33.55380555555555,125.2,1.0706517780629405,1.5417571875234
SB78481_component_50a,51.884293,-35.254862,205.99400329589844,199.0280303955078,51.88433333333332,-35.25469444444444,119.5,1.197068308516216,1.7237991907606565
SB78481_component_52a,51.644446,-30.233642,176.5489959716797,798.8642578125,51.644499999999994,-30.233694444444442,98.9,1.239656098698441,1.7851263495619785
SB78481_component_53a,45.61602,-34.189025,174.20599365234375,333.7279357910156,45.616208333333326,-34.18852777777777,165.8,0.7296436844108157,1.050699599833195
SB78481_component_54a,54.066934,-31.938735,185.49899291992188,213.46258544921875,54.06716666666666,-31.938833333333328,133.4,0.9656460924169383,1.3905471733127577
SB78481_component_56a,45.184378,-33.89422,169.4550018310547,232.130126953125,45.18458333333333,-33.89411111111111,106.9,1.1008013363957754,1.5851730760622513
SB78481_component_68a,51.866644,-35.456159,162.7220001220703,182.01565551757812,51.86670833333333,-35.455777777777776,200.4,0.5638723738523859,0.8119860285532451
SB78481_component_70a,46.030034,-32.802246,146.5189971923828,438.6796569824219,46.029999999999994,-32.80219444444444,88.0,1.1562281170110615,1.6649886044588955
SB78481_component_72a,45.968818,-27.976417,153.0489959716797,223.75584411621094,45.96891666666666,-27.976388888888884,99.9,1.0638913001416501,1.5320219816984952
SB78481_component_74a,49.340301,-28.777081,153.21400451660156,569.5687866210938,49.34033333333333,-28.776638888888886,103.7,1.0260108849278662,1.4774735247502562
SB78481_component_76a,53.407214,-31.22079,142.75,379.6542663574219,53.407458333333324,-31.220499999999998,116.8,0.8487221468994427,1.2221746575342467
SB78481_component_78a,46.353675,-32.34834,136.92999267578125,526.65380859375,46.35366666666666,-32.34847222222222,134.6,0.7064570864439904,1.0173104953624164
SB78481_component_83a,46.062122,-31.304831,132.07699584960938,534.7246704101562,46.06204166666666,-31.304722222222217,87.4,1.0494167948242779,1.5111784422152101
SB78481_component_84a,49.788568,-33.402901,134.48500061035156,669.07958984375,49.78858333333333,-33.40277777777777,95.2,0.9810003486611077,1.412657569436466
SB78481_component_87a,51.547814,-27.545551,140.3679962158203,184.2099609375,51.54791666666666,-27.545527777777775,108.2,0.9008927675465113,1.2973012589262505
SB78481_component_91a,49.809878,-27.536652,133.8679962158203,203.13809204101562,49.80987499999999,-27.536805555555553,80.9,1.1491070839961086,1.654734193026209
SB78481_component_92a,45.536026,-33.83566,121.197998046875,279.9029846191406,45.53629166666666,-33.83563888888889,78.2,1.0762693038142583,1.549846522338555
SB78481_component_93a,49.9401,-31.89306,129.5540008544922,651.025146484375,49.93999999999999,-31.893055555555552,66.4,1.3549242346099193,1.9511144707001833
SB78481_component_99a,45.620203,-27.739101,123.10299682617188,86.08601379394531,45.62033333333333,-27.73919444444444,74.7,1.1444064175917457,1.6479651516221134
SB78481_component_102a,50.740814,-29.309109,114.65899658203125,426.24163818359375,50.74074999999999,-29.309055555555553,82.0,0.9710163558739986,1.3982804461223324
SB78481_component_103a,51.589888,-31.798553,116.49800109863281,600.505126953125,51.590083333333325,-31.798277777777773,69.6,1.162362244570412,1.673821854865414
SB78481_component_104a,46.133062,-31.885775,111.51799774169922,504.6063232421875,46.13291666666666,-31.885722222222217,65.4,1.1841302498514243,1.7051681611880614
SB78481_component_106a,45.29557,-28.164551,115.27100372314453,113.79170989990234,45.29554166666666,-28.164611111111107,66.7,1.2001250525633285,1.7282009553694833
SB78481_component_107a,50.68703,-29.847724,115.11000061035156,426.33331298828125,50.68708333333333,-29.84758333333333,66.8,1.1966547101734832,1.7232036019513708
SB78481_component_108a,52.882999,-32.83426,114.7040023803711,362.9873352050781,52.882749999999994,-32.83447222222222,85.8,0.9283752311269194,1.3368764846197099
SB78481_component_110a,51.282208,-34.794995,113.03700256347656,255.16253662109375,51.28204166666666,-34.79497222222222,68.9,1.139288389771413,1.6405951025178018
SB78481_component_113a,45.422382,-32.761182,107.74800109863281,234.2347869873047,45.42241666666666,-32.76105555555555,62.8,1.1914665087034302,1.7157325015705862
SB78481_component_114a,45.721862,-30.498918,106.7969970703125,385.5487060546875,45.721999999999994,-30.498138888888885,74.6,0.9941512769635625,1.4315951349907843
SB78481_component_117a,46.722624,-31.141994,105.38600158691406,504.2392272949219,46.722958333333324,-31.14233333333333,69.9,1.0469791005048765,1.5076681199844644
SB78481_component_124a,51.562717,-32.723654,109.81300354003906,477.4478454589844,51.562999999999995,-32.723416666666665,94.7,0.8052598616071796,1.1595882105600746
SB78481_component_125a,46.925002,-28.719862,105.45099639892578,418.4563293457031,46.925,-28.720499999999998,96.3,0.7604254814755684,1.0950259231456467
SB78481_component_127a,48.357413,-34.959279,104.43399810791016,225.07327270507812,48.357833333333325,-34.95983333333333,86.8,0.8355153638894929,1.2031566602293797
SB78481_component_128a,45.488945,-34.726073,107.08899688720703,112.37040710449219,45.489083333333326,-34.72572222222222,111.3,0.6681622683036449,0.96216529099018
SB78481_component_130a,50.668173,-32.032067,101.08799743652344,534.8571166992188,50.66829166666666,-32.031777777777776,60.0,1.1699858346921996,1.6847999572753907
SB78481_component_133a,51.737695,-29.613539,95.52999877929688,406.5106201171875,51.738208333333326,-29.613305555555552,58.3,1.1378983777692733,1.6385934610514044
SB78481_component_134a,51.52369,-27.792931,99.30400085449219,209.94503784179688,51.523624999999996,-27.793277777777774,81.0,0.8513614633844433,1.2259753191912617
SB78481_component_135a,45.881071,-33.095687,92.13700103759766,284.37347412109375,45.88141666666666,-33.095388888888884,63.7,1.004446710514898,1.446420738423825
SB78481_component_136a,51.032352,-30.406182,94.27100372314453,453.2259826660156,51.03224999999999,-30.406166666666664,74.1,0.8834707674050392,1.2722132756159856
SB78481_component_137a,46.395902,-32.736395,95.4520034790039,362.93536376953125,46.39591666666666,-32.73658333333333,57.1,1.1608636195333741,1.6716638087391227
SB78481_component_139a,49.893212,-32.429317,98.88600158691406,578.2807006835938,49.89316666666666,-32.42916666666666,63.8,1.0763323631981747,1.5499373289484963
SB78481_component_140a,53.41515,-33.641922,97.00800323486328,184.4258575439453,53.41524999999999,-33.64191666666666,47.8,1.4093275105936736,2.029456134620571
SB78481_component_141a,47.165127,-27.722057,94.15899658203125,161.78521728515625,47.165208333333325,-27.722111111111108,83.8,0.7802792609496437,1.1236157110027596
SB78481_component_143a,48.879997,-29.666415,94.44599914550781,460.7121887207031,48.88004166666666,-29.66633333333333,75.5,0.8686981058986479,1.250940386033216
SB78481_component_144a,51.990352,-33.018287,95.26799774169922,395.3028869628906,51.990583333333326,-33.018027777777775,59.8,1.106313251792054,1.5931103301287495
SB78481_component_146a,47.782521,-28.527416,93.66200256347656,365.8671875,47.78258333333333,-28.52772222222222,71.5,0.9096821189133089,1.309958077810861
SB78481_component_150a,49.759266,-32.388927,100.30799865722656,560.3798828125,49.759249999999994,-32.38872222222222,58.7,1.1866693493499585,1.7088245086409977
SB78481_component_153a,50.017628,-35.006784,94.03700256347656,217.67823791503906,50.01758333333333,-35.006499999999996,82.1,0.7954042024687119,1.1453958899327232
SB78481_component_156a,48.529672,-31.494407,88.04000091552734,460.9424133300781,48.52991666666666,-31.494305555555552,81.8,0.7474101572172918,1.076283629774173
SB78481_component_157a,47.191052,-33.60593,90.7969970703125,393.0605773925781,47.19116666666666,-33.60594444444444,63.2,0.997669436581485,1.4366613460492483
SB78481_component_158a,50.993457,-35.078893,92.18099975585938,163.15220642089844,50.99329166666666,-35.07922222222222,62.7,1.0209539036061392,1.4701913836660188
SB78481_component_159a,51.73827,-29.393803,92.74600219726562,384.83819580078125,51.73833333333333,-29.393972222222217,67.8,0.9499434782036993,1.3679351356528855
SB78481_component_162a,51.751882,-32.905401,88.6969985961914,372.67645263671875,51.75195833333333,-32.905138888888885,76.8,0.8020103351230354,1.154908835887909
SB78481_component_166a,45.596715,-30.295647,83.80500030517578,266.8948974609375,45.59674999999999,-30.294805555555552,55.2,1.0542973504777193,1.518206527267677
SB78481_component_168a,49.573002,-28.109447,84.53500366210938,173.94033813476562,49.57291666666666,-28.10911111111111,45.0,1.3045367643826271,1.8785556369357639
SB78481_component_169a,46.264407,-33.149576,79.43499755859375,288.8545227050781,46.26425,-33.14977777777777,48.2,1.1444507527293284,1.6480289949915714
SB78481_component_173a,49.642178,-33.032528,80.72100067138672,431.6630859375,49.64220833333333,-33.03233333333333,50.4,1.1122137541483714,1.601607156178308
SB78481_component_174a,46.991398,-28.303245,80.18099975585938,268.16387939453125,46.991583333333324,-28.303777777777775,58.7,0.9485617905273597,1.3659454813604663
SB78481_component_179a,48.908785,-30.609822,88.08200073242188,451.70257568359375,48.90883333333333,-30.60983333333333,59.9,1.0211572128130542,1.4704841524611332
SB78481_component_180a,48.288086,-29.096827,81.36100006103516,394.956298828125,48.28804166666666,-29.09719444444444,53.6,1.054104698880766,1.5179291056163275
SB78481_component_184a,48.720245,-34.33956,76.25599670410156,321.7552490234375,48.72033333333333,-34.339638888888885,55.9,0.9473150889337802,1.3641502093756988
SB78481_component_187a,48.60703,-28.267931,80.5260009765625,280.5783996582031,48.60699999999999,-28.26808333333333,50.4,1.1095269521905866,1.5977381146143355
SB78481_component_189a,53.100111,-33.688272,82.5009994506836,178.57359313964844,53.10016666666666,-33.687861111111104,43.8,1.3080289620573762,1.8835844623443745
SB78481_component_192a,50.554241,-34.975603,77.61699676513672,196.49871826171875,50.554583333333326,-34.97588888888888,48.8,1.1045090365522108,1.5905122287937854
SB78481_component_193a,45.711682,-27.949363,74.01399993896484,86.16297912597656,45.71179166666666,-27.949555555555552,43.2,1.1897682889805754,1.713287035624186
SB78481_component_194a,54.174029,-33.974454,78.99299621582031,24.95829200744629,54.17416666666666,-33.97436111111111,49.7,1.1037340968423042,1.5893963021291813
SB78481_component_196a,45.044791,-32.754493,73.84100341796875,112.05008697509766,45.04483333333333,-32.75483333333333,42.2,1.2151150488745208,1.74978681085234
SB78481_component_197a,53.448223,-28.926757,74.45700073242188,144.0174102783203,53.44837499999999,-28.926555555555552,90.0,0.5745069534115688,0.8273000081380208
SB78481_component_201a,53.718518,-29.584467,73.87100219726562,110.91741943359375,53.71833333333333,-29.58408333333333,54.3,0.9447272061958545,1.3604236132093117
SB78481_component_202a,49.960838,-32.033708,72.51899719238281,412.0397644042969,49.96091666666666,-32.03369444444444,52.5,0.959234405245493,1.3813142322358631
SB78481_component_203a,52.167068,-29.939306,73.92500305175781,339.10552978515625,52.16729166666666,-29.93894444444444,56.7,0.905400131159784,1.3037919409481096
SB78481_component_206a,45.285113,-31.536794,70.85600280761719,156.41500854492188,45.28520833333333,-31.53683333333333,45.1,1.0910191356193484,1.5710865367542612
SB78481_component_209a,48.60145,-33.29303,68.47200012207031,391.2685852050781,48.60133333333333,-33.29302777777777,42.5,1.1188100140689832,1.6111058852251838
SB78481_component_212a,52.20438,-31.532283,71.05400085449219,353.5024719238281,52.20445833333333,-31.532361111111108,62.4,0.7907445512639848,1.1386859111296825
SB78481_component_213a,51.475231,-34.680486,71.13099670410156,199.24649047851562,51.47537499999999,-34.68033333333333,52.8,0.9355289525165983,1.3471779678807114
SB78481_component_219a,52.325288,-35.198401,67.34700012207031,67.6854248046875,52.32545833333333,-35.197805555555554,43.2,1.0825968758516857,1.558958336159035
SB78481_component_222a,45.962875,-34.153072,67.75499725341797,188.20831298828125,45.96312499999999,-34.15283333333333,33.8,1.3920565962979372,2.0045857175567448
SB78481_component_230a,50.664965,-30.790154,67.677001953125,371.8516540527344,50.66504166666666,-30.78983333333333,53.2,0.8834088384638591,1.272124096863252
SB78481_component_231a,44.663209,-31.243661,68.79900360107422,66.86006164550781,44.66333333333333,-31.243777777777773,41.7,1.1457196307829396,1.6498562014646094
SB78481_component_235a,46.990837,-32.413575,62.125,306.03448486328125,46.991208333333326,-32.41386111111111,40.1,1.0758563560156937,1.5492518703241895
SB78481_component_241a,52.916444,-34.777237,65.39700317382812,93.55794525146484,52.91683333333333,-34.777027777777775,34.8,1.3050010589100367,1.8792242291329921
SB78481_component_244a,45.492102,-29.622492,66.11000061035156,154.10256958007812,45.491833333333325,-29.622472222222218,41.1,1.1170113862931201,1.608515829935561
SB78481_component_246a,46.665746,-33.075723,63.47600173950195,282.1155700683594,46.665749999999996,-33.07566666666666,27.0,1.6325934886527147,2.350963027388961
SB78481_component_249a,49.753744,-32.917663,62.18600082397461,355.34857177734375,49.753583333333324,-32.91755555555555,43.8,0.9859406631904587,1.4197717083099226
SB78481_component_255a,46.74635,-30.768137,59.766998291015625,281.9197998046875,46.746333333333325,-30.76833333333333,41.8,0.9929272362033899,1.4298324950003738
SB78481_component_256a,49.738491,-27.512355,61.987998962402344,87.67750549316406,49.73841666666666,-27.51255555555555,37.9,1.1357968711408637,1.635567254944653
SB78481_component_257a,51.265696,-29.053737,59.82500076293945,254.57447814941406,51.26570833333333,-29.05372222222222,47.9,0.8673201979341707,1.248956174591638
SB78481_component_260a,49.601847,-29.050179,63.084999084472656,274.2825927734375,49.60166666666666,-29.049944444444442,35.1,1.2481053519266676,1.797293421210047
SB78481_component_261a,45.220639,-34.61319,63.68199920654297,61.23269271850586,45.221083333333326,-34.61297222222222,30.9,1.4311675165644167,2.060906123189093
SB78481_component_266a,53.265968,-30.389085,58.979000091552734,187.23492431640625,53.26633333333333,-30.388777777777772,32.8,1.248693418074242,1.798140246693681
SB78481_component_269a,46.114771,-31.143941,54.94900131225586,250.90869140625,46.11491666666666,-31.14433333333333,55.0,0.6937921393004008,0.9990727511319247
SB78481_component_270a,50.162899,-35.353784,61.54199981689453,84.76859283447266,50.163,-35.353583333333326,39.8,1.0737935560148422,1.5462814024345362
SB78481_component_272a,52.529455,-32.498603,58.20899963378906,267.0137634277344,52.52949999999999,-32.49858333333333,32.7,1.2361598786881134,1.7800917319201546
SB78481_component_273a,48.475549,-27.246888,62.45399856567383,233.9101104736328,48.47545833333333,-27.24761111111111,46.3,0.9367237222907401,1.3488984571419833
SB78481_component_275a,51.17914,-27.335554,61.507999420166016,58.6348876953125,51.179083333333324,-27.335666666666665,62.7,0.6812340100165928,0.9809888264779268
SB78481_component_276a,44.829286,-31.985265,57.94300079345703,78.51355743408203,44.829499999999996,-31.985388888888885,37.6,1.0701518310627818,1.5410372551451337
SB78481_component_277a,51.154605,-27.600492,61.41600036621094,93.0545425415039,51.15458333333333,-27.600749999999998,44.5,0.9584153925395117,1.3801348396901334
SB78481_component_279a,53.077546,-30.343629,58.29499816894531,211.9818115234375,53.07741666666666,-30.343749999999996,39.9,1.0145901883843291,1.4610275230312109
SB78481_component_281a,48.635731,-29.23312,57.1879997253418,293.27178955078125,48.63562499999999,-29.23344444444444,35.4,1.1218477086212382,1.6154802182299943
SB78481_component_285a,50.089285,-33.066981,61.25299835205078,344.1179504394531,50.08908333333333,-33.06697222222222,38.8,1.0962961467124868,1.5786855245373914
SB78481_component_292a,51.741387,-33.921493,53.944000244140625,226.65545654296875,51.74141666666666,-33.92130555555555,32.0,1.1706455839114638,1.6857500076293945
SB78481_component_295a,51.406331,-31.133402,54.47800064086914,272.3899841308594,51.40658333333333,-31.133722222222218,25.7,1.4720423273809362,2.119766561901523
SB78481_component_299a,45.766738,-31.181985,53.073001861572266,241.2409210205078,45.767041666666664,-31.18130555555555,32.6,1.1305461964734524,1.6280061920727689
SB78481_component_300a,52.039223,-34.25713,51.18000030517578,183.44085693359375,52.03941666666666,-34.25680555555555,30.8,1.1539362816019552,1.6616883215966163
SB78481_component_301a,48.425689,-28.649325,51.992000579833984,226.0521697998047,48.42595833333333,-28.65011111111111,33.5,1.0777647683642246,1.5520000173084771
SB78481_component_303a,52.38189,-32.855105,52.202999114990234,197.73863220214844,52.38179166666666,-32.85544444444444,32.6,1.1120136420376738,1.601318991257369
SB78481_component_307a,48.376906,-27.95598,50.03900146484375,139.3843994140625,48.37687499999999,-27.956638888888886,36.1,0.9625730399071185,1.386121924233899
SB78481_component_310a,46.976558,-27.422315,50.16999816894531,48.147789001464844,46.97662499999999,-27.422611111111106,37.2,0.9365552573918162,1.3486558647565943
SB78481_component_311a,51.574928,-30.139635,54.569000244140625,235.21121215820312,51.57516666666666,-30.13969444444444,36.9,1.0269561305998087,1.4788346949631606
SB78481_component_314a,47.824136,-27.965519,49.345001220703125,137.06944274902344,47.82416666666666,-27.965499999999995,37.3,0.9186849316190613,1.3229222847373492
SB78481_component_315a,50.291474,-30.642656,50.361000061035156,289.4310302734375,50.29149999999999,-30.642638888888886,33.1,1.0565708210057707,1.5214803643817267
SB78481_component_317a,53.732319,-31.449554,52.178001403808594,96.62592315673828,53.732833333333325,-31.449499999999997,44.9,0.8069996752451563,1.1620935724678974
SB78481_component_323a,50.747617,-30.028838,52.54800033569336,210.19200134277344,50.74766666666666,-30.028749999999995,30.6,1.1925237260417552,1.7172549129311554
SB78481_component_324a,45.107305,-29.588793,50.66999816894531,80.4285659790039,45.10745833333333,-29.588777777777775,32.4,1.0860207901897665,1.5638888323748554
SB78481_component_326a,45.118464,-31.597697,53.108001708984375,105.16436004638672,45.118583333333326,-31.597805555555553,37.5,0.9834696309593098,1.41621337890625
SB78481_component_328a,52.887674,-32.746904,47.380001068115234,160.6101837158203,52.88745833333333,-32.747166666666665,27.1,1.2141099998759801,1.7483395228086802
SB78481_component_330a,53.918918,-31.317302,50.79800033569336,74.81295776367188,53.91862499999999,-31.31769444444444,50.7,0.6957783613761865,1.0019329454771866
SB78481_component_336a,48.128792,-27.546361,47.01900100708008,71.56620788574219,48.128499999999995,-27.54644444444444,28.2,1.1578613311572779,1.6673404612439744
SB78481_component_337a,50.233941,-32.828262,45.994998931884766,267.41278076171875,50.233999999999995,-32.82858333333333,66.9,0.4774377515380381,0.6875186686380383
SB78481_component_339a,51.033317,-31.5327,46.268001556396484,265.9080505371094,51.03308333333333,-31.532638888888886,27.6,1.1641365378002426,1.6763768679853799
SB78481_component_340a,48.051763,-29.221868,45.814998626708984,220.26441955566406,48.05183333333333,-29.221749999999997,32.8,0.9699874047618126,1.3967987386191765
SB78481_component_341a,47.424549,-29.428006,47.071998596191406,217.92591857910156,47.424208333333326,-29.428138888888885,29.6,1.104340978895525,1.5902702228443042
SB78481_component_345a,47.128154,-32.881513,44.749000549316406,215.13941955566406,47.12829166666666,-32.88166666666666,27.1,1.1466907519329446,1.6512546328161035
SB78481_component_346a,51.629307,-33.389469,46.404998779296875,219.9289093017578,51.62954166666666,-33.38927777777777,28.6,1.1267588900074814,1.62255240487052
SB78481_component_349a,53.261068,-34.194193,44.9109992980957,83.01478576660156,53.26104166666666,-34.193638888888884,46.5,0.6707057451461084,0.9658279418945312
SB78481_component_353a,52.714301,-27.503986,48.10300064086914,48.247745513916016,52.71366666666666,-27.50436111111111,49.1,0.680335192815396,0.9796945140706546
SB78481_component_355a,45.16189,-30.031004,44.45899963378906,87.00391387939453,45.162124999999996,-30.03122222222222,27.4,1.126785849848443,1.6225912275105498
SB78481_component_359a,49.320291,-30.122884,43.9379997253418,221.90908813476562,49.32008333333333,-30.12283333333333,38.6,0.7904697193033866,1.138290148324917
SB78481_component_363a,45.773757,-28.975174,42.75600051879883,126.1239013671875,45.77416666666666,-28.974999999999998,33.7,0.8810477240320244,1.2687240510029325
SB78481_component_365a,46.712559,-34.225968,42.42599868774414,155.97792053222656,46.712708333333325,-34.22544444444444,23.1,1.2754174515322396,1.8366233198157635
SB78481_component_371a,47.047119,-30.184368,45.992000579833984,232.2828369140625,47.04733333333333,-30.18458333333333,27.7,1.1530145636868976,1.6603610317629598
SB78481_component_374a,47.605037,-33.896709,40.180999755859375,186.88836669921875,47.60470833333333,-33.89675,23.3,1.1975594390612132,1.7245064272901018
SB78481_component_378a,48.656915,-28.221836,40.5890007019043,139.9620819091797,48.65662499999999,-28.222138888888885,23.2,1.2149338576408206,1.7495258923234611
SB78481_component_390a,49.236397,-30.009444,39.209999084472656,206.36842346191406,49.23633333333333,-30.009694444444442,39.4,0.6910872349015587,0.9951776417378847
SB78481_component_391a,53.94388,-32.661127,39.696998596191406,55.211402893066406,53.944374999999994,-32.661138888888885,22.6,1.2197799590490124,1.7565043626633365
SB78481_component_392a,48.366013,-32.740009,39.387001037597656,216.41209411621094,48.36654166666666,-32.73936111111111,25.2,1.0853870473436917,1.5629762316507008
SB78481_component_393a,48.836546,-32.874445,38.54499816894531,240.90625,48.83666666666666,-32.87447222222222,33.2,0.8062360374459727,1.1609939207513646
SB78481_component_395a,48.931341,-28.191468,39.95600128173828,143.2114715576172,48.931124999999994,-28.191666666666663,23.1,1.2011639773819829,1.7296970251834753
SB78481_component_399a,44.584842,-34.164208,41.49300003051758,109.76984405517578,44.58474999999999,-34.163999999999994,24.7,1.1665682276988034,1.679878543745651
SB78481_component_400a,44.827043,-32.262565,37.96099853515625,51.85928726196289,44.82691666666666,-32.26266666666666,28.5,0.9249644225185425,1.3319648608826755
SB78481_component_403a,48.294509,-30.273992,38.52000045776367,217.6271209716797,48.29441666666666,-30.27447222222222,38.0,0.703938871875938,1.0136842225727283
SB78481_component_404a,46.365274,-30.54581,37.888999938964844,177.05140686035156,46.365291666666664,-30.545722222222217,37.2,0.7072980543204533,1.018521503735614
SB78481_component_406a,48.782274,-30.950347,38.46099853515625,211.3241729736328,48.78224999999999,-30.949777777777772,26.1,1.0233219949789782,1.473601476442768
SB78481_component_407a,49.460754,-29.10819,38.33599853515625,181.68719482421875,49.46099999999999,-29.107611111111108,22.7,1.1727709058219433,1.6888105081566631
SB78481_component_410a,49.382849,-33.493718,37.39500045776367,202.1351318359375,49.38316666666666,-33.49341666666666,32.0,0.8115136428170837,1.1685937643051147
SB78481_component_415a,51.047575,-30.914257,36.755001068115234,190.44041442871094,51.047625,-30.914222222222218,27.2,0.9383822764417477,1.351286803974825
SB78481_component_416a,46.858274,-31.335562,36.90700149536133,177.4375,46.85841666666666,-31.33566666666666,23.6,1.0859979871258973,1.563855995566158
SB78481_component_419a,45.047562,-31.565886,37.5260009765625,73.58039855957031,45.04820833333333,-31.565999999999995,24.1,1.0813032387360408,1.5570954762059128
SB78481_component_421a,54.195024,-30.135888,33.7760009765625,15.529195785522461,54.19529166666666,-30.135805555555553,28.6,0.820114435305666,1.180979055124563
SB78481_component_423a,47.671893,-35.330314,37.6510009765625,44.347469329833984,47.67224999999999,-35.33002777777777,24.0,1.0894255233471584,1.5687917073567708
SB78481_component_424a,45.703017,-33.853986,37.145999908447266,91.94554138183594,45.70320833333333,-33.85305555555555,24.0,1.0748134004645613,1.5477499961853027
SB78481_component_425a,53.726169,-33.252912,38.750999450683594,51.12268829345703,53.72662499999999,-33.25275,25.2,1.0678607603367776,1.5377380734398252
SB78481_component_428a,47.284386,-34.701223,36.91899871826172,97.41160583496094,47.284833333333324,-34.70099999999999,21.6,1.186939064828946,1.7092129036232275
SB78481_component_432a,47.594131,-33.029769,35.58300018310547,173.5756072998047,47.59379166666666,-33.030111111111104,20.5,1.2053716218994943,1.7357561064929496
SB78481_component_439a,52.27649,-32.087474,36.12200164794922,170.3867950439453,52.276708333333325,-32.08741666666666,24.6,1.0196918820923702,1.468374050729643
SB78481_component_440a,52.346758,-28.919951,35.65700149536133,144.94715881347656,52.34654166666666,-28.92019444444444,27.6,0.8971560662405434,1.2919203440348306
SB78481_component_441a,45.826442,-32.684269,32.194000244140625,116.64492797851562,45.82675,-32.68413888888888,18.8,1.1891848139971766,1.7124468214968418
SB78481_component_442a,50.832345,-28.542596,33.909000396728516,140.7012481689453,50.83241666666666,-28.542805555555553,27.4,0.8594026438800149,1.2375547590046905
SB78481_component_443a,50.169798,-33.159165,36.80799865722656,212.76300048828125,50.16949999999999,-33.159416666666665,20.6,1.2408155998003807,1.7867960513216776
SB78481_component_444a,46.394509,-33.721821,34.608001708984375,146.0253143310547,46.394499999999994,-33.721666666666664,21.5,1.1178160072361796,1.6096744980922966
SB78481_component_446a,49.948779,-27.268093,34.10499954223633,33.76732635498047,49.948583333333325,-27.26855555555555,24.4,0.9706451358841798,1.397745882878538
SB78481_component_450a,47.168616,-32.202691,32.73400115966797,174.11703491210938,47.168833333333325,-32.20225,19.6,1.1597791126667765,1.6701020999830596
SB78481_component_451a,46.745369,-29.528077,34.13800048828125,161.79147338867188,46.74554166666666,-29.52847222222222,23.0,1.0307242766232652,1.484260890794837
SB78481_component_455a,49.151808,-35.020309,33.7400016784668,81.8932113647461,49.151958333333326,-35.02038888888888,23.8,0.9844652789585397,1.4176471293473443
SB78481_component_459a,47.207436,-33.664249,34.720001220703125,152.95155334472656,47.20779166666666,-33.66463888888889,19.3,1.2492653188903875,1.7989637938188148
SB78481_component_460a,48.142538,-32.387989,33.88800048828125,202.9221649169922,48.14245833333333,-32.38766666666666,26.0,0.9051172826441795,1.3033846341646635
SB78481_component_463a,48.917347,-27.917599,34.28099822998047,88.35308837890625,48.91720833333333,-27.918111111111106,17.4,1.3681586867736242,1.9701723120678432
SB78481_component_465a,53.531616,-31.065904,33.555999755859375,79.8952407836914,53.532624999999996,-31.065499999999997,24.2,0.9629130607473438,1.3866115601594784
SB78481_component_467a,48.27542,-34.868984,33.90800094604492,95.78531646728516,48.27562499999999,-34.86933333333333,19.5,1.2075353019345219,1.738871843386919
SB78481_component_468a,49.761616,-28.953227,33.77399826049805,167.197998046875,49.760708333333326,-28.953416666666662,19.7,1.1905523904314859,1.7144161553552308
SB78481_component_470a,52.879065,-34.99726,31.815000534057617,32.90072250366211,52.87908333333333,-34.997388888888885,19.4,1.138839352571067,1.6399484811369907
SB78481_component_473a,45.913508,-29.008627,32.09000015258789,112.20278930664062,45.91341666666666,-29.008749999999996,28.0,0.7958733246399087,1.146071434020996
SB78481_component_477a,45.573966,-33.663376,30.194000244140625,77.22250366210938,45.57458333333333,-33.662388888888884,16.5,1.2707759026942689,1.8299394087357954
SB78481_component_481a,50.949255,-28.564348,31.024999618530273,126.11788177490234,50.94899999999999,-28.564527777777773,20.2,1.0665781347114043,1.535891070224271
SB78481_component_485a,49.015195,-28.591265,30.301000595092773,138.36073303222656,49.01537499999999,-28.591111111111108,24.7,0.851907177975071,1.2267611576960638
SB78481_component_486a,50.013448,-29.688775,30.874000549316406,104.3040542602539,50.01266666666666,-29.688833333333328,16.6,1.29156741706841,1.8598795511636388
SB78481_component_488a,48.174141,-27.306524,33.987998962402344,31.181650161743164,48.17383333333333,-27.30694444444444,27.1,0.87094066031579,1.2541697034096806
SB78481_component_493a,46.864658,-32.708059,28.711000442504883,123.75431823730469,46.86483333333333,-32.70816666666666,16.1,1.2383822275535397,1.7832919529506137
SB78481_component_494a,46.752023,-33.775962,31.60300064086914,126.41200256347656,46.751999999999995,-33.77672222222222,20.8,1.055108801467845,1.5193750308110163
SB78481_component_495a,50.713301,-30.726283,28.985000610351562,150.9635467529297,50.71320833333333,-30.726527777777775,24.0,0.8386762274608962,1.2077083587646484
SB78481_component_503a,48.469481,-28.105631,31.049999237060547,102.8145751953125,48.46983333333333,-28.105999999999998,20.8,1.0366461037318593,1.49278842485868
SB78481_component_504a,48.4435,-31.649326,29.57200050354004,152.4329833984375,48.44354166666666,-31.649249999999995,19.7,1.042429611613639,1.5011167768294436
SB78481_component_506a,54.187577,-32.966811,29.475000381469727,26.868732452392578,54.187708333333326,-32.96711111111111,16.5,1.2405153313180077,1.7863636594830137
SB78481_component_507a,51.798827,-29.676994,29.225000381469727,141.18357849121094,51.79904166666666,-29.677027777777774,18.8,1.0795156358064195,1.5545212968866875
SB78481_component_511a,51.576809,-29.99565,29.42099952697754,137.48130798339844,51.576499999999996,-29.99611111111111,19.8,1.0318688296172864,1.4859090670190676
SB78481_component_514a,46.098423,-27.607471,31.77400016784668,28.471324920654297,46.09895833333333,-27.607499999999998,26.8,0.8233213174380762,1.185597021188309
SB78481_component_515a,52.360344,-29.311658,31.007999420166016,139.04931640625,52.36041666666666,-29.311638888888886,22.3,0.9656086444168248,1.390493247541077
SB78481_component_516a,53.352657,-30.526755,31.14900016784668,98.57278442382812,53.35320833333333,-30.52619444444444,21.0,1.0300470844463978,1.4832857222784133
SB78481_component_517a,53.476325,-31.353909,30.506000518798828,89.7235336303711,53.47629166666666,-31.354027777777773,22.2,0.9542552537902643,1.3741441675134607
SB78481_component_519a,50.442307,-28.428276,28.08099937438965,104.00370025634766,50.442249999999994,-28.428638888888884,26.8,0.7276290450610613,1.0477984841190167
SB78481_component_521a,53.851049,-32.125636,30.281999588012695,52.57291793823242,53.851833333333325,-32.125027777777774,18.9,1.1126408630475646,1.6022222004239524
SB78481_component_522a,50.763778,-27.378901,31.42799949645996,33.54108810424805,50.763749999999995,-27.37880555555555,21.2,1.0294686776557394,1.4824528064367906
SB78481_component_525a,47.298024,-34.156334,30.628999710083008,120.58660888671875,47.297999999999995,-34.156749999999995,17.4,1.2224069946682168,1.7602873396599432
SB78481_component_528a,51.479862,-35.172514,29.996000289916992,41.835426330566406,51.47970833333333,-35.17225,23.8,0.8752228608186443,1.2603361466351677
SB78481_component_530a,51.591963,-27.723492,29.197999954223633,59.105262756347656,51.59199999999999,-27.72344444444444,26.5,0.7651375050188024,1.101811319027307
SB78481_component_531a,44.888892,-28.692955,29.738000869750977,75.86225128173828,44.88879166666666,-28.69344444444444,32.8,0.6296079264670781,0.9066463679802128
SB78481_component_534a,46.612136,-34.329534,29.246000289916992,98.8040542602539,46.611708333333326,-34.33,18.0,1.1283042803735794,1.6247777938842773
SB78481_component_535a,50.912857,-34.742793,26.80500030517578,75.7203369140625,50.91258333333332,-34.74269444444444,28.9,0.6440954549710286,0.9275086610787469
SB78481_component_537a,53.397464,-29.541951,27.66200065612793,65.86190795898438,53.39804166666666,-29.54108333333333,23.2,0.8279952840927091,1.1923276144882728
SB78481_component_538a,45.139374,-30.631344,28.944000244140625,55.131431579589844,45.13966666666666,-30.631638888888887,19.5,1.0307567859755515,1.4843077048277245
SB78481_component_541a,45.432158,-31.365881,28.683000564575195,83.62390899658203,45.43179166666666,-31.365777777777772,21.7,0.9179036746018587,1.3217972610403317
SB78481_component_545a,47.782098,-33.702045,30.367000579833984,139.94009399414062,47.782458333333324,-33.70227777777777,19.1,1.1040806316740743,1.5898953183159152
SB78481_component_546a,48.399197,-30.828137,27.2810001373291,150.7237548828125,48.399333333333324,-30.82816666666666,29.6,0.6400307464179902,0.921655410044902
SB78481_component_549a,51.163587,-33.131181,27.125999450683594,145.8386993408203,51.163374999999995,-33.131499999999996,19.2,0.9811079181623711,1.4128124713897705
SB78481_component_550a,45.060656,-33.993059,27.51300048828125,35.22791290283203,45.06016666666666,-33.993361111111106,13.7,1.394599963671135,2.008248210823449
SB78481_component_552a,46.538808,-28.133458,28.320999145507812,68.40821075439453,46.538958333333326,-28.133416666666662,17.9,1.0987219498176326,1.5821787232127271
SB78481_component_554a,48.813937,-30.599686,26.391000747680664,122.18055725097656,48.813708333333324,-30.599611111111106,16.5,1.1107189351184807,1.5994545907685251
SB78481_component_555a,52.618191,-34.987779,27.54800033569336,34.26367950439453,52.61837499999999,-34.98705555555555,17.0,1.1253132151902423,1.6204706079819624
SB78481_component_560a,46.940975,-34.836671,29.492000579833984,58.632205963134766,46.94079166666666,-34.836999999999996,17.8,1.1505791301922639,1.6568539651592125
SB78481_component_562a,47.39381,-35.074471,29.04800033569336,45.2461051940918,47.39399999999999,-35.074638888888884,16.2,1.2451838728242428,1.7930864404748987
SB78481_component_565a,47.463533,-33.13048,25.46299934387207,129.91326904296875,47.46370833333333,-33.13002777777778,15.3,1.1557140389651488,1.6642483231288934
SB78481_component_567a,49.382562,-30.938408,25.993000030517578,143.6077423095703,49.383041666666664,-30.938027777777773,18.4,0.98100415118486,1.412663045136825
SB78481_component_573a,49.085439,-31.119654,26.107999801635742,151.7906951904297,49.08566666666666,-31.119638888888886,34.3,0.5285812352509441,0.761166174974803
SB78481_component_575a,46.690098,-31.302673,26.222999572753906,134.4769287109375,46.69058333333333,-31.30283333333333,16.2,1.1240861948403298,1.6187036773304881
SB78481_component_581a,53.188715,-33.131363,25.940000534057617,68.62434387207031,53.18912499999999,-33.13086111111111,16.1,1.1188615913414568,1.611180157394883
SB78481_component_582a,51.966835,-29.153354,25.510000228881836,119.20560455322266,51.96674999999999,-29.15358333333333,21.9,0.8089070276394392,1.1648401930996273
SB78481_component_583a,49.280382,-32.877234,25.18000030517578,142.2598876953125,49.28066666666666,-32.87730555555555,16.6,1.0533674735151137,1.516867488263601
SB78481_component_588a,52.124103,-34.853073,25.128000259399414,47.144466400146484,52.12416666666666,-34.85305555555555,16.7,1.0448975660919853,1.5046706742155338
SB78481_component_591a,51.506216,-27.271651,27.083999633789062,14.955273628234863,51.506249999999994,-27.272027777777776,25.5,0.7375727781015703,1.0621176326976103
SB78481_component_592a,50.226812,-34.916328,25.39900016784668,70.55277252197266,50.22695833333333,-34.915972222222216,23.1,0.7635489809907501,1.0995238167898995
SB78481_component_594a,52.279139,-33.191891,26.10099983215332,110.13079833984375,52.27920833333333,-33.19097222222222,16.1,1.1258059216099048,1.6211801137983428
SB78481_component_595a,49.099246,-32.467682,24.652999877929688,138.5,49.09941666666666,-32.468555555555554,16.1,1.063349811367428,1.5312422284428375
SB78481_component_599a,51.749322,-35.278135,26.499000549316406,30.992982864379883,51.748708333333326,-35.27833333333333,17.5,1.0515349363184558,1.5142286028180802
SB78481_component_600a,50.483364,-29.874056,24.81100082397461,81.34754180908203,50.48383333333333,-29.873611111111106,11.7,1.4726199586811899,2.120598361023471
SB78481_component_602a,47.206113,-31.021511,24.235000610351562,123.64796447753906,47.20616666666666,-31.020861111111106,17.3,0.9728126127698975,1.4008670873035585
SB78481_component_603a,45.163851,-33.428146,26.408000946044922,48.01454544067383,45.16391666666666,-33.42822222222222,16.1,1.1390477006291988,1.640248505965523
SB78481_component_604a,48.377993,-30.111912,24.854999542236328,114.01376342773438,48.37783333333333,-30.111916666666662,18.8,0.9180961602593541,1.3220744437359748
SB78481_component_608a,53.205518,-32.32481,25.275999069213867,99.90513610839844,53.20504166666666,-32.32491666666666,17.5,1.0030037179012323,1.444342803955078
SB78481_component_610a,45.492736,-28.288801,27.64699935913086,36.91188049316406,45.493083333333324,-28.288777777777774,15.6,1.2307098172727011,1.7722435486622345
SB78481_component_611a,48.71166,-29.462818,24.20400047302246,124.12308502197266,48.71154166666666,-29.463111111111107,18.4,0.913485358036317,1.3154348083164382
SB78481_component_614a,49.1404,-30.179189,24.95599937438965,125.40702819824219,49.140583333333325,-30.178888888888885,16.6,1.043996731193132,1.5033734562885328
SB78481_component_616a,52.979706,-35.205216,23.90999984741211,16.81434440612793,52.98016666666666,-35.20522222222222,18.0,0.9224425529691221,1.3283333248562283
SB78481_component_617a,53.444313,-30.988826,24.54599952697754,69.73295593261719,53.44445833333333,-30.988499999999995,21.4,0.796524629041438,1.1470093236905392
SB78481_component_620a,50.838794,-32.368818,24.86199951171875,132.9518585205078,50.838833333333326,-32.36872222222222,22.9,0.7539331372953614,1.0856768345728713
SB78481_component_623a,51.394018,-28.070931,25.8799991607666,84.29966735839844,51.39399999999999,-28.070749999999997,17.9,1.0040225979706099,1.4458100089813746
SB78481_component_626a,44.615241,-32.754839,25.121999740600586,21.164278030395508,44.615333333333325,-32.75508333333333,20.2,0.8636446721355182,1.2436633534950785
SB78481_component_629a,47.552243,-31.467147,23.062000274658203,123.98924255371094,47.55233333333333,-31.467249999999996,15.3,1.0467375474545162,1.507320279389425
SB78481_component_630a,47.10836,-28.216564,24.540000915527344,83.46939086914062,47.10904166666666,-28.216972222222218,15.5,1.0994491231883705,1.5832258655178932
SB78481_component_631a,46.930272,-31.355359,22.98699951171875,117.88204956054688,46.93054166666666,-31.355305555555553,16.0,0.9976875776353439,1.4366874694824219
SB78481_component_632a,48.794589,-34.017885,23.64299964904785,129.90660095214844,48.795291666666664,-34.01761111111111,12.1,1.3569050734861645,1.9539669131444506
SB78481_component_634a,48.356762,-29.281724,23.325000762939453,123.41270446777344,48.35654166666666,-29.281777777777773,14.0,1.1569801069590808,1.6660714830671037
SB78481_component_635a,47.119214,-29.574136,24.80500030517578,122.79702758789062,47.11929166666666,-29.57505555555555,13.8,1.248223662316756,1.797463790230129
SB78481_component_637a,52.930995,-33.545925,22.753000259399414,41.14466857910156,52.931083333333326,-33.54566666666666,8.9,1.775337497153372,2.5565168830785856
SB78481_component_638a,50.326939,-32.091472,23.822999954223633,128.77296447753906,50.32679166666666,-32.09191666666666,15.5,1.0673258123154767,1.5369677389821699
SB78481_component_645a,51.279019,-28.002915,23.97800064086914,69.50144958496094,51.27983333333333,-28.00244444444444,16.9,0.9852774056890462,1.4188166059685883
SB78481_component_646a,53.625553,-30.258446,23.19099998474121,44.598079681396484,53.625541666666656,-30.258083333333328,20.5,0.7855934890602871,1.1312682919385957
SB78481_component_648a,46.384405,-27.460798,23.8799991607666,19.654319763183594,46.38416666666666,-27.460861111111107,16.4,1.0111666094501481,1.4560975098028417
SB78481_component_649a,50.764645,-35.367206,23.780000686645508,30.68387222290039,50.764708333333324,-35.367888888888885,15.9,1.0385968458599484,1.4955975274619815
SB78481_component_650a,52.42176,-28.13659,23.23699951171875,65.64124298095703,52.42166666666666,-28.137277777777776,21.9,0.7368315185274859,1.0610502060145548
SB78481_component_653a,49.984742,-33.440811,23.542999267578125,123.26177978515625,49.984583333333326,-33.44116666666666,15.2,1.0755991788711636,1.5488815307617188
SB78481_component_654a,48.519849,-28.058061,22.489999771118164,71.3968276977539,48.52020833333333,-28.05897222222222,15.5,1.0076043034381919,1.4509677271689139
SB78481_component_660a,50.555784,-32.976303,21.26099967956543,115.54891204833984,50.556083333333326,-32.97577777777777,15.2,0.9713424163765485,1.3987499789187783
SB78481_component_661a,46.70777,-31.479833,22.084999084472656,118.10159301757812,46.70737499999999,-31.480416666666663,15.9,0.9645672719780221,1.3889936531114877
SB78481_component_662a,45.033182,-31.336066,20.716999053955078,41.433998107910156,45.033333333333324,-31.33644444444444,20.6,0.6983801495588867,1.0056795657259745
SB78481_component_663a,45.952894,-28.698469,22.083999633789062,64.19766998291016,45.952999999999996,-28.698916666666662,14.4,1.0649948312403696,1.533611085679796
SB78481_component_665a,49.644631,-28.470633,22.082000732421875,80.00724792480469,49.644124999999995,-28.47097222222222,14.3,1.07234527697083,1.544195855414117
SB78481_component_666a,51.937276,-30.664566,21.059999465942383,109.1191635131836,51.93733333333333,-30.664416666666664,13.2,1.1079411313373104,1.5954545049956352
SB78481_component_668a,44.836646,-31.047001,22.170000076293945,31.225353240966797,44.835833333333326,-31.048166666666663,12.7,1.2122556990414493,1.74566929734598
SB78481_component_669a,47.842775,-34.982465,22.73900032043457,53.5035285949707,47.84241666666666,-34.983,13.9,1.1360274577186462,1.6358993036283862
SB78481_component_670a,45.942448,-34.384986,22.7189998626709,56.939849853515625,45.94304166666666,-34.38458333333333,13.6,1.160065634067255,1.6705146957846249
SB78481_component_671a,46.892597,-28.725902,21.687000274658203,83.41154479980469,46.89283333333333,-28.726777777777773,13.6,1.1073702133329928,1.5946323731366325
SB78481_component_672a,49.306557,-33.182219,20.847999572753906,115.18231964111328,49.306458333333325,-33.181888888888885,21.3,0.6796996509063367,0.9787793226645026
SB78481_component_674a,46.993073,-29.383408,20.729000091552734,90.5196533203125,46.993083333333324,-29.383111111111106,14.3,1.0066409114762545,1.4495804259827085
SB78481_component_680a,52.327679,-32.182403,20.354000091552734,99.28780364990234,52.32741666666666,-32.18288888888888,13.9,1.0168742096209198,1.4643165533491176
SB78481_component_682a,46.435302,-27.996525,21.378999710083008,46.88376998901367,46.43545833333333,-27.996527777777775,13.5,1.099729496631766,1.5836296081542969
SB78481_component_685a,51.123385,-30.916683,20.575000762939453,91.03982543945312,51.12299999999999,-30.917444444444442,13.9,1.02791527683283,1.48021588222586
SB78481_component_688a,47.275022,-31.625416,20.152000427246094,125.95000457763672,47.275166666666664,-31.624749999999995,13.4,1.0443489301395907,1.5038806288989621
SB78481_component_693a,51.490414,-28.998362,21.280000686645508,90.94017791748047,51.49037499999999,-28.998972222222218,19.5,0.7578256263235292,1.0912820864946415
SB78481_component_695a,51.267874,-32.000124,20.95199966430664,112.64515686035156,51.267958333333326,-32.00011111111111,11.9,1.2226742838264242,1.760672240698037
SB78481_component_697a,46.69585,-35.005176,21.50200080871582,31.667158126831055,46.69516666666666,-35.00569444444444,14.1,1.058990397315149,1.5249645963628242
SB78481_component_698a,50.384978,-31.751128,20.988000869750977,119.25000762939453,50.38433333333332,-31.751138888888885,10.9,1.337139863540817,1.9255046669496307
SB78481_component_700a,53.46228,-34.400944,21.593000411987305,26.79032325744629,53.46254166666666,-34.400888888888886,19.0,0.7892083161887621,1.1364737058940686
SB78481_component_701a,49.803595,-34.643105,20.444000244140625,78.93436431884766,49.80420833333333,-34.64322222222222,12.3,1.1542317776084907,1.6621138409870426
SB78481_component_703a,53.55186,-30.960664,20.408000946044922,49.2946891784668,53.55262499999999,-30.960222222222217,16.7,0.8486258475482419,1.222035984793109
SB78481_component_704a,50.535055,-30.202239,21.570999145507812,96.29910278320312,50.535,-30.202027777777772,11.5,1.3025808291219,1.875739056131114
SB78481_component_707a,53.95297,-33.795069,21.24799919128418,19.333940505981445,53.95354166666666,-33.796388888888885,12.8,1.1527638063388232,1.6599999368190765
SB78481_component_710a,51.979078,-31.838178,20.208999633789062,103.10714721679688,51.97916666666666,-31.838333333333328,15.0,0.935590531197537,1.347266642252604
SB78481_component_712a,49.613818,-34.309843,19.75,97.29064178466797,49.61366666666666,-34.30933333333333,19.5,0.7033390806835096,1.0128205128205128
SB78481_component_714a,49.607325,-28.836785,19.981000900268555,88.41150665283203,49.60704166666666,-28.83716666666666,9.7,1.4304667450578605,2.059897000027686
SB78481_component_720a,51.853551,-33.717284,20.923999786376953,87.91596221923828,51.85341666666666,-33.71736111111111,13.8,1.0529260762886081,1.51623186857804
SB78481_component_721a,46.327669,-33.01273,21.131000518798828,87.31818389892578,46.328958333333325,-33.01263888888889,8.1,1.8116208178583357,2.6087654961480036
SB78481_component_723a,52.072501,-30.553486,18.75,95.66326904296875,52.072874999999996,-30.553138888888885,9.8,1.3286404101002747,1.913265306122449
SB78481_component_724a,45.326284,-32.748204,20.145000457763672,44.080963134765625,45.32608333333333,-32.74811111111111,18.8,0.7441177996107767,1.0715425775406209
SB78481_component_728a,47.034644,-33.875483,18.475000381469727,80.32608795166016,47.03524999999999,-33.87605555555555,14.2,0.9035004485171793,1.3010563648922344
SB78481_component_729a,45.843277,-29.757625,18.134000778198242,67.41264343261719,45.843958333333326,-29.756583333333328,11.1,1.1344958513436605,1.6336937638016436
SB78481_component_730a,51.052377,-32.574983,19.174999237060547,103.09139251708984,51.05241666666666,-32.574861111111105,27.7,0.48071519177859096,0.6922382396050739
SB78481_component_731a,52.233788,-31.869227,18.798999786376953,105.61235809326172,52.23374999999999,-31.86886111111111,11.2,1.1655985033301866,1.6784821237836567
SB78481_component_732a,52.150625,-33.410181,19.32200050354004,76.67460632324219,52.15112499999999,-33.409277777777774,11.6,1.1567149820469669,1.6656896985810379
SB78481_component_734a,47.42941,-34.504568,19.531999588012695,66.43537139892578,47.42979166666666,-34.50319444444444,11.8,1.1494681972357816,1.6552542023739572
SB78481_component_735a,47.901769,-33.480634,18.628000259399414,92.21781921386719,47.90212499999999,-33.48097222222222,11.6,1.115168534524898,1.6058620913275357
SB78481_component_736a,45.302609,-31.960828,18.47800064086914,50.4863395690918,45.30316666666666,-31.96019444444444,11.5,1.1158078136733294,1.6067826644234036
SB78481_component_739a,45.471391,-30.877511,18.701000213623047,57.71913528442383,45.47145833333333,-30.877027777777773,12.5,1.0389319040533838,1.4960800170898438
SB78481_component_740a,49.663794,-35.11697,18.26099967956543,36.816532135009766,49.66320833333333,-35.11644444444444,11.2,1.1322407648112773,1.630446399961199
SB78481_component_745a,47.436005,-29.561801,18.56999969482422,82.53333282470703,47.43512499999999,-29.562638888888884,11.0,1.1723343015704903,1.6881817904385654
SB78481_component_748a,49.441409,-33.599395,18.95800018310547,104.16484069824219,49.44129166666666,-33.59894444444444,25.4,0.5183117655685688,0.7463779599647823
SB78481_component_752a,48.122692,-33.638004,18.104000091552734,93.31958770751953,48.12254166666666,-33.637499999999996,11.3,1.1125726010135275,1.6021239019073215
SB78481_component_753a,47.484182,-29.701806,19.048999786376953,75.59127044677734,47.48483333333333,-29.701861111111107,11.5,1.1502880218160456,1.6564347640327786
SB78481_component_759a,44.713381,-29.998011,19.02899932861328,17.097034454345703,44.71345833333333,-29.998416666666664,19.2,0.6882512089536464,0.9910937150319418
SB78481_component_762a,51.310984,-28.722526,18.46500015258789,83.17567443847656,51.31112499999999,-28.72219444444444,11.5,1.1150227695179729,1.6056521871815557
SB78481_component_765a,48.695604,-28.980579,18.173999786376953,94.65625,48.695499999999996,-28.981638888888885,12.8,0.9859906799478124,1.4198437333106995
SB78481_component_767a,47.543124,-35.087387,19.523000717163086,31.488710403442383,47.542583333333326,-35.08747222222222,10.3,1.3162597657296946,1.8954369628313674
SB78481_component_770a,50.633132,-30.956225,18.091999053955078,95.72486114501953,50.633333333333326,-30.956361111111107,14.1,0.8910451374649284,1.283120500280502
SB78481_component_773a,51.18328,-28.341653,19.53499984741211,75.4247055053711,51.183499999999995,-28.341611111111106,14.2,0.9553386067381386,1.3757042146064866
SB78481_component_774a,53.292391,-27.811944,19.177000045776367,18.912227630615234,53.29266666666666,-27.81122222222222,24.2,0.5502975308254994,0.7924380184205111
SB78481_component_777a,51.681576,-29.870904,17.7450008392334,75.5106430053711,51.682083333333324,-29.870277777777773,13.0,0.9479052590122423,1.3650000645564153
SB78481_component_780a,51.758331,-30.151415,17.889999389648438,77.78260803222656,51.75816666666666,-30.15183333333333,13.1,0.9483557701065056,1.3656488083701097
SB78481_component_781a,53.005683,-34.460086,18.777000427246094,32.31842041015625,53.00604166666666,-34.459666666666664,11.9,1.0957500915248,1.5778991955668986
SB78481_component_783a,53.794061,-29.274227,17.128999710083008,24.365575790405273,53.79387499999999,-29.274416666666664,12.9,0.9220926336092582,1.3278294348901556
SB78481_component_789a,45.769859,-33.630577,17.66200065612793,55.19375228881836,45.76970833333333,-33.63094444444444,10.7,1.1462738362143379,1.6506542669278441
SB78481_component_791a,52.390941,-28.694579,17.597000122070312,59.24916076660156,52.390833333333326,-28.69369444444444,12.7,0.9622040419757542,1.385590560792938
SB78481_component_793a,51.578604,-33.583274,17.850000381469727,80.40540313720703,51.57779166666666,-33.583277777777774,10.3,1.20346444999785,1.7330097457737597
SB78481_component_796a,51.87317,-31.341823,18.23699951171875,96.4920654296875,51.873749999999994,-31.34222222222222,12.2,1.0380680314773132,1.4948360255507174
SB78481_component_799a,52.13666,-28.9268,17.024999618530273,70.35124206542969,52.13654166666666,-28.926388888888884,19.3,0.6125789409497385,0.8821243325663354
SB78481_component_800a,45.738142,-32.386628,16.256000518798828,62.04580307006836,45.739,-32.38641666666666,9.6,1.1759117562205228,1.693333387374878
SB78481_component_801a,45.241741,-33.910996,17.35700035095215,26.95186424255371,45.242124999999994,-33.91038888888888,10.1,1.19339869692999,1.718514886232886
SB78481_component_802a,53.277807,-34.537017,18.733999252319336,26.801143646240234,53.27770833333333,-34.53955555555555,10.0,1.300956452289675,1.8733999252319335
SB78481_component_804a,48.958513,-32.623479,17.507999420166016,106.75608825683594,48.958749999999995,-32.62455555555555,9.3,1.307331831916952,1.88258058281355
SB78481_component_809a,50.396131,-32.684426,16.895999908447266,100.57142639160156,50.39591666666666,-32.68472222222222,16.1,0.7287696590464698,1.0494409881023146
SB78481_component_815a,47.505373,-29.483017,16.910999298095703,77.93087768554688,47.50525,-29.48347222222222,10.1,1.1627334284765565,1.6743563661480896
SB78481_component_817a,54.20914,-32.154913,16.222000122070312,19.758831024169922,54.20941666666666,-32.15383333333333,11.2,1.0058162284255965,1.4483928680419922
SB78481_component_819a,50.503507,-34.064587,16.51799964904785,83.00502014160156,50.503874999999994,-34.06444444444444,17.2,0.6669008431377423,0.9603488168051076
SB78481_component_826a,48.865606,-34.446604,17.577999114990234,78.47320556640625,48.86520833333333,-34.44669444444444,10.6,1.1515845611987539,1.6583018033009655
SB78481_component_827a,49.308414,-28.803533,18.333999633789062,80.76651763916016,49.30899999999999,-28.803166666666662,12.1,1.0522140798400648,1.5152065813048812
SB78481_component_828a,45.976147,-29.809548,17.01300048828125,65.43461608886719,45.97633333333333,-29.80883333333333,11.9,0.9928101623247261,1.4296639065782561
SB78481_component_832a,53.03906,-29.923799,16.290000915527344,60.333335876464844,53.03920833333333,-29.92416666666666,11.9,0.9506188202577612,1.3689076399602809
SB78481_component_835a,50.781781,-27.508102,16.29400062561035,22.351167678833008,50.78191666666666,-27.508361111111107,10.5,1.0776325241862792,1.551809583391462
SB78481_component_839a,45.161802,-28.487207,17.503999710083008,17.556669235229492,45.16137499999999,-28.487777777777776,12.2,0.996344958519597,1.434754074596968
SB78481_component_840a,51.091012,-34.436725,16.266000747680664,59.582420349121094,51.09116666666666,-34.43655555555555,12.3,0.9183493804231119,1.3224390851772896
SB78481_component_841a,49.775582,-30.979029,16.110000610351562,94.76470947265625,49.775124999999996,-30.979361111111107,11.5,0.9728143703791357,1.4008696182914402
SB78481_component_842a,48.259701,-31.031168,16.408000946044922,90.15385437011719,48.259583333333325,-31.03119444444444,9.8,1.1626844323135372,1.6742858108209102
SB78481_component_843a,51.421875,-34.776572,16.708999633789062,41.772499084472656,51.422374999999995,-34.77663888888888,10.5,1.1050792169288526,1.5913332984561013
SB78481_component_844a,48.659982,-32.937287,17.011999130249023,100.6627197265625,48.65979166666666,-32.93666666666666,13.0,0.9087496578879504,1.3086153177114634
SB78481_component_845a,53.174035,-35.148963,17.493999481201172,12.424715995788574,53.17437499999999,-35.148888888888884,10.4,1.1681215360049835,1.682115334730882
SB78481_component_846a,48.799336,-27.448101,16.937999725341797,22.257556915283203,48.799499999999995,-27.44819444444444,10.0,1.1762357697775647,1.6937999725341797
SB78481_component_851a,46.573838,-30.478878,17.242000579833984,83.69903564453125,46.572874999999996,-30.478805555555553,10.3,1.162472509872518,1.6739806388188334
SB78481_component_853a,47.895842,-35.196707,17.32900047302246,27.462759017944336,47.89520833333333,-35.19752777777777,10.5,1.1460840680229756,1.6503809974307107
SB78481_component_862a,50.020895,-34.474948,15.647000312805176,63.86530685424805,50.02145833333333,-34.474777777777774,10.7,1.0154991737916863,1.4623364778322596
SB78481_component_863a,48.583494,-34.322739,16.049999237060547,72.29729461669922,48.583499999999994,-34.32263888888888,10.7,1.0416540320034133,1.4999999286972474
SB78481_component_864a,46.368762,-33.895145,16.10300064086914,60.31086730957031,46.367999999999995,-33.895111111111106,9.9,1.1295458816335502,1.6265657212999132
SB78481_component_865a,53.903583,-33.094228,16.500999450683594,20.025484085083008,53.90283333333333,-33.09508333333333,9.5,1.2061988369783156,1.7369473105982731
SB78481_component_866a,50.755369,-30.3506,15.258999824523926,79.89005279541016,50.755083333333324,-30.351083333333328,21.1,0.5021990346637341,0.7231753471338352
SB78481_component_869a,48.603765,-35.350771,16.599000930786133,24.59111213684082,48.60458333333333,-35.351749999999996,9.4,1.2262707140911113,1.7658511628495885
SB78481_component_871a,48.92877,-34.206924,15.586999893188477,78.72222137451172,48.928749999999994,-34.20627777777777,13.0,0.8326288234548718,1.198999991783729
SB78481_component_872a,49.689125,-31.632514,15.336000442504883,80.71578979492188,49.688708333333324,-31.63344444444444,10.3,1.0339681200716182,1.4889320817965905
SB78481_component_874a,48.606568,-28.492896,15.630999565124512,64.32510375976562,48.60654166666666,-28.493527777777775,9.1,1.1928274355478135,1.7176922599037925
SB78481_component_875a,51.548367,-30.923112,15.069000244140625,76.10606384277344,51.54841666666666,-30.92341666666666,12.1,0.8648311630145507,1.2453719210033576
SB78481_component_877a,52.102289,-28.672825,15.355999946594238,23.196374893188477,52.10241666666666,-28.672611111111106,11.9,0.8961142868442312,1.2904201635793477
SB78481_component_889a,52.775181,-29.452915,16.507999420166016,63.9844970703125,52.77529166666666,-29.453416666666662,13.5,0.8491666653690304,1.2228147718641493
SB78481_component_891a,53.2086,-34.134438,14.413999557495117,28.885770797729492,53.208499999999994,-34.13477777777777,9.8,1.0213878551069595,1.4708162813770527
SB78481_component_892a,47.479966,-28.451163,15.027000427246094,57.79615783691406,47.48,-28.452499999999997,9.6,1.0870094672238106,1.5653125445048015
SB78481_component_893a,46.204176,-33.425549,14.772000312805176,52.757144927978516,46.204583333333325,-33.42536111111111,6.2,1.6545499374223416,2.382580695613738
SB78481_component_899a,51.50025,-32.947553,16.10099983215332,66.5330581665039,51.50124999999999,-32.94730555555555,10.2,1.0961877249472582,1.5785293953091493
SB78481_component_900a,50.556682,-32.324371,15.300999641418457,90.53845977783203,50.55683333333333,-32.323472222222215,9.7,1.0954191565497187,1.5774226434452019
SB78481_component_903a,46.740739,-30.338379,15.005000114440918,71.45238494873047,46.741125,-30.33797222222222,8.1,1.2864213672752818,1.8524691499309776
SB78481_component_906a,48.089726,-34.628511,14.982999801635742,55.906715393066406,48.08979166666666,-34.628611111111105,12.0,0.867061272042582,1.2485833168029785
SB78481_component_907a,50.234732,-33.844484,14.552000045776367,75.01030731201172,50.23491666666666,-33.84491666666666,7.0,1.4436333563754316,2.0788571493966237
SB78481_component_911a,46.934979,-33.313425,15.404999732971191,72.66509246826172,46.935249999999996,-33.313138888888886,11.5,0.9302423679792824,1.339565194171408
SB78481_component_912a,53.211771,-30.394999,15.083999633789062,50.787879943847656,53.21204166666666,-30.39497222222222,10.1,1.0371161573704077,1.4934653102761448
SB78481_component_916a,44.663054,-31.150137,15.140000343322754,15.820271492004395,44.662458333333326,-31.15047222222222,12.9,0.8150203179232758,1.17364343746688
SB78481_component_918a,48.335259,-29.362351,15.638999938964844,73.76886749267578,48.33545833333333,-29.362499999999997,10.0,1.0860285411528072,1.5638999938964844
SB78481_component_919a,49.766329,-28.347685,14.899999618530273,48.37662124633789,49.76670833333333,-28.34886111111111,8.9,1.1625951623421626,1.6741572605090194
SB78481_component_923a,49.825988,-29.158819,14.071000099182129,70.00497436523438,49.82599999999999,-29.158805555555553,9.1,1.073781295557649,1.5462637471628713
SB78481_component_926a,46.820569,-30.305605,14.211000442504883,71.41206359863281,46.82070833333333,-30.30769444444444,9.5,1.0388032711156534,1.4958947834215666
SB78481_component_928a,44.594944,-33.45149,15.295999526977539,11.561602592468262,44.594333333333324,-33.452,12.0,0.8851744632323869,1.2746666272481282
SB78481_component_929a,46.345212,-28.12717,14.458000183105469,35.177616119384766,46.345499999999994,-28.127027777777773,9.6,1.0458496459256044,1.506041685740153
SB78481_component_930a,50.597067,-28.639998,14.444000244140625,56.202335357666016,50.59741666666666,-28.63944444444444,9.2,1.0902646237510842,1.5700000265370246
SB78481_component_934a,51.508434,-34.770471,15.062000274658203,38.42346954345703,51.50945833333333,-34.77027777777777,9.6,1.089541254300849,1.568958361943563
SB78481_component_935a,51.221716,-30.979917,15.61299991607666,74.34761810302734,51.22254166666666,-30.980027777777774,10.3,1.0526436949728837,1.5158252345705494
SB78481_component_936a,47.081938,-28.772316,13.807000160217285,56.818931579589844,47.08212499999999,-28.772916666666664,9.8,0.9783753789400348,1.4088775673691105
SB78481_component_940a,45.372554,-33.880846,13.22599983215332,26.827585220336914,45.37304166666666,-33.88094444444444,6.6,1.3916077482148514,2.003939368508079
SB78481_component_942a,46.364246,-32.518417,13.680999755859375,59.74235534667969,46.36433333333333,-32.51852777777778,7.8,1.2180230115338546,1.753974327674279
SB78481_component_947a,50.449279,-31.803249,14.347000122070312,79.70555114746094,50.44833333333332,-31.804138888888886,8.4,1.1860802567224298,1.7079762050083704
SB78481_component_953a,48.403372,-33.020458,14.100000381469727,80.5714340209961,48.40416666666666,-33.01927777777777,15.3,0.6399704987700207,0.9215686523836422
SB78481_component_954a,47.823824,-31.494783,14.633999824523926,67.1284408569336,47.82370833333333,-31.495277777777773,6.7,1.5167727011102536,2.184179078287153
SB78481_component_957a,53.278537,-30.642391,15.319000244140625,53.750877380371094,53.27858333333332,-30.64222222222222,10.8,0.985006119079861,1.4184259485315394
SB78481_component_959a,51.391908,-31.485947,13.79800033569336,73.78609466552734,51.39154166666666,-31.48580555555555,11.1,0.8632278298180309,1.243063093305708
SB78481_component_960a,48.993211,-33.475227,13.89799976348877,80.80232238769531,48.993624999999994,-33.47533333333333,8.8,1.0967354680744568,1.5793181549419055
SB78481_component_962a,47.247326,-31.25527,13.375,78.21636962890625,47.24733333333333,-31.255111111111106,12.4,0.7490388892640581,1.0786290322580645
SB78481_component_963a,51.450233,-28.035435,15.090999603271484,44.385292053222656,51.45020833333333,-28.03583333333333,11.8,0.888113069544833,1.278898271463685
SB78481_component_966a,53.176749,-31.095052,14.140999794006348,53.161651611328125,53.176874999999995,-31.095027777777773,11.2,0.8767875090583699,1.2625892673219954
SB78481_component_967a,53.967666,-30.966572,15.012999534606934,19.964096069335938,53.96683333333333,-30.965861111111106,9.6,1.0859966834069714,1.5638541181882224
SB78481_component_968a,50.449533,-30.967797,13.430999755859375,71.44149017333984,50.44987499999999,-30.968027777777774,10.8,0.8636083774423732,1.2436110885054976
SB78481_component_972a,49.308758,-34.251167,13.755999565124512,72.02094268798828,49.30899999999999,-34.25111111111111,10.0,0.9552662061586832,1.3755999565124513
SB78481_component_973a,47.000062,-27.224566,14.20199966430664,13.499999046325684,47.00004166666666,-27.22397222222222,9.0,1.0958200678556311,1.577999962700738
SB78481_component_977a,49.554006,-27.576682,14.416999816894531,24.394245147705078,49.55441666666666,-27.577138888888886,9.8,1.0216004559538312,1.4711224302953603
SB78481_component_978a,50.396279,-29.487455,13.097000122070312,38.29532241821289,50.39666666666666,-29.486777777777775,9.1,0.9994537459929924,1.4392307826450894
SB78481_component_979a,49.106941,-27.580783,13.107000350952148,21.522167205810547,49.106874999999995,-27.579999999999995,12.2,0.7460634104937284,1.0743442910616516
SB78481_component_981a,52.36434,-32.708086,14.689000129699707,60.95021057128906,52.36387499999999,-32.708611111111104,8.1,1.2593297891793556,1.8134568061357663
SB78481_component_982a,52.015673,-33.624876,14.017999649047852,50.06428527832031,52.015874999999994,-33.624138888888886,6.8,1.4315594656036483,2.061470536624684
SB78481_component_984a,52.965785,-33.214247,12.833000183105469,40.22883987426758,52.96479166666666,-33.21536111111111,6.2,1.4373706471893497,2.0698387392105593
SB78481_component_985a,46.14888,-31.758311,13.168000221252441,66.17085266113281,46.149541666666664,-31.758166666666664,12.8,0.7144011029117519,1.028750017285347
SB78481_component_989a,49.318391,-29.497625,13.170000076293945,68.952880859375,49.31854166666666,-29.497305555555553,11.6,0.7884243869581646,1.1353448341632713
SB78481_component_991a,53.09369,-34.050873,14.182999610900879,33.609004974365234,53.09254166666666,-34.05016666666666,6.4,1.538935357590816,2.2160936892032623
SB78481_component_992a,51.665728,-30.076178,12.506999969482422,52.99576187133789,51.66679166666666,-30.07569444444444,7.2,1.2062932931263486,1.7370833290947807
SB78481_component_993a,53.472135,-28.085299,12.197999954223633,14.731884002685547,53.47212499999999,-28.08536111111111,14.3,0.5923588083301133,0.8530069898058484
SB78481_component_998a,48.042416,-29.922797,12.9350004196167,67.72251892089844,48.04220833333333,-29.922777777777775,9.8,0.9165847606488937,1.319898002001704
SB78481_component_999a,48.85575,-33.126103,14.60200023651123,79.79235076904297,48.85558333333333,-33.125638888888886,8.4,1.2071613606902944,1.738333361489432
SB78481_component_1001a,48.292019,-33.285847,14.170000076293945,70.8499984741211,48.29158333333333,-33.28574999999999,8.0,1.2300198678825567,1.7712500095367432
SB78481_component_1003a,50.569959,-33.794772,13.220000267028809,66.7676773071289,50.56954166666666,-33.79433333333333,10.1,0.908954933057937,1.3089109175276048
SB78481_component_1004a,47.081193,-32.681818,12.609000205993652,63.04500198364258,47.08145833333333,-32.68191666666666,10.6,0.826051353990085,1.189528321320156
SB78481_component_1005a,51.622145,-33.84784,13.130999565124512,57.09130096435547,51.62304166666666,-33.84738888888889,10.4,0.8767922622712251,1.262596112031203
SB78481_component_1009a,45.402601,-33.207891,13.331000328063965,31.81623077392578,45.40237499999999,-33.208416666666665,17.2,0.538228329552474,0.7750581586083701
SB78481_component_1011a,51.085377,-32.473276,12.592000007629395,61.72549057006836,51.086749999999995,-32.47288888888888,8.8,0.9936748638204239,1.4309090917760674
SB78481_component_1013a,47.356844,-27.909142,14.060999870300293,32.929744720458984,47.35654166666666,-27.909722222222218,10.3,0.9480063369016842,1.3651456184757564
SB78481_component_1014a,48.521685,-28.70535,12.954000473022461,57.31858825683594,48.52199999999999,-28.705999999999996,11.7,0.7688653826050098,1.1071795276087575
SB78481_component_1015a,45.666141,-30.40537,12.725000381469727,42.41666793823242,45.665458333333326,-30.40472222222222,8.4,1.051987982911419,1.514880997794015
SB78481_component_1018a,52.335671,-35.121201,12.163999557495117,13.352359771728516,52.33520833333333,-35.12091666666666,6.5,1.2995569011954278,1.871384547306941
SB78481_component_1022a,50.134513,-28.403396,13.074000358581543,52.29600143432617,50.13374999999999,-28.40347222222222,10.2,0.8901036493655103,1.2817647410374062
SB78481_component_1025a,52.901413,-29.669865,12.75,50.79681396484375,52.90116666666666,-29.669749999999997,12.0,0.7378383077423526,1.0625
SB78481_component_1026a,44.981157,-30.122708,13.085000038146973,17.924657821655273,44.98095833333333,-30.122861111111106,7.7,1.1800903633252842,1.6993506543048016
SB78481_component_1031a,49.541722,-34.852664,13.378000259399414,43.43506622314453,49.54183333333333,-34.85386111111111,11.1,0.8369518662318617,1.2052252485945418
SB78481_component_1035a,46.918388,-33.146231,11.798999786376953,56.72595977783203,46.91824999999999,-33.145999999999994,8.4,0.9754346258187956,1.404642831711542
SB78481_component_1040a,48.557795,-31.988088,12.51200008392334,74.92215728759766,48.558125,-31.98844444444444,10.1,0.8602756406191424,1.2388118894973603
SB78481_component_1041a,45.04252,-34.241053,11.130999565124512,10.621183395385742,45.04254166666666,-34.24052777777777,13.5,0.5725753643651299,0.8245184863055194
SB78481_component_1045a,47.606151,-31.647868,11.979999542236328,64.06416320800781,47.60495833333333,-31.647916666666664,7.8,1.0665825145095398,1.5358973772097857
SB78481_component_1048a,51.466303,-33.857516,13.642999649047852,60.906246185302734,51.466583333333325,-33.85677777777777,8.3,1.141468776593392,1.6437348974756447
SB78481_component_1050a,45.690779,-32.244807,13.550999641418457,50.18888473510742,45.69029166666666,-32.24375,8.9,1.0573373846547438,1.5225842293728602
SB78481_component_1052a,52.785436,-31.929886,12.371999740600586,62.80202865600586,52.78533333333333,-31.93005555555555,12.1,0.7100465028288623,1.022479317405007
SB78481_component_1053a,47.485038,-34.316664,12.982000350952148,45.87279510498047,47.48533333333333,-34.31697222222222,8.8,1.0244510342307123,1.4752273126081985
SB78481_component_1054a,46.913785,-30.579618,12.404999732971191,53.701297760009766,46.91408333333333,-30.579694444444442,8.4,1.0255332224672045,1.4767856824965704
SB78481_component_1055a,52.308643,-32.11428,12.538000106811523,64.62886810302734,52.307958333333325,-32.11530555555555,11.4,0.7637578354000619,1.0998245707729406
SB78481_component_1056a,46.907669,-29.087224,12.883000373840332,58.29412078857422,46.90745833333333,-29.087499999999995,8.4,1.0650499937790976,1.5336905206952776
SB78481_component_1057a,50.70176,-30.048025,12.720000267028809,56.78571319580078,50.70216666666666,-30.04719444444444,5.5,1.606041235765871,2.3127273212779653
SB78481_component_1063a,49.996809,-28.498836,12.053000450134277,48.79757308959961,49.99691666666666,-28.498777777777775,6.1,1.3721373894456916,1.9759017131367669
SB78481_component_1064a,50.174724,-28.888668,11.692000389099121,50.61471939086914,50.17583333333333,-28.889194444444442,5.8,1.3998873478646368,2.0158621360515725
SB78481_component_1068a,47.661921,-33.40997,12.189000129699707,60.94499969482422,47.66183333333333,-33.40983333333333,7.3,1.1595179666422497,1.6697260451643434
SB78481_component_1071a,51.219662,-33.70801,11.98799991607666,55.75813674926758,51.221124999999994,-33.708972222222215,6.0,1.3874832268695636,1.9979999860127766
SB78481_component_1073a,48.36522,-31.959317,12.218000411987305,74.9570541381836,48.36466666666666,-31.95961111111111,7.4,1.146570270012856,1.651081136755041
SB78481_component_1080a,45.926631,-32.443962,12.430999755859375,49.7239990234375,45.92729166666666,-32.44402777777778,8.4,1.0276826692895102,1.4798809233165922
SB78481_component_1083a,46.275921,-28.188417,12.227999687194824,31.193878173828125,46.275458333333326,-28.188666666666663,9.0,0.9435070950351735,1.358666631910536
SB78481_component_1084a,50.957142,-35.183196,13.583000183105469,22.086179733276367,50.95641666666666,-35.18447222222222,8.1,1.1645092658436142,1.676913602852527
SB78481_component_1085a,50.708425,-35.433827,11.79699993133545,12.850762367248535,50.70924999999999,-35.435222222222215,9.1,0.900248580816879,1.2963736188280715
SB78481_component_1087a,45.84552,-29.062039,11.493000030517578,37.43648147583008,45.84454166666666,-29.062222222222218,7.3,1.0933087114778273,1.5743835658243257
SB78481_component_1089a,48.304518,-31.627676,12.001999855041504,64.87567138671875,48.303374999999996,-31.628388888888885,6.6,1.262821427817153,1.8184848265214402
SB78481_component_1091a,49.199379,-29.242587,11.777999877929688,63.66486358642578,49.20054166666666,-29.241527777777772,7.3,1.1204202415498825,1.613424640812286
SB78481_component_1093a,45.269886,-33.891401,11.23900032043457,18.889074325561523,45.26962499999999,-33.89286111111111,7.2,1.083995421849046,1.5609722667270236
SB78481_component_1096a,47.535452,-33.936981,11.824999809265137,52.09251022338867,47.53541666666666,-33.936833333333325,6.9,1.1901023493022103,1.7137680882992952
SB78481_component_1099a,47.981463,-30.78975,12.47599983215332,69.69831848144531,47.982791666666664,-30.78919444444444,7.7,1.1251667659037288,1.6202597184614702
SB78481_component_1101a,51.929742,-34.504518,11.656999588012695,35.757667541503906,51.92920833333333,-34.50422222222222,9.9,0.817680888829242,1.1774747058598682
SB78481_component_1103a,53.606051,-33.162846,11.993000030517578,20.361629486083984,53.60620833333333,-33.162638888888885,6.6,1.2618744880243955,1.8171212167450876
SB78481_component_1107a,44.989925,-29.339052,12.446999549865723,13.891739845275879,44.98987499999999,-29.339527777777775,17.7,0.48834153987864404,0.7032203135517358
SB78481_component_1108a,53.55716,-28.59635,12.881999969482422,19.8489990234375,53.55749999999999,-28.59661111111111,15.0,0.5963816820592909,0.8587999979654948
SB78481_component_1110a,52.30465,-30.187774,11.772000312805176,60.68041229248047,52.303749999999994,-30.186472222222218,5.1,1.6029218527414288,2.308235355451995
SB78481_component_1111a,50.176303,-32.58036,11.57699966430664,67.30813598632812,50.17674999999999,-32.58130555555555,8.0,1.0049357460053876,1.44712495803833
SB78481_component_1114a,48.294876,-28.560723,12.109999656677246,52.19827651977539,48.29516666666666,-28.56097222222222,12.2,0.6893131458779719,0.9926229226784629
SB78481_component_1117a,45.529521,-33.244425,11.175000190734863,29.563493728637695,45.528458333333326,-33.24458333333333,6.4,1.2125504749635705,1.7460937798023224
SB78481_component_1119a,46.490071,-28.719731,11.371999740600586,43.57088088989258,46.490333333333325,-28.71933333333333,6.4,1.2339260359192954,1.7768749594688416
SB78481_component_1122a,47.593178,-27.822262,11.975000381469727,24.947917938232422,47.592833333333324,-27.823499999999996,9.0,0.9239857795218458,1.3305555979410808
SB78481_component_1124a,48.90951,-30.524086,11.486000061035156,62.08648681640625,48.91004166666666,-30.524805555555552,5.7,1.399349572386004,2.015087730006168
SB78481_component_1131a,50.886079,-31.531568,11.604000091552734,67.4651107788086,50.886374999999994,-31.531499999999998,5.5,1.465133825128278,2.1098181984641333
SB78481_component_1134a,47.094837,-28.31127,11.5649995803833,39.879310607910156,47.095375,-28.311499999999995,8.2,0.9794088630623854,1.4103658024857686
SB78481_component_1139a,51.366568,-31.980426,12.086000442504883,67.89888000488281,51.367999999999995,-31.979749999999996,8.2,1.0235310317212198,1.4739024929884004
SB78481_component_1140a,49.774128,-31.281674,11.854000091552734,63.05319595336914,49.77454166666666,-31.28194444444444,6.9,1.1930210219988353,1.7179710277612659
SB78481_component_1142a,44.954544,-32.214748,11.279000282287598,19.313356399536133,44.954541666666664,-32.21513888888889,6.4,1.2238350707806762,1.7623437941074371
SB78481_component_1144a,51.897542,-35.071735,10.949000358581543,16.24480628967285,51.89849999999999,-35.06972222222222,7.5,1.0137840810724665,1.459866714477539
SB78481_component_1145a,48.138652,-30.339791,12.07699966430664,63.23036575317383,48.13862499999999,-30.339361111111106,5.5,1.5248552718574497,2.1958181207830254
SB78481_component_1146a,50.874157,-32.501091,12.211999893188477,67.0988998413086,50.874874999999996,-32.50047222222222,8.2,1.0342015879873718,1.4892682796571315
SB78481_component_1149a,49.003789,-31.469009,12.090999603271484,65.35675048828125,49.00345833333333,-31.468499999999995,13.3,0.6313102298941203,0.9090977145316905
SB78481_component_1150a,49.33556,-30.906411,11.49899959564209,64.24021911621094,49.33658333333333,-30.906555555555553,5.5,1.45187634693109,2.090727199207653
SB78481_component_1152a,52.927889,-29.274539,10.86400032043457,41.945945739746094,52.928374999999996,-29.274166666666662,9.4,0.8025907996737741,1.1557447149398479
SB78481_component_1154a,49.921206,-33.745782,11.442000389099121,67.3058853149414,49.92041666666666,-33.74594444444444,6.6,1.2038996369740087,1.733636422590776
SB78481_component_1158a,46.580376,-33.007603,11.82800006866455,51.42608642578125,46.57999999999999,-33.008222222222216,9.5,0.8646094419457468,1.2450526388067948
SB78481_component_1160a,48.808427,-29.615893,11.913999557495117,60.171714782714844,48.80833333333333,-29.615666666666662,13.3,0.6220684845251011,0.8957894404131667
SB78481_component_1161a,51.538206,-35.190858,12.22700023651123,15.695764541625977,51.539624999999994,-35.18986111111111,8.7,0.9759620460606131,1.4054023260357738
SB78481_component_1163a,48.00956,-33.361906,12.392000198364258,60.15534210205078,48.00975,-33.36116666666666,10.7,0.8042478245984811,1.1581308596602111
SB78481_component_1166a,49.222926,-32.989282,11.345000267028809,63.73595428466797,49.22291666666666,-32.98983333333333,6.0,1.3130628703311489,1.8908333778381348
SB78481_component_1167a,51.13915,-29.466044,11.567999839782715,43.818180084228516,51.138458333333325,-29.465027777777774,6.6,1.2171569947592278,1.7527272484519265
SB78481_component_1174a,49.584981,-33.641716,10.99899959564209,61.446922302246094,49.58537499999999,-33.642333333333326,7.9,0.9668483393605217,1.3922784298281126
SB78481_component_1175a,53.35233,-33.278052,10.788000106811523,24.134227752685547,53.35291666666666,-33.27783333333333,5.8,1.2916510738716647,1.8600000184157799
SB78481_component_1179a,52.275899,-33.760457,10.968999862670898,41.3924560546875,52.27654166666666,-33.76019444444444,13.8,0.5519760133878392,0.7948550625123839
SB78481_component_1181a,49.934345,-33.922472,11.307999610900879,65.3641586303711,49.93449999999999,-33.922861111111104,6.7,1.172042183930927,1.687761135955355
SB78481_component_1184a,46.037146,-29.835669,11.220000267028809,44.70119857788086,46.03620833333333,-29.836249999999996,5.5,1.4166495845806684,2.0400000485506924
SB78481_component_1186a,51.285591,-31.372517,10.902000427246094,62.65517807006836,51.28520833333333,-31.37308333333333,6.6,1.1470821456321803,1.6518182465524385
SB78481_component_1188a,48.035654,-27.42898,11.970000267028809,14.14893627166748,48.03529166666666,-27.428777777777775,7.6,1.0937368099938136,1.5750000351353697
SB78481_component_1195a,51.07485,-31.718622,11.1850004196167,61.79558563232422,51.07512499999999,-31.718888888888884,8.2,0.9472277511285497,1.3640244414166707
SB78481_component_1197a,48.9679,-27.557919,11.234000205993652,18.63018226623535,48.966499999999996,-27.55769444444444,5.9,1.322253352130424,1.9040678315243478
SB78481_component_1198a,48.332162,-28.023339,10.878000259399414,32.86404800415039,48.33145833333333,-28.02433333333333,6.7,1.1274739670610903,1.6235821282685692
SB78481_component_1199a,51.884093,-28.440343,11.244999885559082,41.04014587402344,51.88466666666666,-28.440138888888885,7.4,1.0552612637359442,1.5195945791296057
SB78481_component_1203a,51.832465,-28.04352,11.692999839782715,33.21875,51.83229166666666,-28.04408333333333,7.7,1.0545507366498859,1.518571407763989
SB78481_component_1205a,53.377233,-28.907795,10.29800033569336,23.298643112182617,53.37720833333333,-28.907527777777773,10.1,0.7080497743336673,1.019603993633006
SB78481_component_1207a,51.316638,-32.164502,10.368000030517578,53.44329833984375,51.31775,-32.16547222222222,7.6,0.9473569779801548,1.3642105303312604
SB78481_component_1208a,46.828126,-33.966019,10.973999977111816,47.9213981628418,46.82916666666666,-33.96580555555555,10.5,0.7257848804281725,1.0451428549630302
SB78481_component_1209a,47.699571,-31.746394,11.656999588012695,64.40331268310547,47.699458333333325,-31.74630555555555,7.3,1.108909698549246,1.596849258631876
SB78481_component_1211a,50.871883,-33.688366,10.758999824523926,54.338382720947266,50.87091666666666,-33.68894444444444,6.2,1.2050705462659586,1.7353225523425686
SB78481_component_1214a,53.364465,-34.847046,12.170000076293945,10.33984661102295,53.36337499999999,-34.84636111111111,6.1,1.3854568580932731,1.995081979720319
SB78481_component_1217a,46.444964,-34.537989,10.831000328063965,26.809406280517578,46.44454166666666,-34.538666666666664,4.9,1.534987169885346,2.2104082302171357
SB78481_component_1222a,53.079017,-33.187671,11.300999641418457,31.92372703552246,53.07945833333333,-33.185805555555554,8.6,0.9125373954824764,1.3140697257463323
SB78481_component_1224a,46.068075,-28.538212,11.545000076293945,33.3670539855957,46.06779166666666,-28.53908333333333,7.9,1.014843582329478,1.4613924147207524
SB78481_component_1226a,49.449425,-34.709829,11.50100040435791,43.40000534057617,49.44870833333333,-34.70969444444444,8.1,0.9860134989914949,1.4198765931306063
SB78481_component_1228a,46.959622,-28.647879,11.310999870300293,45.42570114135742,46.959708333333325,-28.648499999999995,7.7,1.0200994961865653,1.4689610221169211
SB78481_component_1229a,50.82771,-27.636515,9.913999557495117,17.12262535095215,50.82874999999999,-27.63494444444444,5.2,1.323968987594684,1.9065383764413686
SB78481_component_1231a,51.15313,-28.518763,11.010000228881836,49.59459686279297,51.15449999999999,-28.518055555555552,5.3,1.442592663639705,2.0773585337512896
SB78481_component_1232a,45.812399,-32.095421,10.142000198364258,42.793251037597656,45.81162499999999,-32.09524999999999,4.7,1.4985043831757072,2.157872382630693
SB78481_component_1233a,46.90703,-32.479681,10.52299976348877,51.837440490722656,46.90695833333333,-32.48002777777777,7.0,1.0439357765197619,1.5032856804983956
SB78481_component_1234a,48.540881,-31.423836,11.152000427246094,61.9555549621582,48.54124999999999,-31.424861111111106,7.9,0.9802976170580789,1.4116456237020372
SB78481_component_1235a,52.946333,-34.561977,11.442000389099121,19.558975219726562,52.94633333333333,-34.56197222222222,6.7,1.185930985675889,1.7077612521043464
SB78481_component_1237a,46.60045,-29.64624,11.291000366210938,51.322731018066406,46.60012499999999,-29.646749999999997,5.4,1.4520143970236796,2.090925993742766
SB78481_component_1241a,54.038701,-30.899343,9.982000350952148,12.571788787841797,54.03912499999999,-30.899861111111107,11.3,0.6134390210790299,0.8833628629161193
SB78481_component_1242a,47.749139,-32.804584,10.522000312805176,57.184783935546875,47.74929166666666,-32.80522222222222,7.1,1.0291347015562122,1.4819718750429827
SB78481_component_1244a,50.663749,-30.913141,10.861000061035156,58.39247131347656,50.663374999999995,-30.912861111111106,6.7,1.1257119445722588,1.6210447852291276
SB78481_component_1245a,46.16497,-33.455104,10.51099967956543,34.01618194580078,46.16404166666666,-33.45572222222222,6.4,1.1405026788604362,1.6423436999320984
SB78481_component_1246a,45.859581,-33.914655,11.031000137329102,32.73293685913086,45.86066666666666,-33.91330555555555,4.9,1.5633314716028932,2.2512245178222656
SB78481_component_1247a,52.549349,-33.729281,10.243000030517578,36.32269287109375,52.551083333333324,-33.729055555555554,7.0,1.0161583608365654,1.4632857186453683
SB78481_component_1250a,47.446933,-28.663251,10.656999588012695,45.348934173583984,47.44725,-28.663027777777774,7.3,1.0137814719265414,1.459862957262013
SB78481_component_1251a,47.030966,-34.133065,9.843000411987305,37.14339828491211,47.031749999999995,-34.13308333333333,7.5,0.9113779158698657,1.3124000549316406
SB78481_component_1252a,51.966402,-27.882196,10.987000465393066,28.02806282043457,51.967208333333325,-27.88244444444444,8.0,0.9537211565353012,1.3733750581741333
SB78481_component_1254a,50.439273,-31.061038,10.295999526977539,49.73912811279297,50.439208333333326,-31.06144444444444,7.9,0.9050523148177119,1.3032910793642454
SB78481_component_1257a,48.985682,-31.869405,10.633999824523926,60.07909393310547,48.98541666666666,-31.870888888888885,8.1,0.9116830716118179,1.3128394845091267
SB78481_component_1258a,49.217653,-29.924385,10.100000381469727,50.5,49.217375,-29.92394444444444,7.1,0.9878597765913159,1.4225352649957361
SB78481_component_1264a,47.975936,-27.392299,11.366999626159668,12.574114799499512,47.97583333333333,-27.392194444444442,9.6,0.8222556635562357,1.1840624610582988
SB78481_component_1267a,46.725073,-33.66167,10.642000198364258,45.09321975708008,46.72479166666666,-33.66302777777777,5.8,1.274170453120465,1.8348276204076308
SB78481_component_1272a,52.78585,-29.90678,9.616000175476074,42.548675537109375,52.78549999999999,-29.907472222222218,7.9,0.8452781291703269,1.217215212085579
SB78481_component_1274a,51.369886,-35.21132,9.71399974822998,13.02144718170166,51.36999999999999,-35.212222222222216,3.2,2.108047392836367,3.035624921321869
SB78481_component_1276a,50.130562,-32.139619,10.612000465393066,66.32500457763672,50.129458333333325,-32.13936111111111,6.0,1.228225955317126,1.7686667442321777
SB78481_component_1280a,47.819228,-32.106056,10.348999977111816,58.14044952392578,47.819083333333325,-32.106361111111106,7.5,0.9582291614039627,1.3798666636149088
SB78481_component_1282a,48.898814,-28.190333,10.713000297546387,37.98936080932617,48.89891666666666,-28.189999999999998,4.2,1.7713080135316404,2.550714356558663
SB78481_component_1290a,50.480127,-29.490027,9.164999961853027,28.73040771484375,50.47979166666666,-29.49097222222222,5.4,1.178612298442242,1.697222215157968
SB78481_component_1293a,52.839557,-32.36039,9.890999794006348,46.43661880493164,52.838583333333325,-32.36152777777777,7.7,0.8920346585044585,1.2845454277930322
SB78481_component_1294a,50.529316,-33.388867,9.91100025177002,53.864131927490234,50.53070833333333,-33.38794444444444,8.1,0.8496982604270178,1.2235802779962988
SB78481_component_1310a,53.05468,-29.176775,9.906999588012695,34.39930725097656,53.05483333333333,-29.17683333333333,9.0,0.764419744922716,1.1007777320014105
SB78481_component_1311a,48.896303,-29.446153,9.758000373840332,46.466670989990234,48.89670833333333,-29.445416666666663,8.2,0.8263789363309721,1.1900000455902846
SB78481_component_1312a,52.478654,-30.108384,9.569000244140625,41.42424392700195,52.47758333333333,-30.108499999999996,6.3,1.05477123390071,1.518888927641369
SB78481_component_1313a,51.821129,-31.920391,9.369999885559082,50.3763427734375,51.821208333333324,-31.920499999999997,8.3,0.7839597288852672,1.1289156488625398
SB78481_component_1314a,49.678295,-34.496073,10.734000205993652,48.35135269165039,49.678458333333325,-34.49638888888889,7.2,1.0352884375550877,1.4908333619435628
SB78481_component_1315a,51.144739,-29.346973,9.71399974822998,39.4878044128418,51.14549999999999,-29.345916666666664,4.6,1.4664677515383424,2.11173907570217
SB78481_component_1320a,46.140622,-34.301227,9.256999969482422,25.642658233642578,46.14091666666666,-34.30241666666666,5.9,1.0895583955739052,1.5689830456749867
SB78481_component_1322a,48.679875,-30.029922,9.262999534606934,49.53475570678711,48.67970833333333,-30.031277777777774,7.1,0.9059944856646336,1.3046478217756245
SB78481_component_1328a,47.527082,-31.500885,9.175000190734863,50.97222137451172,47.52674999999999,-31.501861111111108,10.5,0.606804850578606,0.8738095419747489
SB78481_component_1330a,50.463309,-31.107338,9.220000267028809,49.04255676269531,50.462666666666664,-31.106222222222218,5.5,1.164127383000398,1.6763636849143289
SB78481_component_1333a,50.413238,-29.524049,9.039999961853027,22.320987701416016,50.41029166666666,-29.524694444444442,3.2,1.9617818452484028,2.824999988079071
SB78481_component_1334a,49.005078,-33.707972,9.57800006866455,56.674556732177734,49.00541666666666,-33.70741666666666,6.6,1.0077740266979807,1.451212131615841
SB78481_component_1336a,52.804671,-32.315831,9.45300006866455,43.76388931274414,52.80483333333333,-32.31802777777777,8.3,0.7909041047486088,1.1389156709234398
SB78481_component_1342a,47.952418,-32.939462,9.822999954223633,55.49717330932617,47.954333333333324,-32.93888888888888,4.9,1.392131700010098,2.0046938682089044
SB78481_component_1345a,47.256608,-30.083314,9.60099983215332,47.76616668701172,47.254458333333325,-30.083749999999995,4.4,1.515291009366977,2.182045416398482
SB78481_component_1346a,46.218061,-30.346171,9.197999954223633,42.3870964050293,46.217208333333325,-30.345527777777775,10.4,0.6141752688541721,0.8844230725215031
SB78481_component_1347a,50.275196,-28.881966,10.487000465393066,42.63008117675781,50.27529166666666,-28.88144444444444,5.7,1.277640565808691,1.8398246430514151
SB78481_component_1348a,50.737431,-33.608704,10.411999702453613,54.229164123535156,50.73920833333332,-33.60661111111111,6.0,1.2050779985368238,1.7353332837422688
SB78481_component_1349a,50.272624,-30.212128,9.206999778747559,44.912193298339844,50.27199999999999,-30.211666666666662,6.8,0.9402459703993513,1.3539705556981705
SB78481_component_1350a,50.811898,-31.306063,9.60200023651123,54.556819915771484,50.81266666666666,-31.305999999999997,6.6,1.0102992663742054,1.4548485206835198
SB78481_component_1351a,47.362107,-33.725288,9.473999977111816,38.5121955871582,47.3625,-33.72527777777778,7.5,0.8772116217302927,1.2631999969482421
SB78481_component_1353a,52.731624,-28.814654,9.432000160217285,36.84375,52.732124999999996,-28.81544444444444,8.5,0.7705789383352604,1.1096470776726217
SB78481_component_1354a,50.46432,-34.839235,9.930999755859375,30.370031356811523,50.463833333333326,-34.840555555555554,7.0,0.985206326595361,1.4187142508370536
SB78481_component_1355a,46.247828,-33.121549,9.503999710083008,34.9411735534668,46.24829166666666,-33.12091666666666,5.6,1.1785571534237742,1.6971428053719657
SB78481_component_1359a,53.359378,-33.109239,9.734999656677246,24.70812225341797,53.35858333333333,-33.10825,6.7,1.0090051866627037,1.4529850233846635
SB78481_component_1364a,53.477536,-33.510088,9.656999588012695,18.499998092651367,53.47741666666666,-33.51022222222222,5.3,1.2653148473052844,1.8220753939646595
SB78481_component_1365a,51.999582,-27.932037,9.717000007629395,26.621917724609375,51.99983333333333,-27.93155555555555,7.4,0.9118696142399618,1.3131081091391072
SB78481_component_1366a,53.08267,-34.661571,9.281999588012695,12.343085289001465,53.08404166666666,-34.661222222222214,6.2,1.0396379306997345,1.4970967077439832
SB78481_component_1369a,48.262997,-29.707963,9.871000289916992,40.9585075378418,48.263458333333325,-29.708166666666664,5.7,1.202592718206254,1.7317544368275424
SB78481_component_1373a,52.591336,-33.484222,8.256999969482422,29.489286422729492,52.59216666666666,-33.485527777777776,3.6,1.5927662443167496,2.293611102634006
SB78481_component_1374a,54.220458,-32.988561,8.99899959564209,15.650434494018555,54.220749999999995,-32.98958333333333,9.5,0.6578136602375405,0.9472631153307463
SB78481_component_1375a,44.883232,-30.655155,9.902999877929688,13.908707618713379,44.883708333333324,-30.655749999999998,6.0,1.146166693569312,1.650499979654948
SB78481_component_1378a,49.448265,-28.454246,8.795000076293945,32.45387649536133,49.44779166666666,-28.45372222222222,7.8,0.7830211731989848,1.1275641123453777
SB78481_component_1383a,47.999693,-31.004289,8.942999839782715,48.6032600402832,47.99887499999999,-31.005833333333328,4.9,1.2674166372965971,1.8251020081189213
SB78481_component_1388a,49.34057,-34.053135,9.670000076293945,53.72222137451172,49.340374999999995,-34.05105555555555,4.9,1.3704483058172667,1.9734694033252949
SB78481_component_1392a,47.073204,-30.91438,10.088000297546387,49.45098114013672,47.073499999999996,-30.914416666666664,6.8,1.030216341598059,1.4835294555215275
SB78481_component_1395a,47.22231,-33.86408,8.902999877929688,40.28506851196289,47.22220833333333,-33.864555555555555,5.5,1.1241025649218417,1.6187272505326704
SB78481_component_1396a,53.327071,-30.701071,8.569000244140625,26.61180305480957,53.32641666666666,-30.700944444444442,5.6,1.0626111998622731,1.5301786150251118
SB78481_component_1401a,46.250723,-32.942022,8.496000289916992,34.96296310424805,46.25179166666666,-32.94116666666666,4.0,1.4749822297625623,2.124000072479248
SB78481_component_1402a,53.248986,-30.272684,9.803999900817871,29.799392700195312,53.24929166666666,-30.272388888888884,7.0,0.9726072868471463,1.400571414402553
SB78481_component_1404a,48.650915,-32.686463,9.064000129699707,58.102561950683594,48.65141666666666,-32.685805555555554,6.0,1.0490614144429955,1.5106666882832844
SB78481_component_1405a,46.569341,-31.674211,8.54699993133545,49.69186019897461,46.56979166666666,-31.67386111111111,4.6,1.29029237148042,1.8580434633337934
SB78481_component_1410a,48.983616,-27.735762,8.788000106811523,19.882352828979492,48.9845,-27.73497222222222,4.9,1.2454498203600342,1.793469409553372
SB78481_component_1417a,49.660356,-29.427936,8.762999534606934,39.47296905517578,49.65995833333333,-29.428527777777774,4.9,1.2419066981726585,1.7883672519605986
SB78481_component_1420a,49.947287,-31.299508,8.722000122070312,39.82648468017578,49.94683333333332,-31.300916666666662,11.6,0.5221440819632416,0.7518965622474407
SB78481_component_1422a,47.643323,-34.010125,8.67300033569336,40.528038024902344,47.643833333333326,-34.00980555555555,7.0,0.8604063046368866,1.2390000479561942
SB78481_component_1427a,47.997899,-31.565022,8.979000091552734,35.21176528930664,47.99829166666666,-31.563861111111105,4.6,1.3555089990321636,1.951956541641899
SB78481_component_1430a,48.634792,-28.390044,9.300999641418457,35.773075103759766,48.636708333333324,-28.39222222222222,4.7,1.3742445728633637,1.9789360939188205
SB78481_component_1433a,45.100081,-34.066108,8.809000015258789,11.164766311645508,45.09954166666666,-34.067361111111104,6.2,0.9866592279561144,1.4208064540739982
SB78481_component_1435a,47.24997,-32.831339,8.272000312805176,43.083335876464844,47.24999999999999,-32.831111111111106,7.8,0.7364583665091261,1.060512860616048
SB78481_component_1436a,46.269808,-29.927424,8.704000473022461,40.48372268676758,46.26962499999999,-29.92744444444444,4.9,1.2335452541855518,1.776326627147441
SB78481_component_1438a,46.434476,-29.929564,8.397000312805176,41.569305419921875,46.43404166666666,-29.929777777777772,6.0,0.9718632942607335,1.399500052134196
SB78481_component_1447a,47.892126,-31.202424,9.378000259399414,51.52747344970703,47.890541666666664,-31.20269444444444,6.2,1.0503905641597886,1.5125806869999054
SB78481_component_1449a,44.993478,-32.617275,8.770999908447266,14.473597526550293,44.99404166666666,-32.616638888888886,4.1,1.485585016850975,2.139268270352992
SB78481_component_1450a,52.001326,-31.797637,8.272000312805176,40.74877166748047,52.00225,-31.796277777777775,7.4,0.7762669268609707,1.1178378801088076
SB78481_component_1454a,48.661573,-28.440213,8.621999740600586,35.19183349609375,48.662124999999996,-28.44105555555555,8.1,0.739188577831197,1.0644444124198256
SB78481_component_1460a,49.409249,-33.713489,8.618000030517578,47.877777099609375,49.40845833333333,-33.71419444444444,5.5,1.0881181704625682,1.5669090964577415
SB78481_component_1461a,48.278093,-35.109636,9.45300006866455,16.790407180786133,48.278833333333324,-35.110638888888886,5.4,1.2156489017432321,1.750555568271213
SB78481_component_1463a,53.484848,-31.528282,8.46500015258789,25.651514053344727,53.483124999999994,-31.526027777777774,6.6,0.8906668645453414,1.282575780695135
SB78481_component_1464a,53.334051,-29.081672,7.660999774932861,19.444162368774414,53.33420833333333,-29.08172222222222,13.7,0.38832660263124136,0.5591970638637125
SB78481_component_1465a,46.741903,-31.545348,8.065999984741211,46.0914306640625,46.74304166666666,-31.544694444444442,4.3,1.3026328380829104,1.8758139499398165
SB78481_component_1469a,48.227381,-30.018688,8.614999771118164,45.342105865478516,48.22662499999999,-30.020138888888884,6.9,0.867038615832577,1.2485506914664006
SB78481_component_1470a,48.030422,-33.225401,8.446999549865723,45.90760803222656,48.02879166666666,-33.225583333333326,5.2,1.128057892013274,1.6244229903587928
SB78481_component_1474a,53.662869,-29.511444,7.986000061035156,14.653210639953613,53.662458333333326,-29.511027777777773,8.4,0.6602102824273954,0.9507142929803757
SB78481_component_1477a,47.597729,-30.234121,8.24899959564209,35.556034088134766,47.597624999999994,-30.23333333333333,3.6,1.59122298097148,2.291388776567247
SB78481_component_1478a,49.866166,-30.132333,7.9029998779296875,37.10328674316406,49.865958333333325,-30.133527777777775,4.6,1.1930713158096493,1.7180434517238452
SB78481_component_1481a,48.347494,-34.835884,8.13700008392334,24.00295066833496,48.34804166666666,-34.83558333333333,5.1,1.1079659279393548,1.5954902125339883
SB78481_component_1482a,46.903482,-34.809766,7.995999813079834,16.55486488342285,46.90270833333333,-34.81141666666666,5.3,1.0476812378763138,1.508679210015063
SB78481_component_1483a,52.125111,-33.567159,8.093999862670898,31.494163513183594,52.124624999999995,-33.56625,6.2,0.9065750529851887,1.3054838488178868
SB78481_component_1484a,48.602597,-29.633434,8.866000175476074,48.184783935546875,48.60166666666666,-29.633833333333328,8.4,0.7329607356769375,1.0554762113661993
SB78481_component_1487a,48.281545,-33.80496,8.852999687194824,47.596771240234375,48.28258333333333,-33.80288888888889,3.6,1.707733936638799,2.45916657977634
SB78481_component_1488a,47.065289,-31.650672,8.657999992370605,48.915252685546875,47.06495833333333,-31.649861111111107,4.5,1.3360949673838494,1.923999998304579
SB78481_component_1492a,46.168293,-34.397593,8.145000457763672,20.56818389892578,46.16949999999999,-34.39655555555555,4.0,1.4140454951334198,2.036250114440918
SB78481_component_1493a,47.826026,-32.136881,8.795999526977539,50.843929290771484,47.82724999999999,-32.13686111111111,6.0,1.0180432009235516,1.465999921162923
SB78481_component_1494a,45.296495,-30.519014,8.722999572753906,21.807498931884766,45.29624999999999,-30.519138888888886,5.6,1.0817081081005055,1.5576784951346263
SB78481_component_1497a,47.40757,-28.033679,7.952000141143799,24.17021369934082,47.40633333333333,-28.033416666666664,5.6,0.9860992146736959,1.42000002520425
SB78481_component_1499a,53.669969,-29.264544,7.802000045776367,13.00333309173584,53.67091666666666,-29.26333333333333,7.7,0.7036350815317209,1.013246759191736
SB78481_component_1501a,46.478732,-34.118502,7.7769999504089355,28.177536010742188,46.47891666666666,-34.12005555555555,7.6,0.7106091000275033,1.0232894671590704
SB78481_component_1503a,49.629404,-34.134412,8.23799991607666,45.263736724853516,49.62816666666666,-34.13272222222222,3.2,1.7877387991940135,2.5743749737739563
SB78481_component_1506a,49.388437,-31.128559,8.241000175476074,47.0914306640625,49.38925,-31.12872222222222,4.0,1.4307119114300464,2.0602500438690186
SB78481_component_1514a,48.705444,-27.47576,9.07699966430664,13.879204750061035,48.70541666666666,-27.476777777777773,6.6,0.9550599745725369,1.3753029794404001
SB78481_component_1518a,48.254431,-31.38566,8.074999809265137,47.781063079833984,48.25345833333333,-31.38644444444444,6.3,0.8900906359347166,1.2817460014706568
SB78481_component_1521a,49.34935,-30.024858,8.276000022888184,42.224491119384766,49.350333333333325,-30.023027777777774,5.1,1.1268927062077951,1.622745102527095
SB78481_component_1522a,51.332931,-29.720578,7.821000099182129,34.30263137817383,51.333749999999995,-29.720999999999997,4.1,1.3246791341252944,1.9075609998005194
SB78481_component_1527a,46.827272,-34.08546,7.329999923706055,28.972332000732422,46.82733333333333,-34.08794444444444,4.5,1.1311591611940077,1.6288888719346788
SB78481_component_1528a,49.764694,-33.183934,7.5,40.98360824584961,49.76520833333333,-33.18491666666666,5.5,0.9469582559260141,1.3636363636363635
SB78481_component_1532a,49.918541,-28.605985,8.503000259399414,36.969566345214844,49.917624999999994,-28.60694444444444,4.7,1.2563382872847155,1.8091489913615775
SB78481_component_1534a,51.914802,-31.955376,8.28499984741211,44.069149017333984,51.91470833333333,-31.955999999999996,5.8,0.9919659662572333,1.428448249553812
SB78481_component_1539a,50.873167,-29.581302,8.697999954223633,30.519298553466797,50.87541666666666,-29.58097222222222,5.0,1.2080409537821037,1.7395999908447266
SB78481_component_1540a,46.055617,-29.288528,8.039999961853027,29.667896270751953,46.055791666666664,-29.287861111111106,4.9,1.1394420102957439,1.6408163187455156
SB78481_component_1544a,49.838487,-32.851572,7.788000106811523,43.027626037597656,49.83854166666666,-32.85030555555555,3.8,1.4232284382680065,2.049473712318822
SB78481_component_1551a,50.765348,-27.724791,7.505000114440918,15.131049156188965,50.76562499999999,-27.724027777777774,5.4,0.9651375309882787,1.3898148360075773
SB78481_component_1552a,48.685533,-34.412573,8.22700023651123,35.00851058959961,48.68541666666666,-34.41291666666666,5.9,0.9683263700583657,1.394406819747666
SB78481_component_1556a,47.33845,-32.383639,7.2129998207092285,39.41529846191406,47.335874999999994,-32.38211111111111,5.3,0.9450881387716742,1.3609433623979676
SB78481_component_1562a,47.330097,-28.728838,7.714000225067139,33.53913116455078,47.330208333333324,-28.728611111111107,5.4,0.9920147925032966,1.4285185601976182
SB78481_component_1565a,48.480875,-28.639936,8.184000015258789,34.825531005859375,48.48120833333333,-28.640805555555552,4.2,1.3531582569909093,1.9485714322044736
SB78481_component_1566a,49.813281,-29.694987,7.48799991607666,33.279998779296875,49.812999999999995,-29.695999999999994,4.3,1.2092877015491943,1.7413953293201536
SB78481_component_1570a,49.948076,-32.194128,8.284000396728516,48.16279220581055,49.94833333333332,-32.19547222222222,5.0,1.150541709940545,1.6568000793457032
SB78481_component_1572a,50.8087,-27.839195,7.895999908447266,17.904760360717773,50.81012499999999,-27.83908333333333,4.1,1.3373822003747493,1.9258536362066503
SB78481_component_1577a,46.96272,-33.342857,7.199999809265137,31.578947067260742,46.96216666666666,-33.34197222222222,6.1,0.8196622063665883,1.1803278375844488
SB78481_component_1579a,46.802911,-28.646687,8.145000457763672,29.404333114624023,46.80287499999999,-28.64747222222222,4.1,1.3795565806179708,1.9865854775033347
SB78481_component_1582a,51.428884,-30.877786,7.466000080108643,37.32999801635742,51.42891666666666,-30.877999999999997,4.4,1.1783317357671934,1.6968182000246914
SB78481_component_1583a,49.728401,-29.961566,7.593999862670898,37.04390335083008,49.72841666666666,-29.96094444444444,5.8,0.9092322933336721,1.3093103211501549
SB78481_component_1589a,53.899701,-32.605048,7.083000183105469,11.611474990844727,53.89945833333333,-32.604416666666665,7.2,0.6831514861230474,0.9837500254313151
SB78481_component_1595a,45.648325,-33.035409,7.486999988555908,22.085546493530273,45.649333333333324,-33.03422222222222,3.7,1.4052007380917277,2.0235135104205155
SB78481_component_1598a,52.339068,-30.23335,7.696000099182129,36.647621154785156,52.339458333333326,-30.232416666666662,4.5,1.187639987360109,1.7102222442626953
SB78481_component_1600a,45.88967,-32.985489,7.429999828338623,27.416973114013672,45.890125,-32.985388888888885,3.2,1.6123936764315705,2.3218749463558197
SB78481_component_1601a,51.970163,-29.112631,7.265999794006348,36.14925003051758,51.97120833333333,-29.111805555555552,6.2,0.8138342302946378,1.171935450646185
SB78481_component_1605a,49.376681,-33.068186,7.459000110626221,42.14124298095703,49.37608333333333,-33.07055555555555,4.3,1.2046043270204043,1.7346511885177258
SB78481_component_1608a,51.071129,-32.136409,7.138999938964844,41.74853515625,51.070499999999996,-32.13558333333333,4.8,1.032828947831094,1.4872916539510093
SB78481_component_1611a,52.017324,-31.751306,7.563000202178955,40.881080627441406,52.01724999999999,-31.750749999999996,6.4,0.8206281280339398,1.1817187815904617
SB78481_component_1612a,47.3967,-34.066119,7.2129998207092285,29.805784225463867,47.39666666666666,-34.06630555555555,3.3,1.5178688289363251,2.185757521427039
SB78481_component_1614a,46.974604,-34.678889,8.083000183105469,20.67263412475586,46.97479166666666,-34.67941666666666,4.6,1.2202449466155838,1.7571739528490151
SB78481_component_1615a,47.560427,-31.63061,7.078000068664551,37.6489372253418,47.55870833333333,-31.63069444444444,5.3,0.9273997057249648,1.3354717110687833
SB78481_component_1616a,51.338895,-35.135525,7.5970001220703125,12.11642837524414,51.33899999999999,-35.136222222222216,6.0,0.8792717982724401,1.2661666870117188
SB78481_component_1619a,51.208522,-34.204794,7.77400016784668,33.79999923706055,51.207333333333324,-34.20386111111111,3.7,1.45906648730881,2.1010811264450484
SB78481_component_1620a,47.582948,-33.94813,7.313000202178955,30.85654067993164,47.58354166666666,-33.948472222222215,6.2,0.819098549327545,1.1795161616417669
SB78481_component_1621a,48.308502,-32.145766,7.090000152587891,39.831459045410156,48.307624999999994,-32.145916666666665,4.6,1.0703373328856207,1.5413043809973677
SB78481_component_1623a,47.550933,-34.320233,7.427999973297119,28.459768295288086,47.54966666666666,-34.32055555555555,5.2,0.9919751909878346,1.428461533326369
SB78481_component_1625a,49.227612,-33.844358,7.223999977111816,42.74556350708008,49.22837499999999,-33.84244444444444,3.4,1.4754723649115506,2.1247058756211223
SB78481_component_1629a,50.622146,-27.532209,7.35699987411499,10.771595001220703,50.623708333333326,-27.532638888888886,3.1,1.6480535369040472,2.373225765843545
SB78481_component_1631a,53.643914,-29.097702,7.6519999504089355,12.860503196716309,53.643583333333325,-29.09766666666666,5.9,0.9006482463416621,1.2969491441371077
SB78481_component_1632a,52.369202,-28.605259,7.892000198364258,23.915151596069336,52.36933333333333,-28.606277777777773,3.0,1.826829826215967,2.630666732788086
SB78481_component_1636a,49.261194,-31.660719,7.288000106811523,44.98765563964844,49.26129166666666,-31.661138888888885,7.0,0.7230071483207932,1.0411428724016463
SB78481_component_1638a,46.845319,-28.220017,7.0289998054504395,22.314285278320312,46.84616666666666,-28.220999999999997,4.8,1.0169147689362505,1.4643749594688416
SB78481_component_1640a,51.588943,-34.21928,7.668000221252441,31.044536590576172,51.58895833333332,-34.2195,5.3,1.0047048713903461,1.4467924945759323
SB78481_component_1641a,51.962097,-34.065719,7.4019999504089355,29.490041732788086,51.96254166666666,-34.06569444444444,4.1,1.2537111316657004,1.8053658415631553
SB78481_component_1644a,52.797976,-28.741908,7.179999828338623,25.10489273071289,52.79854166666666,-28.742166666666662,10.2,0.48882850499946967,0.7039215517979043
SB78481_component_1646a,47.694095,-31.582653,7.802999973297119,44.335227966308594,47.69379166666666,-31.583777777777772,5.3,1.0223933044370555,1.472264145905117
SB78481_component_1652a,51.107953,-30.95167,7.22599983215332,34.74038314819336,51.10708333333333,-30.95183333333333,4.5,1.115109958254124,1.6057777404785156
SB78481_component_1658a,52.224248,-34.345098,7.068999767303467,22.441268920898438,52.222249999999995,-34.34469444444444,4.5,1.0908818459060443,1.570888837178548
SB78481_component_1659a,45.522355,-31.947573,6.88700008392334,24.952899932861328,45.52170833333333,-31.947638888888886,5.1,0.9377610126585353,1.350392173318302
SB78481_component_1662a,51.621188,-28.946984,7.816999912261963,36.69953155517578,51.62116666666666,-28.949222222222218,3.4,1.5965901693800653,2.2991176212535187
SB78481_component_1668a,47.258848,-33.155251,7.111999988555908,35.73869323730469,47.257708333333326,-33.15441666666666,4.5,1.0975176023466087,1.5804444419013128
SB78481_component_1670a,45.990433,-28.049929,6.395999908447266,11.757351875305176,45.99154166666666,-28.050638888888884,3.8,1.168845510531015,1.6831578706440173
SB78481_component_1673a,50.346326,-31.917959,7.0960001945495605,40.781612396240234,50.345208333333325,-31.917972222222218,3.5,1.4079195362113217,2.02742862701416
SB78481_component_1675a,47.928688,-28.191657,6.931000232696533,24.931655883789062,47.927125,-28.19047222222222,5.3,0.9081389536345682,1.30773589296161
SB78481_component_1676a,45.735216,-28.513796,6.1579999923706055,13.357917785644531,45.73420833333333,-28.512749999999997,3.1,1.3794636185041815,1.9864516104421308
SB78481_component_1680a,48.915513,-27.956596,7.001999855041504,19.558658599853516,48.914958333333324,-27.957277777777776,5.5,0.8840802094299075,1.2730908827348189
SB78481_component_1684a,46.950025,-29.966408,7.261000156402588,35.41951370239258,46.94979166666666,-29.966333333333328,5.4,0.9337593146696371,1.3446296585930717
SB78481_component_1685a,46.366536,-28.967916,7.443999767303467,28.630769729614258,46.366749999999996,-28.969166666666663,7.0,0.7384831181366932,1.0634285381862096
SB78481_component_1689a,46.925787,-32.77501,6.951000213623047,32.94313049316406,46.926083333333324,-32.774833333333326,5.2,0.9282740696355403,1.3367308103121243
SB78481_component_1691a,45.782981,-29.918726,6.525000095367432,24.809885025024414,45.783333333333324,-29.918527777777776,4.1,1.1051695904469658,1.5914634378944956
SB78481_component_1693a,46.524494,-33.342994,6.670000076293945,28.750001907348633,46.52566666666666,-33.340444444444444,2.7,1.7155142723953245,2.470370398627387
SB78481_component_1694a,49.57433,-33.180177,6.906000137329102,39.2386360168457,49.57249999999999,-33.17983333333333,3.4,1.4105222019641133,2.0311765109791478
SB78481_component_1700a,46.31082,-32.132971,6.823999881744385,35.175254821777344,46.31083333333333,-32.13294444444444,4.9,0.9671084801498758,1.3926530370906907
SB78481_component_1702a,47.15345,-30.458836,7.23199987411499,34.769229888916016,47.15358333333333,-30.456777777777774,4.2,1.195752728002221,1.7219047319321406
SB78481_component_1707a,52.320856,-32.028177,6.326000213623047,31.630001068115234,52.32191666666666,-32.027111111111104,4.3,1.0216285181717955,1.4711628403774528
SB78481_component_1709a,49.305447,-29.195064,6.492000102996826,32.62311553955078,49.307874999999996,-29.193416666666664,7.0,0.6440398480481824,0.9274285861424038
SB78481_component_1714a,47.957356,-32.69936,6.507999897003174,39.682926177978516,47.95745833333333,-32.70002777777778,3.7,1.2214566946371324,1.7589188910819389
SB78481_component_1716a,51.822895,-29.511124,6.818999767303467,29.77729034423828,51.82308333333333,-29.510027777777776,7.2,0.6576887906931616,0.9470833010143703
SB78481_component_1718a,53.526307,-31.663753,7.078000068664551,19.33879852294922,53.526708333333325,-31.664222222222218,4.2,1.1702901048434078,1.6852381115867978
SB78481_component_1722a,50.420893,-31.580695,7.125999927520752,39.58888626098633,50.420333333333325,-31.582527777777774,3.3,1.4995609917986565,2.159393917430531
SB78481_component_1724a,49.729627,-29.161088,6.519999980926514,29.90825843811035,49.72933333333333,-29.161416666666664,3.6,1.2577008503024811,1.8111111058129203
SB78481_component_1726a,49.562128,-33.896383,6.59499979019165,37.90229797363281,49.560708333333324,-33.894888888888886,5.2,0.880731852444557,1.2682691904214711
SB78481_component_1727a,47.49455,-32.156421,6.224999904632568,35.57143020629883,47.49379166666666,-32.15580555555555,4.0,1.0807160930189177,1.556249976158142
SB78481_component_1729a,53.076185,-31.753331,7.057000160217285,29.041152954101562,53.076874999999994,-31.75333333333333,5.4,0.9075250642182541,1.3068518815217194
SB78481_component_1732a,49.34698,-33.18902,6.340000152587891,37.964073181152344,49.346083333333326,-33.18841666666666,3.4,1.2949190266219257,1.8647059272317326
SB78481_component_1736a,48.022377,-34.195415,6.868000030517578,28.97890281677246,48.022458333333326,-34.195249999999994,3.3,1.4452687401330528,2.081212130459872
SB78481_component_1742a,49.924147,-31.354353,6.4120001792907715,31.58620834350586,49.922708333333325,-31.35519444444444,3.3,1.349310334839662,1.9430303573608398
SB78481_component_1745a,52.894842,-34.096381,7.001999855041504,19.892045974731445,52.895083333333325,-34.096083333333326,5.0,0.9724882303728982,1.4003999710083008
SB78481_component_1747a,46.352274,-31.857471,6.229000091552734,32.108245849609375,46.35249999999999,-31.857888888888883,4.4,0.9831005104766265,1.4156818389892576
SB78481_component_1749a,47.985565,-29.401137,6.735000133514404,29.282608032226562,47.98545833333333,-29.402222222222218,4.5,1.0393393152746222,1.4966666963365343
SB78481_component_1751a,48.027591,-28.117379,6.72599983215332,20.695384979248047,48.02529166666666,-28.119027777777774,2.8,1.6681345660609592,2.4021427971976146
SB78481_component_1755a,50.459269,-27.995819,7.0,20.958084106445312,50.45983333333333,-27.996138888888886,3.2,1.5190788688813142,2.1875
SB78481_component_1757a,51.637904,-29.892036,6.520999908447266,29.373872756958008,51.63866666666666,-29.891166666666663,3.2,1.4151304521284607,2.0378124713897705
SB78481_component_1758a,48.609668,-30.544395,6.4079999923706055,32.693878173828125,48.610833333333325,-30.545611111111107,2.9,1.5344642175687582,2.2096551697829674
SB78481_component_1774a,49.862819,-32.785039,6.623000144958496,39.18935012817383,49.86266666666666,-32.78536111111111,6.7,0.6864552371039203,0.9885074843221636
SB78481_component_1776a,53.350189,-31.908198,6.959000110626221,23.91408920288086,53.350333333333325,-31.908277777777773,6.2,0.7794484804862688,1.1224193726816485
SB78481_component_1781a,48.114349,-29.342258,6.8420000076293945,33.213592529296875,48.114625,-29.34069444444444,4.6,1.0328981498112402,1.4873913060063901
SB78481_component_1784a,48.309447,-29.384558,6.499000072479248,30.369159698486328,48.307624999999994,-29.382777777777775,4.1,1.1007658457378515,1.5851219688973777
SB78481_component_1787a,45.208627,-31.04689,6.940999984741211,15.703619956970215,45.20870833333333,-31.047111111111107,3.7,1.302724498004744,1.8759459418219488
SB78481_component_1798a,52.694515,-34.358338,6.946000099182129,17.5404052734375,52.694624999999995,-34.35827777777777,4.6,1.0485984570350395,1.5100000215613325
SB78481_component_1802a,52.816006,-31.451278,6.658999919891357,31.861242294311523,52.81645833333333,-31.451055555555552,4.1,1.1278657634775555,1.6241463219247214
SB78481_component_1806a,53.030195,-32.716806,6.50600004196167,23.070920944213867,53.02954166666666,-32.71652777777777,4.3,1.0506979066774662,1.5130232655724813
SB78481_component_1808a,45.417708,-30.173872,6.618000030517578,17.601064682006836,45.41716666666666,-30.174277777777775,2.8,1.641349224590228,2.363571439470564
SB78481_component_1809a,47.394283,-33.225715,6.324999809265137,31.157634735107422,47.394999999999996,-33.224916666666665,2.7,1.626780707882838,2.3425925219500505
SB78481_component_1813a,50.360697,-27.779106,6.4029998779296875,15.101414680480957,50.36129166666666,-27.77894444444444,2.7,1.6468422115576926,2.3714814362702543
SB78481_component_1820a,53.557785,-31.850625,6.684999942779541,18.46685218811035,53.55749999999999,-31.850888888888885,5.6,0.8289830327795262,1.193749989782061
SB78481_component_1822a,48.492408,-33.026157,6.063000202178955,36.745452880859375,48.49295833333333,-33.025861111111105,6.8,0.6191714614556764,0.8916176767910229
SB78481_component_1823a,46.087919,-31.430815,6.01200008392334,27.327272415161133,46.085249999999995,-31.431222222222218,3.9,1.0704999017964112,1.5415384830572667
SB78481_component_1829a,45.053836,-32.712132,6.633999824523926,11.517361640930176,45.053625,-32.71413888888888,3.0,1.5356295542242502,2.2113332748413086
SB78481_component_1831a,50.925604,-32.274767,6.7129998207092285,35.33157730102539,50.92504166666666,-32.27511111111111,3.9,1.1953202841838464,1.7212820053100586
SB78481_component_1834a,47.184063,-32.707504,5.5920000076293945,27.820894241333008,47.18399999999999,-32.707361111111105,3.5,1.1095104060570071,1.5977142878941126
SB78481_component_1839a,50.765357,-35.0696,5.9079999923706055,14.100238800048828,50.76516666666666,-35.07063888888889,3.1,1.3234607108956538,1.905806449151808
SB78481_component_1840a,53.096297,-31.330673,6.258999824523926,26.634042739868164,53.09704166666666,-31.330499999999997,5.1,0.8522500279006073,1.227254867553711
SB78481_component_1841a,45.784669,-31.391749,5.985000133514404,26.25,45.78604166666666,-31.393805555555552,3.4,1.2224117288166152,1.7602941569160013
SB78481_component_1842a,46.391914,-29.32761,6.308000087738037,27.18965721130371,46.39404166666666,-29.32655555555555,3.5,1.251572197640402,1.8022857393537248
SB78481_component_1845a,47.901633,-33.781722,5.927999973297119,25.551725387573242,47.900833333333324,-33.78227777777777,4.2,0.9801468837186011,1.4114285650707425
SB78481_component_1847a,47.334696,-30.532594,6.525000095367432,32.625,47.33579166666666,-30.53186111111111,5.1,0.8884696707514825,1.2794117834053789
SB78481_component_1849a,52.529171,-29.796699,6.164999961853027,25.580913543701172,52.52866666666666,-29.799277777777775,4.3,0.9956274996629946,1.4337209213611692
SB78481_component_1854a,46.310337,-29.676432,5.998000144958496,28.29245376586914,46.31108333333333,-29.676916666666664,3.5,1.1900650156086217,1.713714327130999
SB78481_component_1855a,52.834724,-29.333114,5.986999988555908,24.04417610168457,52.83304166666666,-29.33333333333333,5.2,0.7995362787347647,1.151346151645367
SB78481_component_1857a,51.183976,-30.119189,5.927999973297119,26.0,51.18308333333333,-30.11844444444444,4.7,0.8758759386421542,1.2612765900632168
SB78481_component_1859a,46.622353,-28.58428,5.951000213623047,23.995969772338867,46.62237499999999,-28.584888888888884,3.9,1.0596382327587348,1.5258974906725762
SB78481_component_1861a,46.532599,-29.653372,6.620999813079834,28.416309356689453,46.53224999999999,-29.65455555555555,4.4,1.044968405913424,1.5047726847908713
SB78481_component_1862a,53.177631,-31.640957,6.36299991607666,23.479703903198242,53.17770833333333,-31.64108333333333,6.1,0.7243764845118973,1.0431147403404362
SB78481_component_1865a,47.801608,-31.135672,6.449999809265137,33.94736862182617,47.80166666666666,-31.13494444444444,4.9,0.9141045751177307,1.3163264916867625
SB78481_component_1868a,45.690044,-31.701471,5.798999786376953,22.476743698120117,45.69033333333333,-31.699861111111108,6.6,0.6101567470914275,0.8786363312692353
SB78481_component_1870a,47.823126,-32.502781,5.543000221252441,34.64375305175781,47.821208333333324,-32.50405555555555,3.9,0.9869895392010588,1.4212821080134466
SB78481_component_1881a,50.719596,-34.525932,5.834000110626221,22.352489471435547,50.71879166666666,-34.525972222222215,4.8,0.8440291703908135,1.2154166897137961
SB78481_component_1882a,47.119666,-30.720751,6.15500020980835,33.27027130126953,47.11966666666666,-30.718277777777775,5.2,0.8219719346531796,1.1836538865016057
SB78481_component_1893a,47.048393,-28.116459,6.054999828338623,17.914199829101562,47.04637499999999,-28.116361111111107,2.9,1.4499345482260788,2.0879309752891806
SB78481_component_1895a,51.923756,-27.710337,6.309999942779541,12.065009117126465,51.92437499999999,-27.709388888888885,4.7,0.9323173325927004,1.342553179314796
SB78481_component_1899a,47.478106,-31.055691,5.796000003814697,29.125627517700195,47.47908333333333,-31.054555555555552,4.0,1.0062378434092483,1.4490000009536743
SB78481_component_1904a,46.07723,-29.855201,6.302999973297119,25.831966400146484,46.077999999999996,-29.853055555555553,3.0,1.4590101439992595,2.1009999910990396
SB78481_component_1905a,50.335619,-33.345468,6.285999774932861,33.4361686706543,50.336499999999994,-33.34430555555555,4.0,1.091306220330652,1.5714999437332153
SB78481_component_1906a,51.766841,-34.307124,6.10099983215332,20.54208755493164,51.76716666666666,-34.30669444444444,4.5,0.9415009446676881,1.3557777404785156
SB78481_component_1908a,53.134699,-32.949019,5.776000022888184,17.293413162231445,53.13441666666666,-32.94947222222222,9.0,0.4456736295328217,0.6417777803209093
SB78481_component_1912a,47.771602,-28.395604,5.869999885559082,22.150943756103516,47.77229166666666,-28.395749999999996,3.5,1.1646684455821759,1.677142824445452
SB78481_component_1915a,50.94574,-29.262241,5.633999824523926,23.475000381469727,50.94391666666666,-29.26244444444444,5.1,0.7671475702601975,1.1047058479458678
SB78481_component_1916a,50.452871,-33.761222,5.853000164031982,28.97524642944336,50.45462499999999,-33.760666666666665,4.4,0.9237578045444,1.3302273100072686
SB78481_component_1917a,48.709328,-27.861542,6.15500020980835,14.831326484680176,48.71104166666666,-27.862805555555553,3.5,1.2212154457704383,1.7585714885166712
SB78481_component_1919a,50.915639,-33.835489,6.541999816894531,32.709999084472656,50.916999999999994,-33.83302777777777,3.2,1.4196876688671298,2.044374942779541
SB78481_component_1922a,53.56086,-30.315063,5.533999919891357,13.497560501098633,53.561249999999994,-30.31594444444444,4.0,0.9607522672797538,1.3834999799728394
SB78481_component_1927a,51.917581,-29.164585,5.60699987411499,25.37104034423828,51.91866666666666,-29.163666666666664,4.0,0.9734257173243737,1.4017499685287476
SB78481_component_1929a,49.229893,-27.840635,5.995999813079834,12.623157501220703,49.23,-27.840777777777774,3.0,1.3879461506843254,1.9986666043599446
SB78481_component_1931a,50.753498,-33.769348,6.017000198364258,31.835981369018555,50.75429166666666,-33.77074999999999,4.9,0.852739158520333,1.227959224155971
SB78481_component_1935a,47.94187,-28.068119,6.144000053405762,18.618181228637695,47.941958333333325,-28.068166666666663,4.1,1.040637842679789,1.4985365983916494
SB78481_component_1936a,46.48261,-28.554671,5.514999866485596,19.283214569091797,46.48499999999999,-28.554249999999996,2.2,1.7408248849998,2.506818121129816
SB78481_component_1938a,52.006289,-31.074394,6.006999969482422,32.825138092041016,52.005708333333324,-31.074222222222218,3.3,1.2640840476552653,1.8203030210552795
SB78481_component_1943a,52.743319,-31.902574,6.309000015258789,31.2326717376709,52.74312499999999,-31.902888888888885,4.6,0.9524341472746849,1.371521742447563
SB78481_component_1945a,47.52654,-28.762716,5.645999908447266,25.318384170532227,47.52620833333333,-28.760777777777776,2.6,1.5079945766379033,2.1715384263258715
SB78481_component_1947a,51.877554,-29.509924,5.883999824523926,27.754716873168945,51.87641666666666,-29.509499999999996,5.8,0.7044933830885246,1.0144827283661941
SB78481_component_1949a,47.008776,-28.122835,5.373000144958496,15.395415306091309,47.009208333333326,-28.124027777777773,5.8,0.6433112104593253,0.9263793353376718
SB78481_component_1951a,49.134666,-31.815782,6.019000053405762,36.70121765136719,49.13508333333333,-31.814888888888884,3.1,1.348326015546425,1.9416129204534716
SB78481_component_1953a,45.486688,-31.342414,6.039999961853027,19.35897445678711,45.48616666666666,-31.34194444444444,5.2,0.8066141811072419,1.1615384542025051
SB78481_component_1954a,48.607994,-31.109141,5.513000011444092,30.97191047668457,48.608458333333324,-31.10647222222222,4.1,0.9337624330622621,1.3446341491327054
SB78481_component_1959a,50.196762,-33.587749,5.925000190734863,30.699481964111328,50.19720833333333,-33.58763888888888,3.1,1.3272689530489346,1.9112903841080204
SB78481_component_1967a,53.063067,-28.76953,5.769000053405762,17.750770568847656,53.06170833333333,-28.77058333333333,4.7,0.85238332651223,1.2274468198735662
SB78481_component_1976a,48.870946,-31.062457,5.6570000648498535,33.47337341308594,48.86962499999999,-31.06069444444444,3.7,1.061736433639986,1.5289189364459064
SB78481_component_1977a,45.213521,-30.571989,5.5,12.141280174255371,45.213333333333324,-30.571999999999996,3.3,1.157393423909573,1.6666666666666667
SB78481_component_1990a,52.373465,-28.327611,6.324999809265137,19.952680587768555,52.37491666666666,-28.326305555555553,4.8,0.9150641481840964,1.3177082935969036
SB78481_component_1993a,45.870051,-32.424199,5.297999858856201,21.892560958862305,45.872125,-32.422916666666666,3.2,1.1497256618463771,1.6556249558925629
SB78481_component_1996a,46.636843,-30.527394,5.395999908447266,25.942306518554688,46.63708333333333,-30.526777777777774,3.0,1.2490589618907042,1.7986666361490886
SB78481_component_1999a,50.460702,-33.091218,5.821000099182129,32.702247619628906,50.46162499999999,-33.089638888888885,4.8,0.8421484044212958,1.2127083539962769
SB78481_component_2003a,52.37553,-31.750682,5.636000156402588,30.301074981689453,52.37616666666666,-31.75091666666666,2.9,1.349600589966968,1.943448329793996
SB78481_component_2009a,49.668484,-27.897253,6.124000072479248,14.79227066040039,49.66854166666666,-27.894749999999995,2.9,1.4664573955674265,2.1117241629238785
SB78481_component_2010a,49.857322,-33.638348,5.465000152587891,28.02564239501953,49.855124999999994,-33.639222222222216,3.5,1.0843123265605776,1.5614286150251115
SB78481_component_2014a,53.463531,-29.375794,5.341000080108643,11.244211196899414,53.462999999999994,-29.376166666666663,5.4,0.6868487077575827,0.9890740889090078
SB78481_component_2020a,50.90361,-29.552457,5.757999897003174,19.585033416748047,50.90379166666666,-29.55486111111111,3.4,1.1760478615876713,1.6935293814715218
SB78481_component_2021a,47.965821,-28.669943,5.171000003814697,23.29279327392578,47.96399999999999,-28.669638888888887,4.8,0.7481101749314383,1.0772916674613953
SB78481_component_2023a,52.475692,-31.302956,5.10099983215332,25.762624740600586,52.47608333333333,-31.30272222222222,4.7,0.7536847226933728,1.0853191132241107
SB78481_component_2031a,47.516625,-28.943725,5.934000015258789,27.095890045166016,47.51658333333333,-28.942277777777775,4.3,0.9583217574613712,1.3800000035485556
SB78481_component_2032a,46.219612,-30.649203,5.511000156402588,27.83333396911621,46.21995833333333,-30.64808333333333,3.1,1.2345281303583837,1.7777419859363186
SB78481_component_2034a,50.011439,-33.459351,5.5,30.386741638183594,50.01266666666666,-33.46008333333333,3.3,1.157393423909573,1.6666666666666667
SB78481_component_2046a,52.341395,-33.922236,5.881999969482422,21.704797744750977,52.34016666666666,-33.92202777777777,3.3,1.2377796516573205,1.7824242331764917
SB78481_component_2047a,47.554323,-33.414912,5.65500020980835,29.453125,47.55441666666666,-33.414472222222216,3.9,1.0069323161599135,1.4500000537970128
SB78481_component_2048a,50.459874,-27.685343,5.738999843597412,11.593938827514648,50.45958333333333,-27.684249999999995,3.8,1.048781159810165,1.510263116736161
SB78481_component_2050a,49.064714,-31.585918,5.918000221252441,30.6632137298584,49.06649999999999,-31.587138888888884,2.9,1.4171285252633736,2.040689731466359
SB78481_component_2053a,50.826591,-30.013265,5.423999786376953,23.685588836669922,50.82641666666666,-30.011666666666663,3.5,1.0761774315496477,1.5497142246791296
SB78481_component_2066a,47.377841,-28.895887,5.622000217437744,27.159421920776367,47.37983333333333,-28.895777777777774,2.4,1.6267165202201583,2.34250009059906
SB78481_component_2073a,53.193289,-34.016676,5.593999862670898,12.742596626281738,53.19304166666666,-34.01716666666666,2.7,1.438768589868078,2.0718518009892217
SB78481_component_2074a,51.312321,-28.271036,5.204999923706055,20.252918243408203,51.31224999999999,-28.27297222222222,3.4,1.0630998852612732,1.530882330501781
SB78481_component_2075a,47.418891,-31.667867,4.872000217437744,26.917129516601562,47.41816666666666,-31.668944444444442,3.7,0.9144034075051546,1.3167568155237146
SB78481_component_2076a,48.322328,-33.395259,5.414000034332275,26.281553268432617,48.323541666666664,-33.39308333333333,2.3,1.6346420965519246,2.3539130584053374
SB78481_component_2085a,50.354918,-34.064193,5.659999847412109,25.26785659790039,50.35704166666666,-34.06463888888889,4.7,0.8362782897094417,1.2042552866834275
SB78481_component_2087a,45.695454,-32.159932,5.2129998207092285,20.049999237060547,45.69504166666666,-32.16063888888888,4.3,0.8418825643717176,1.2123255396998207
SB78481_component_2088a,48.208384,-32.857504,5.013000011444092,27.543956756591797,48.20745833333333,-32.85999999999999,2.9,1.2004165339249664,1.728620693601411
SB78481_component_2093a,47.180333,-31.683953,4.7729997634887695,29.64596176147461,47.182083333333324,-31.68616666666666,3.4,0.9748656244559731,1.4038234598496382
SB78481_component_2094a,47.905066,-28.353678,5.357999801635742,21.869386672973633,47.903833333333324,-28.35330555555555,4.2,0.8859019622460004,1.2757142384847004
SB78481_component_2100a,51.850384,-34.277724,5.22599983215332,18.27272605895996,51.85074999999999,-34.27813888888888,3.7,0.9808439739059649,1.412432387068465
SB78481_component_2102a,47.494046,-27.825264,5.1570000648498535,11.284463882446289,47.49487499999999,-27.825527777777776,3.6,0.9947796603597434,1.432500018013848
SB78481_component_2107a,50.738079,-32.204316,5.070000171661377,30.542171478271484,50.73891666666666,-32.204111111111104,2.8,1.2574253266931321,1.8107143470219205
SB78481_component_2110a,53.144517,-33.840957,4.938000202178955,11.64622688293457,53.14741666666666,-33.84180555555555,3.5,0.9797501076456108,1.4108572006225586
SB78481_component_2118a,51.050523,-34.019913,5.511000156402588,27.417909622192383,51.04941666666666,-34.01983333333333,3.0,1.2756790680369963,1.837000052134196
SB78481_component_2120a,47.256349,-28.382933,5.078999996185303,18.469091415405273,47.25633333333333,-28.382916666666663,3.0,1.1756802391243228,1.6929999987284343
SB78481_component_2136a,47.246211,-30.829884,5.619999885559082,29.735450744628906,47.24487499999999,-30.829749999999997,3.7,1.0547920394462647,1.518918887988941
SB78481_component_2147a,47.720939,-34.399632,5.2129998207092285,19.451492309570312,47.721875,-34.40094444444444,2.7,1.3407759358512539,1.9307406743367512
SB78481_component_2148a,50.460763,-31.402517,4.377999782562256,22.683937072753906,50.46041666666666,-31.40033333333333,2.7,1.126015146270021,1.6214814009489835
SB78481_component_2153a,52.722271,-32.913839,4.953000068664551,20.637500762939453,52.721374999999995,-32.914583333333326,3.8,0.9051425854888442,1.3034210707011977
SB78481_component_2157a,48.041284,-32.322665,4.7789998054504395,28.789155960083008,48.04058333333333,-32.323833333333326,3.5,0.9482027910331655,1.3654285158429826
SB78481_component_2163a,46.713414,-31.769235,4.8379998207092285,26.010751724243164,46.713583333333325,-31.76905555555555,2.6,1.2921851947764351,1.8607691618112416
SB78481_component_2166a,50.989812,-32.482187,5.1519999504089355,29.440000534057617,50.98833333333333,-32.482527777777776,3.1,1.1541079088875639,1.66193546787385
SB78481_component_2167a,47.005777,-33.109434,4.960000038146973,23.507110595703125,47.00666666666666,-33.109249999999996,6.5,0.5299081316993111,0.7630769289456881
SB78481_component_2174a,49.190931,-34.046079,4.749000072479248,26.093406677246094,49.18979166666666,-34.04797222222222,2.4,1.3741153635083916,1.9787500301996868
SB78481_component_2178a,49.835875,-32.086726,5.00600004196167,28.605714797973633,49.835583333333325,-32.08597222222222,3.0,1.1587823057314963,1.66866668065389
SB78481_component_2183a,50.500239,-34.423484,5.051000118255615,22.75225257873535,50.50012499999999,-34.42413888888888,3.1,1.1314827718133271,1.62935487685665
SB78481_component_2184a,52.409408,-32.231502,5.063000202178955,24.22488021850586,52.411874999999995,-32.23144444444444,3.5,1.0045513953008158,1.4465714863368444
SB78481_component_2187a,50.020567,-28.17564,5.040999889373779,18.19855499267578,50.019208333333324,-28.17758333333333,4.9,0.7144187904355219,1.0287754876273019
SB78481_component_2190a,50.582588,-33.889685,5.333000183105469,28.672042846679688,50.581333333333326,-33.88941666666666,5.6,0.6613263580323019,0.9523214612688338
SB78481_component_2191a,47.146599,-28.797089,5.2220001220703125,22.033756256103516,47.145958333333326,-28.79530555555555,2.5,1.4505380642253998,2.088800048828125
SB78481_component_2192a,46.572088,-34.122725,4.769000053405762,17.59778594970703,46.57187499999999,-34.12291666666666,4.0,0.8279413950654344,1.1922500133514404
SB78481_component_2196a,48.307554,-34.527873,5.35699987411499,22.320833206176758,48.306999999999995,-34.52844444444444,2.9,1.2827909847279515,1.8472413359017208
SB78481_component_2199a,45.551904,-32.313267,4.591000080108643,15.996516227722168,45.550708333333326,-32.313111111111105,2.6,1.226213838896784,1.7657692615802472
SB78481_component_2202a,47.565189,-29.940407,5.01200008392334,25.059999465942383,47.56604166666666,-29.942777777777774,3.5,0.9944324464743599,1.432000023978097
SB78481_component_2204a,49.748237,-30.932659,5.085999965667725,27.792348861694336,49.74945833333333,-30.93297222222222,3.9,0.9056158329643288,1.3041025552994165
SB78481_component_2205a,47.013992,-29.039605,4.855999946594238,21.77578353881836,47.01441666666666,-29.038277777777775,2.7,1.2489560899318684,1.7985184987386067
SB78481_component_2209a,46.809752,-30.280498,4.748000144958496,23.621891021728516,46.81020833333333,-30.280972222222218,6.5,0.5072588441073841,0.7304615607628455
SB78481_component_2212a,47.176949,-32.024054,4.794000148773193,27.71098518371582,47.17674999999999,-32.02213888888888,3.8,0.876085933643938,1.2615789865192615
SB78481_component_2215a,50.47239,-32.205759,4.872000217437744,29.34939956665039,50.47416666666666,-32.20430555555555,3.0,1.1277642025896906,1.624000072479248
SB78481_component_2226a,51.764796,-32.599539,4.546000003814697,21.14418601989746,51.76624999999999,-32.60108333333333,3.3,0.9566382744560042,1.3775757587317266
SB78481_component_2229a,52.613265,-29.084282,5.125999927520752,22.384279251098633,52.612333333333325,-29.085638888888884,5.1,0.6979763067145254,1.005098025004069
SB78481_component_2232a,50.959885,-34.066954,4.545000076293945,20.65909194946289,50.96016666666666,-34.06763888888889,3.8,0.8305820842059661,1.1960526516563015
SB78481_component_2233a,45.976704,-33.258608,4.577000141143799,15.307693481445312,45.976833333333325,-33.26072222222222,3.3,0.9631617935623671,1.3869697397405452
SB78481_component_2242a,52.967558,-31.46641,5.053999900817871,23.952606201171875,52.96829166666666,-31.466249999999995,4.6,0.7629738586495093,1.0986956306125808
SB78481_component_2246a,50.68304,-31.498123,4.789000034332275,27.52298927307129,50.68283333333333,-31.49819444444444,2.9,1.1467773407252884,1.6513793221835433
SB78481_component_2251a,48.663015,-32.634591,4.8979997634887695,30.23456573486328,48.66374999999999,-32.632777777777775,3.2,1.062921134357352,1.5306249260902405
SB78481_component_2252a,52.311922,-33.143235,4.3379998207092285,18.69827651977539,52.311583333333324,-33.144777777777776,3.8,0.7927535471699632,1.1415789001866392
SB78481_component_2253a,50.603294,-33.76696,4.651000022888184,24.350786209106445,50.60491666666666,-33.76530555555555,3.4,0.9499476778401275,1.3679411832024069
SB78481_component_2265a,52.523733,-30.405491,5.047999858856201,24.269229888916016,52.524874999999994,-30.407416666666663,2.5,1.4022052417287885,2.0191999435424806
SB78481_component_2266a,53.225331,-31.252179,4.767000198364258,16.78521156311035,53.226124999999996,-31.251027777777775,3.0,1.103458936272484,1.5890000661214192
SB78481_component_2268a,51.992377,-29.819255,5.081999778747559,20.82786750793457,51.99404166666666,-29.81716666666666,3.3,1.0694314771331506,1.5399999329538057
SB78481_component_2272a,49.834999,-30.475542,4.922999858856201,25.507770538330078,49.83541666666666,-30.476833333333328,2.8,1.2209673562602692,1.7582142353057864
SB78481_component_2274a,51.240791,-32.585549,4.910999774932861,24.55499839782715,51.24137499999999,-32.586388888888884,3.4,1.0030515607638857,1.444411698509665
SB78481_component_2282a,50.76747,-31.093928,4.493000030517578,24.155914306640625,50.76774999999999,-31.094722222222217,3.7,0.8432705982075493,1.2143243325723183
SB78481_component_2286a,53.02303,-29.159412,4.673999786376953,16.87364387512207,53.02254166666666,-29.161277777777773,3.0,1.0819313232214867,1.5579999287923176
SB78481_component_2289a,45.839264,-29.141355,4.7220001220703125,14.222892761230469,45.83729166666666,-29.14008333333333,2.8,1.1711168333537956,1.6864286150251118
SB78481_component_2301a,45.832487,-31.975938,4.859000205993652,19.054903030395508,45.83120833333333,-31.97547222222222,4.5,0.749836651358975,1.0797778235541449
SB78481_component_2314a,46.992823,-28.446476,4.285999774932861,16.173583984375,46.99479166666666,-28.447277777777774,3.9,0.7631673775977235,1.0989743012648363
SB78481_component_2327a,49.704408,-29.040316,4.1570000648498535,18.7252254486084,49.701833333333326,-29.041638888888887,2.6,1.1102964319035895,1.5988461787884052
SB78481_component_2339a,45.954882,-29.774719,3.990999937057495,15.529182434082031,45.955124999999995,-29.775777777777773,7.7,0.35993431807588544,0.518311680137337
SB78481_component_2341a,45.953466,-33.648015,4.572999954223633,15.092409133911133,45.954833333333326,-33.647777777777776,3.2,0.9923925139794768,1.4290624856948853
SB78481_component_2342a,50.016148,-34.387945,4.421999931335449,20.284404754638672,50.01537499999999,-34.38883333333333,2.8,1.0967129230834782,1.5792856897626606
SB78481_component_2343a,47.70112,-33.450196,4.683000087738037,22.089622497558594,47.69862499999999,-33.448388888888886,3.9,0.8338574624178394,1.2007692532661633
SB78481_component_2346a,50.915725,-28.344775,4.454999923706055,18.258195877075195,50.91649999999999,-28.344138888888885,4.3,0.7194680393323306,1.036046493885129
SB78481_component_2353a,47.279577,-29.766955,4.3429999351501465,20.485849380493164,47.28029166666666,-29.764999999999997,3.5,0.8616959254255679,1.2408571243286133
SB78481_component_2356a,48.162733,-32.677593,4.485000133514404,25.482955932617188,48.16374999999999,-32.67616666666666,3.8,0.8196173148573359,1.1802631930301064
SB78481_component_2360a,47.576417,-34.606123,4.236999988555908,14.610344886779785,47.57574999999999,-34.605916666666666,4.9,0.6004746029215767,0.8646938752154915
SB78481_component_2361a,50.007279,-31.968005,4.571000099182129,27.53614616394043,50.00945833333333,-31.966527777777774,3.5,0.9069335066542972,1.306000028337751
SB78481_component_2362a,50.272119,-34.366096,4.300000190734863,18.29787254333496,50.27437499999999,-34.36691666666666,2.6,1.148490448515332,1.6538462272057166
SB78481_component_2364a,46.794674,-33.055077,4.51800012588501,21.211267471313477,46.79633333333333,-33.05577777777777,2.7,1.1620230299826515,1.6733333799574108
SB78481_component_2366a,51.771902,-29.888168,4.307000160217285,19.142223358154297,51.77170833333333,-29.889027777777773,3.2,0.9346675616649304,1.3459375500679016
SB78481_component_2371a,52.025916,-29.932488,4.502999782562256,20.468181610107422,52.025749999999995,-29.932611111111108,2.9,1.078291517835267,1.5527585457111228
SB78481_component_2376a,52.854746,-31.233164,4.119999885559082,19.433961868286133,52.85379166666666,-31.234777777777772,3.3,0.866992868009868,1.2484848138057825
SB78481_component_2386a,46.02103,-33.469692,4.4029998779296875,16.010908126831055,46.02041666666666,-33.46702777777777,3.2,0.9555005820357134,1.3759374618530273
SB78481_component_2400a,47.150029,-28.952384,4.019000053405762,18.2681827545166,47.14991666666666,-28.954249999999995,5.0,0.558187707900486,0.8038000106811524
SB78481_component_2415a,52.242895,-30.274783,4.041999816894531,19.91132926940918,52.24104166666666,-30.274888888888885,4.0,0.7017276011276141,1.0104999542236328
SB78481_component_2416a,51.363651,-32.091703,4.4670000076293945,22.004926681518555,51.36354166666666,-32.089305555555555,3.8,0.8163278579106746,1.175526317797209
SB78481_component_2431a,52.816577,-32.627278,4.254000186920166,18.49565315246582,52.81649999999999,-32.62597222222222,3.4,0.8688620897032047,1.2511765255647547
SB78481_component_2439a,52.159618,-30.743696,4.052999973297119,21.790321350097656,52.16087499999999,-30.742388888888886,4.4,0.6396702976636035,0.921136357567527
SB78481_component_2440a,48.329214,-30.350012,3.9549999237060547,22.86127281188965,48.329499999999996,-30.34933333333333,2.5,1.09859781678246,1.5819999694824218
SB78481_component_2450a,50.340377,-30.870193,4.5329999923706055,25.32402229309082,50.34020833333333,-30.870527777777774,3.0,1.0492928763503764,1.5109999974568684
SB78481_component_2454a,50.69031,-28.814673,4.284999847412109,18.876651763916016,50.69041666666666,-28.816083333333328,2.5,1.1902633547635915,1.7139999389648437
SB78481_component_2462a,50.538312,-33.65982,4.39900016784668,24.038251876831055,50.53816666666666,-33.66058333333333,3.1,0.9854271998792621,1.4190323122086064
SB78481_component_2477a,52.751924,-30.867301,4.257999897003174,20.373205184936523,52.75395833333333,-30.868777777777773,3.1,0.9538414993159571,1.3735483538719915
SB78481_component_2479a,45.654027,-31.83312,4.084000110626221,16.534414291381836,45.65333333333333,-31.833777777777772,3.1,0.9148635234744688,1.3174193905245872
SB78481_component_2490a,47.667368,-30.618087,3.927999973297119,21.005346298217773,47.667874999999995,-30.617749999999997,3.1,0.8799176783634316,1.2670967655797158
SB78481_component_2500a,49.857833,-32.536176,4.265999794006348,23.569061279296875,49.85829166666666,-32.53397222222222,2.3,1.2880278542563146,1.8547825191331948
SB78481_component_2506a,48.805915,-31.551341,4.122000217437744,20.507463455200195,48.80533333333333,-31.553055555555552,2.5,1.1449862268039057,1.6488000869750976
SB78481_component_2510a,48.124167,-29.263459,4.264999866485596,19.298641204833984,48.126416666666664,-29.264777777777773,3.9,0.7594281228377898,1.0935897093552809
SB78481_component_2513a,49.263969,-34.365379,4.2729997634887695,19.782405853271484,49.26449999999999,-34.364666666666665,4.4,0.6743920672675993,0.9711363098838112
SB78481_component_2525a,51.110013,-28.396331,4.210000038146973,17.04453468322754,51.110499999999995,-28.395999999999997,9.9,0.2953106884127489,0.4252525291057548
SB78481_component_2527a,49.147743,-33.269726,4.01800012588501,24.20482063293457,49.14766666666666,-33.270222222222216,3.9,0.7154472189180224,1.030256442534618
SB78481_component_2528a,52.072173,-31.093296,4.304999828338623,23.2702693939209,52.06991666666666,-31.09158333333333,4.5,0.6643437988334616,0.956666628519694
SB78481_component_2535a,50.179746,-34.133115,4.081999778747559,20.82653045654297,50.17954166666666,-34.134027777777774,2.3,1.2324729653015885,1.7747825124989387
SB78481_component_2537a,52.89534,-29.874979,4.214000225067139,16.99193572998047,52.89591666666666,-29.877249999999997,4.0,0.7315884223269248,1.0535000562667847
SB78481_component_2540a,48.202588,-31.029875,3.8239998817443848,20.559139251708984,48.20341666666666,-31.028916666666664,4.1,0.6476886316334538,0.9326828979864354
SB78481_component_2557a,51.296065,-32.914803,4.164999961853027,20.721391677856445,51.29624999999999,-32.915861111111106,2.6,1.1124331307151496,1.6019230622511642
SB78481_component_2559a,45.588823,-32.051507,3.3589999675750732,11.703832626342773,45.59020833333333,-32.05141666666666,5.4,0.4319649414870953,0.6220370310324209
SB78481_component_2568a,52.760333,-31.816053,4.031000137329102,20.461929321289062,52.76054166666666,-31.815138888888885,4.1,0.6827492269351151,0.98317076520222
SB78481_component_2575a,52.669637,-31.437241,4.2129998207092285,19.595348358154297,52.67141666666666,-31.43530555555555,4.1,0.7135753591347908,1.0275609318802996
SB78481_component_2602a,52.991388,-30.607385,3.934999942779541,15.553359985351562,52.99054166666666,-30.60994444444444,2.3,1.1880894930932835,1.710869540338931
SB78481_component_2603a,47.342052,-31.127755,3.8489999771118164,21.502792358398438,47.34170833333333,-31.12722222222222,2.3,1.162123633601038,1.6734782509181811
SB78481_component_2630a,52.451077,-30.064553,3.865999937057495,18.235849380493164,52.45104166666666,-30.06605555555555,2.2,1.2203135192686818,1.7572726986624976
SB78481_component_2633a,46.995552,-28.079984,3.88700008392334,10.678571701049805,46.99683333333333,-28.07786111111111,2.3,1.1735969571831735,1.6900000364884087
SB78481_component_2651a,48.911802,-34.926482,4.15500020980835,11.671348571777344,48.91049999999999,-34.92483333333333,3.0,0.9617939838350157,1.3850000699361165
SB78481_component_2657a,52.822901,-30.375637,4.01200008392334,18.153846740722656,52.82191666666666,-30.377861111111105,2.8,0.9950276815408988,1.4328571728297643
SB78481_component_2659a,49.136776,-33.354637,3.880000114440918,22.958580017089844,49.13649999999999,-33.355666666666664,3.5,0.7698319915238242,1.1085714612688338
SB78481_component_2660a,51.128399,-29.287776,3.4660000801086426,13.645668983459473,51.128208333333326,-29.287361111111107,3.5,0.6876901199979076,0.9902857371738979
SB78481_component_2675a,50.872938,-33.436495,3.627000093460083,18.411169052124023,50.87316666666666,-33.435805555555554,3.0,0.8395732113380211,1.209000031153361
SB78481_component_2684a,52.849946,-32.98415,3.618000030517578,13.550562858581543,52.84866666666666,-32.985499999999995,2.8,0.8973105949340741,1.2921428680419922
SB78481_component_2685a,46.848515,-29.497579,3.6679999828338623,17.140186309814453,46.84862499999999,-29.49997222222222,2.3,1.1074745371388708,1.5947826012321142
SB78481_component_2689a,47.652122,-28.454058,4.033999919891357,15.696497917175293,47.649583333333325,-28.453749999999996,2.6,1.0774442260001538,1.5515384307274451
SB78481_component_2707a,47.298735,-29.270295,3.7669999599456787,18.19806671142578,47.29791666666666,-29.270666666666664,3.7,0.7070109699743923,1.0181080972826158
SB78481_component_2718a,52.280004,-32.148398,3.2209999561309814,15.485576629638672,52.27949999999999,-32.14711111111111,3.8,0.5886259212061611,0.8476315674028899
SB78481_component_2732a,48.423862,-28.943145,3.6610000133514404,18.034482955932617,48.42341666666666,-28.94383333333333,5.3,0.47968498193046966,0.6907547195002718
SB78481_component_2754a,48.859416,-32.922243,3.5299999713897705,20.52325439453125,48.85737499999999,-32.921499999999995,3.2,0.7660497662414063,1.1031249910593033
SB78481_component_2772a,49.13934,-28.620176,3.5980000495910645,15.575757026672363,49.13912499999999,-28.62141666666666,2.7,0.9254003548051143,1.3325926109596533
SB78481_component_2803a,52.695871,-29.877454,3.749000072479248,16.090129852294922,52.69599999999999,-29.876916666666663,3.5,0.7438402337355416,1.0711428778512138
SB78481_component_2808a,51.223629,-30.488773,3.6110000610351562,17.360576629638672,51.22666666666666,-30.488777777777774,2.8,0.895574512366962,1.2896428789411274
SB78481_component_2813a,49.00753,-31.021613,3.489000082015991,19.170330047607422,49.00891666666666,-31.023138888888884,2.7,0.8973657224322817,1.2922222525985152
SB78481_component_2822a,45.420289,-31.0901,3.5959999561309814,10.996941566467285,45.421499999999995,-31.08941666666666,4.7,0.5313174512687374,0.7651063736448896
SB78481_component_2828a,51.942794,-29.718109,3.316999912261963,15.646225929260254,51.94204166666666,-29.719638888888884,4.3,0.5356847282177617,0.7713953284330146
SB78481_component_2829a,50.796221,-32.648551,3.5209999084472656,20.00568199157715,50.79487499999999,-32.64805555555555,2.9,0.8431411323358082,1.2141378994645744
SB78481_component_2837a,48.857929,-28.156143,3.3380000591278076,11.470789909362793,48.85966666666666,-28.156999999999996,3.4,0.6817728207254629,0.9817647232728847
SB78481_component_2870a,52.786223,-29.492506,3.006999969482422,12.223576545715332,52.78666666666666,-29.492277777777772,2.5,0.8352676776900578,1.2027999877929687
SB78481_component_2872a,50.569061,-29.847809,3.4070000648498535,12.808270454406738,50.568999999999996,-29.84880555555555,3.2,0.7393574006843827,1.0646875202655792
SB78481_component_2875a,48.237565,-29.870994,3.2739999294281006,15.1574068069458,48.23695833333333,-29.871277777777774,2.2,1.0334470876910424,1.488181786103682
SB78481_component_2885a,53.420428,-31.826424,3.4079999923706055,11.1737699508667,53.420874999999995,-31.823972222222217,2.2,1.0757445763237126,1.5490909056230024
SB78481_component_2892a,47.060587,-33.680636,3.3949999809265137,14.570816040039062,47.05870833333333,-33.68127777777777,2.2,1.071641086935674,1.5431818095120515
SB78481_component_2898a,51.83999,-34.574499,3.369999885559082,10.597484588623047,51.84137499999999,-34.57330555555555,2.4,0.9751039265305236,1.404166618982951
SB78481_component_2900a,52.984239,-28.804523,3.2880001068115234,10.745098114013672,52.985833333333325,-28.806138888888885,3.7,0.6171096813142102,0.8886486775166279
SB78481_component_2910a,51.699867,-31.757626,2.9059998989105225,16.325841903686523,51.70104166666666,-31.756111111111107,3.0,0.6726770345761843,0.9686666329701742
SB78481_component_2944a,48.045123,-28.444367,2.746000051498413,10.853755950927734,48.045083333333324,-28.443111111111108,2.9,0.6575591175847472,0.9468965694822115
SB78481_component_2965a,46.936801,-31.835001,2.992000102996826,16.0,46.93879166666666,-31.83519444444444,3.3,0.629622044280962,0.9066666978778262
SB78481_component_2987a,47.391482,-32.61527,3.181999921798706,16.835979461669922,47.38999999999999,-32.61322222222222,3.0,0.7365651568741194,1.0606666405995686
SB78481_component_3010a,52.89577,-32.580287,3.244999885559082,12.725489616394043,52.89579166666666,-32.579833333333326,3.0,0.7511483056266794,1.081666628519694
SB78481_component_3017a,47.79438,-29.381691,3.0910000801086426,14.860576629638672,47.792583333333326,-29.38030555555555,3.3,0.6504551210948556,0.9366666909420129
SB78481_component_3050a,49.034172,-32.497548,2.928999900817871,18.306249618530273,49.03674999999999,-32.49769444444444,2.5,0.8136012537212147,1.1715999603271485
SB78481_component_3070a,53.286519,-31.66979,3.2239999771118164,11.432623863220215,53.28566666666666,-31.66891666666666,2.4,0.9328590930484574,1.3433333237965903
SB78481_component_3076a,46.463334,-29.6943,3.0769999027252197,13.798205375671387,46.46225,-29.695222222222217,2.8,0.7631355970252638,1.0989285366875785
SB78481_component_3100a,47.987183,-31.098397,2.6600000858306885,14.378378868103027,47.987958333333324,-31.098999999999997,2.6,0.7104615246783087,1.0230769560887263
SB78481_component_3113a,53.076355,-28.994434,3.0889999866485596,10.83859634399414,53.076583333333325,-28.99422222222222,2.6,0.8250434471547232,1.1880769179417536
SB78481_component_3144a,49.525612,-31.851835,2.996999979019165,16.46703338623047,49.523999999999994,-31.852416666666663,3.2,0.650382762595108,0.9365624934434891
SB78481_component_3174a,52.503274,-30.827431,3.0369999408721924,15.184999465942383,52.50249999999999,-30.82572222222222,2.6,0.8111547138413623,1.1680769003354585
SB78481_component_3187a,52.682866,-31.538977,2.6110000610351562,12.613526344299316,52.68574999999999,-31.539027777777775,2.4,0.7554885751173958,1.087916692097982
SB78481_component_3189a,51.785392,-33.699418,2.7269999980926514,12.98571491241455,51.784458333333326,-33.69875,5.3,0.35730700356156814,0.5145283015269154
SB78481_component_3200a,47.792455,-32.584837,2.9519999027252197,16.399999618530273,47.791083333333326,-32.584916666666665,3.5,0.5857071899650058,0.843428543635777
SB78481_component_3206a,49.277574,-28.684973,2.5820000171661377,11.78995418548584,49.28016666666666,-28.68622222222222,3.2,0.5603230950754672,0.806875005364418
SB78481_component_3220a,52.490083,-31.576347,3.065000057220459,13.502202987670898,52.490249999999996,-31.577805555555553,2.2,0.9674757028662063,1.3931818441911177
SB78481_component_3236a,48.692357,-28.29015,2.9639999866485596,11.951613426208496,48.68941666666666,-28.289916666666663,2.5,0.823323382323625,1.1855999946594238
SB78481_component_3273a,46.709398,-33.50514,2.7730000019073486,11.800000190734863,46.71079166666666,-33.50427777777777,2.9,0.664024544836303,0.9562068972094306
SB78481_component_3316a,51.495325,-31.554624,2.746999979019165,15.093406677246094,51.49699999999999,-31.553861111111107,2.9,0.6577985609372102,0.9472413720755741
SB78481_component_3320a,46.652932,-32.973296,2.805000066757202,12.866972923278809,46.65041666666666,-32.973861111111106,3.5,0.5565409082281196,0.8014285905020577
SB78481_component_3332a,50.288688,-30.877139,2.513000011444092,14.039105415344238,50.289874999999995,-30.877111111111105,3.0,0.5817059375060145,0.8376666704813639
SB78481_component_3373a,46.440008,-29.82768,2.700000047683716,12.053571701049805,46.44029166666666,-29.825194444444442,3.0,0.624992459948933,0.9000000158945719
SB78481_component_3473a,53.222527,-31.846985,2.6500000953674316,10.03787899017334,53.221458333333324,-31.84608333333333,2.7,0.6815761519417791,0.9814815168027524
SB78481_component_3590a,50.238852,-31.726244,2.311000108718872,12.910614967346191,50.23891666666666,-31.72530555555555,2.2,0.7294735441324173,1.0504545948722146
SB78481_component_3772a,48.594853,-33.239493,2.1730000972747803,12.276836395263672,48.59508333333333,-33.23919444444444,3.8,0.39710779306431987,0.5718421308617843
SB78481_component_3797a,48.96441,-30.979934,2.134000062942505,11.988763809204102,48.965374999999995,-30.981222222222218,4.5,0.3293170185963026,0.47422223620944554
SB78481_component_3928a,49.23341,-32.604637,1.8589999675750732,11.266666412353516,49.232791666666664,-32.60583333333333,3.8,0.3397254217136051,0.489210517782914
SB78481_component_4152a,52.184236,-31.552165,1.9450000524520874,10.130208969116211,52.18195833333333,-31.552638888888886,2.8,0.4823850579025329,0.6946428758757456
