Component_ID,RA,DEC,ASKAP_flux,ASKAP_flux_SNR,RA_comp,DEC_comp,Comp_flux,Flux_Ratio_AlphaCorr,Flux_Ratio_NOAlphaCorr
SB78803_component_5a,31.680093,-30.416181,978.4769897460938,1338.5457763671875,31.680131912231445,-30.41619110107422,960.8641967773438,0.9696829915046692,1.0183302164077759
SB78803_component_7a,38.984339,-28.846327,964.4000244140625,1265.6168212890625,38.98432922363281,-28.846351623535156,1013.1961059570312,0.9063686728477478,0.9518394470214844
SB78803_component_10a,33.373829,-33.978791,725.4580078125,1361.08447265625,33.37382125854492,-33.97880172729492,662.741943359375,1.0423389673233032,1.0946311950683594
SB78803_component_11a,36.600318,-30.692254,624.594970703125,1810.420166015625,36.600345611572266,-30.692245483398438,612.77197265625,0.9706010222434998,1.019294261932373
SB78803_component_14a,37.060473,-29.077387,556.531982421875,1617.825439453125,37.06047439575195,-29.077396392822266,542.619384765625,0.9766433835029602,1.0256396532058716
SB78803_component_19a,38.306588,-29.923472,424.09600830078125,1423.140869140625,38.306583404541016,-29.923500061035156,408.7051086425781,0.9880872368812561,1.0376577377319336
SB78803_component_21a,31.055297,-30.684441,394.5799865722656,579.41259765625,31.05535316467285,-30.68442153930664,356.1439514160156,1.0549956560134888,1.1079227924346924
SB78803_component_27a,39.12978,-29.898762,294.9110107421875,623.4905395507812,39.129798889160156,-29.898799896240234,290.27447509765625,0.9674383401870728,1.0159729719161987
SB78803_component_32a,36.802867,-31.974569,265.1099853515625,1199.5926513671875,36.802879333496094,-31.97458267211914,243.09820556640625,1.038449764251709,1.0905468463897705
SB78803_component_33a,36.376624,-30.614304,253.72900390625,915.9891357421875,36.37666702270508,-30.614301681518555,240.82749938964844,1.0032408237457275,1.0535715818405151
SB78803_component_35a,35.805905,-33.269608,245.03199768066406,972.3491821289062,35.805908203125,-33.26960372924805,222.5408935546875,1.0484654903411865,1.1010650396347046
SB78803_component_36a,33.990817,-28.573637,238.43600463867188,776.6644897460938,33.990840911865234,-28.57366180419922,205.3863983154297,1.1054556369781494,1.1609143018722534
SB78803_component_37a,34.313642,-27.265342,243.39300537109375,383.900634765625,34.3137092590332,-27.265396118164062,216.4162139892578,1.0709260702133179,1.12465238571167
SB78803_component_38a,32.911902,-31.643118,224.29100036621094,930.6680908203125,32.911949157714844,-31.64314079284668,202.19802856445312,1.0562728643417358,1.1092640161514282
SB78803_component_40a,34.72447,-35.460957,231.52000427246094,218.621337890625,34.724464416503906,-35.4609489440918,212.4801483154297,1.037555456161499,1.0896077156066895
SB78803_component_41a,37.935771,-34.334219,223.1840057373047,604.834716796875,37.9357795715332,-34.334224700927734,228.7257537841797,0.9291571378707886,0.9757711887359619
SB78803_component_42a,33.82063,-32.728096,210.02000427246094,972.3148193359375,33.82063293457031,-32.72810363769531,189.09629821777344,1.057593584060669,1.1106510162353516
SB78803_component_44a,32.613546,-27.512162,219.11900329589844,205.7455291748047,32.613555908203125,-27.512226104736328,202.28713989257812,1.0314613580703735,1.0832077264785767
SB78803_component_46a,33.751563,-32.976927,201.00799560546875,877.76416015625,33.751548767089844,-32.976924896240234,177.5645751953125,1.0779489278793335,1.1320276260375977
SB78803_component_49a,34.174202,-32.259066,198.57000732421875,927.897216796875,34.1741943359375,-32.25908279418945,180.72012329101562,1.046280860900879,1.0987708568572998
SB78803_component_50a,37.482392,-33.177182,195.7729949951172,833.0765991210938,37.48241424560547,-33.17720031738281,183.5663604736328,1.0155489444732666,1.0664970874786377
SB78803_component_51a,35.329448,-29.120989,195.12100219726562,759.2257080078125,35.32944869995117,-29.12101173400879,184.33145141601562,1.0079656839370728,1.0585334300994873
SB78803_component_54a,37.858331,-28.701791,211.0019989013672,767.2799682617188,37.858299255371094,-28.701805114746094,218.80442810058594,0.9182726144790649,0.9643406271934509
SB78803_component_58a,37.129957,-29.768434,177.2239990234375,757.3675537109375,37.12993621826172,-29.768428802490234,169.211669921875,0.997317373752594,1.0473508834838867
SB78803_component_61a,34.566947,-27.895064,188.55499267578125,429.5102233886719,34.566951751708984,-27.895109176635742,164.30467224121094,1.092771291732788,1.14759361743927
SB78803_component_64a,35.917441,-28.37842,159.91799926757812,253.0347900390625,35.91740798950195,-28.378454208374023,153.5655975341797,0.9916183948516846,1.0413661003112793
SB78803_component_65a,34.872115,-29.511403,159.89300537109375,655.2991943359375,34.87207794189453,-29.511425018310547,147.05319213867188,1.0353714227676392,1.0873141288757324
SB78803_component_66a,33.857702,-29.906271,161.177001953125,588.2372436523438,33.857730865478516,-29.906280517578125,149.5936737060547,1.0259613990783691,1.0774319171905518
SB78803_component_67a,31.45198,-30.876475,156.9149932861328,412.9342041015625,31.45201301574707,-30.8764705657959,147.2736358642578,1.0145666599273682,1.0654655694961548
SB78803_component_69a,33.446804,-31.831962,156.32200622558594,777.7213745117188,33.44683837890625,-31.831989288330078,139.67076110839844,1.065751075744629,1.119217872619629
SB78803_component_70a,38.653807,-32.077351,147.41900634765625,465.044189453125,38.65379333496094,-32.077369689941406,128.95692443847656,1.08855402469635,1.1431647539138794
SB78803_component_71a,36.192283,-31.371157,150.4770050048828,651.4155883789062,36.192317962646484,-31.37116813659668,140.61192321777344,1.0190352201461792,1.0701582431793213
SB78803_component_73a,33.427548,-32.798042,161.9409942626953,726.1928100585938,33.42753982543945,-32.79803466796875,145.16812133789062,1.062250018119812,1.1155409812927246
SB78803_component_74a,35.920525,-30.361183,150.9080047607422,698.6481323242188,35.92057418823242,-30.3612003326416,138.77772521972656,1.0354608297348022,1.0874079465866089
SB78803_component_76a,37.882879,-28.251956,151.51400756835938,430.4375305175781,37.882835388183594,-28.25196075439453,159.10118103027344,0.9068188667297363,0.9523122906684875
SB78803_component_77a,35.163844,-31.423717,144.01600646972656,692.3846435546875,35.16383743286133,-31.423763275146484,140.78213500976562,0.9741019010543823,1.0229707956314087
SB78803_component_78a,38.785214,-32.375992,145.8979949951172,438.1321105957031,38.78519821166992,-32.37601852416992,132.35276794433594,1.049681305885315,1.102341890335083
SB78803_component_79a,30.611178,-33.684426,151.14599609375,160.11228942871094,30.611286163330078,-33.68441390991211,195.53213500976562,0.7360709309577942,0.7729982137680054
SB78803_component_82a,31.481219,-34.735889,146.5189971923828,229.29420471191406,31.481290817260742,-34.735877990722656,210.73800659179688,0.6620522141456604,0.6952661275863647
SB78803_component_83a,37.253704,-28.103476,140.8000030517578,400.0,37.253665924072266,-28.103496551513672,141.94569396972656,0.9445427060127258,0.9919286966323853
SB78803_component_86a,33.036286,-34.519843,150.14599609375,472.1572265625,33.036277770996094,-34.519840240478516,142.21131896972656,1.005358099937439,1.0557949542999268
SB78803_component_87a,39.820174,-32.348621,143.56199645996094,178.78207397460938,39.8200569152832,-32.348663330078125,119.04035949707031,1.1483821868896484,1.2059943675994873
SB78803_component_89a,37.604486,-29.525504,129.31100463867188,557.3750610351562,37.60445785522461,-29.5255069732666,124.18341827392578,0.9915463924407959,1.0412904024124146
SB78803_component_92a,34.875801,-29.370404,128.33999633789062,555.5844116210938,34.87576675415039,-29.370420455932617,122.52195739746094,0.9974457025527954,1.0474857091903687
SB78803_component_94a,35.178634,-34.083362,130.6490020751953,585.8699340820312,35.17863082885742,-34.0833740234375,118.15374755859375,1.0529305934906006,1.1057541370391846
SB78803_component_98a,38.560136,-31.265534,122.76599884033203,459.7977600097656,38.560142517089844,-31.26557159423828,111.60015106201172,1.0475010871887207,1.1000522375106812
SB78803_component_100a,33.318324,-29.72388,124.06800079345703,516.9500122070312,33.318359375,-29.72389030456543,112.19580841064453,1.052990198135376,1.1058167219161987
SB78803_component_102a,33.196108,-30.916567,120.08699798583984,548.3424682617188,33.19612121582031,-30.91657257080078,110.94329833984375,1.0307090282440186,1.0824177265167236
SB78803_component_106a,33.45086,-27.293267,123.18699645996094,100.80768585205078,33.45083999633789,-27.29334259033203,112.1264419555664,1.0461597442626953,1.0986435413360596
SB78803_component_115a,34.95617,-30.638474,108.50800323486328,514.2559204101562,34.95616149902344,-30.638507843017578,104.93793487548828,0.9846240282058716,1.0340207815170288
SB78803_component_120a,37.686026,-27.66211,114.77400207519531,170.79464721679688,37.68597412109375,-27.662099838256836,123.3726806640625,0.8858612179756165,0.9303032159805298
SB78803_component_121a,37.771733,-30.052348,106.27300262451172,474.43304443359375,37.7717170715332,-30.0523624420166,102.43714904785156,0.987885594367981,1.0374459028244019
SB78803_component_122a,34.427286,-33.75512,113.03800201416016,530.69482421875,34.42726516723633,-33.75513458251953,102.29351806640625,1.0522465705871582,1.1050357818603516
SB78803_component_123a,38.366522,-33.848684,106.73899841308594,462.0735778808594,38.36653137207031,-33.84870910644531,109.34578704833984,0.9295275211334229,0.9761601090431213
SB78803_component_124a,36.433023,-30.068942,102.17900085449219,466.57080078125,36.433074951171875,-30.068952560424805,99.66271209716797,0.9762703776359558,1.0252480506896973
SB78803_component_126a,32.396404,-32.355056,106.9540023803711,532.1094360351562,32.39641189575195,-32.35508346557617,97.46870422363281,1.044895887374878,1.0973163843154907
SB78803_component_127a,37.249612,-33.435151,108.99500274658203,497.694091796875,37.24964141845703,-33.43516540527344,100.11470031738281,1.0366923809051514,1.0887012481689453
SB78803_component_129a,39.516986,-32.373494,107.72000122070312,209.98049926757812,39.51692199707031,-32.373512268066406,93.09403228759766,1.1018327474594116,1.1571096181869507
SB78803_component_131a,35.126997,-34.836165,109.09300231933594,309.9233093261719,35.12700653076172,-34.8361701965332,94.52140808105469,1.099025845527649,1.154161810874939
SB78803_component_133a,33.889427,-28.755056,99.83300018310547,379.5931396484375,33.88943862915039,-28.75507354736328,82.17906188964844,1.1567888259887695,1.214822769165039
SB78803_component_136a,31.606605,-30.621175,96.00499725341797,305.7483825683594,31.606630325317383,-30.62117576599121,85.50894165039062,1.0691126585006714,1.1227480173110962
SB78803_component_138a,31.17289,-28.927333,104.30400085449219,141.9102020263672,31.172969818115234,-28.927385330200195,91.77912139892578,1.0821768045425415,1.1364675760269165
SB78803_component_143a,32.813184,-31.488875,96.66100311279297,469.2281799316406,32.81321716308594,-31.48890495300293,88.32266235351562,1.042126178741455,1.0944076776504517
SB78803_component_145a,36.084612,-31.556161,92.18599700927734,485.189453125,36.084651947021484,-31.556182861328125,86.94603729248047,1.0096162557601929,1.0602668523788452
SB78803_component_147a,37.321178,-33.276822,91.82499694824219,419.292236328125,37.32120132446289,-33.27684783935547,87.46106719970703,0.9997406005859375,1.0498956441879272
SB78803_component_148a,37.054055,-31.044381,97.38500213623047,371.698486328125,37.05405044555664,-31.044395446777344,97.41340637207031,0.9519508481025696,0.9997084140777588
SB78803_component_149a,36.438515,-31.262206,91.62799835205078,416.49090576171875,36.43854904174805,-31.262222290039062,83.11591339111328,1.0497483015060425,1.102412223815918
SB78803_component_150a,34.740834,-30.746916,94.4990005493164,433.4816589355469,34.74079513549805,-30.746931076049805,87.200439453125,1.0319287776947021,1.0836986303329468
SB78803_component_151a,37.783328,-33.709525,91.18099975585938,414.4591064453125,37.78335952758789,-33.70954132080078,94.6376724243164,0.9174479842185974,0.963474690914154
SB78803_component_154a,33.082739,-27.919963,90.14800262451172,151.50924682617188,33.082786560058594,-27.920026779174805,76.4513931274414,1.1228244304656982,1.1791545152664185
SB78803_component_158a,34.97047,-30.026697,91.43099975585938,437.4688720703125,34.97042465209961,-30.02672004699707,87.2541732788086,0.9978113174438477,1.0478696823120117
SB78803_component_159a,37.259376,-30.572043,85.7020034790039,408.10479736328125,37.2593879699707,-30.572038650512695,82.74530792236328,0.9862539768218994,1.0357325077056885
SB78803_component_164a,35.243692,-33.886976,84.5250015258789,402.5000305175781,35.243690490722656,-33.88697814941406,75.82779693603516,1.0614460706710815,1.114696741104126
SB78803_component_167a,39.635436,-31.282758,88.13800048828125,155.1725311279297,39.635311126708984,-31.282794952392578,82.45448303222656,1.01786470413208,1.0689291954040527
SB78803_component_169a,30.991193,-30.872031,85.53500366210938,147.72885131835938,30.991294860839844,-30.872039794921875,85.50116729736328,0.9526053071022034,1.0003957748413086
SB78803_component_172a,30.812625,-31.941685,88.88500213623047,148.6371307373047,30.812681198120117,-31.941688537597656,85.84461212158203,0.9859539270401001,1.0354173183441162
SB78803_component_173a,33.70822,-33.550696,78.91300201416016,404.68206787109375,33.70820999145508,-33.550716400146484,69.9620132446289,1.0740572214126587,1.1279406547546387
SB78803_component_175a,37.422817,-35.493331,85.10600280761719,166.87451171875,37.42287826538086,-35.493309020996094,90.570556640625,0.8947759866714478,0.9396652579307556
SB78803_component_178a,36.723783,-30.264811,77.19599914550781,325.72149658203125,36.72380065917969,-30.264827728271484,74.06185913085938,0.9925247430801392,1.0423178672790527
SB78803_component_180a,34.075326,-27.643812,80.43699645996094,134.06166076660156,34.07534408569336,-27.64386558532715,74.86831665039062,1.023054838180542,1.0743796825408936
SB78803_component_182a,38.153066,-28.657281,76.9749984741211,281.9596862792969,38.15303421020508,-28.65727424621582,90.85670471191406,0.8067405223846436,0.8472132086753845
SB78803_component_184a,32.192666,-28.557492,76.4469985961914,235.94752502441406,32.192718505859375,-28.557540893554688,67.4880599975586,1.078635334968567,1.1327484846115112
SB78803_component_198a,32.172292,-30.954622,74.4020004272461,335.1441345214844,32.17229080200195,-30.95464324951172,66.06881713867188,1.0723320245742798,1.1261287927627563
SB78803_component_199a,33.492306,-27.992373,71.32099914550781,162.46240234375,33.49231719970703,-27.992416381835938,66.8875961303711,1.0153435468673706,1.0662814378738403
SB78803_component_202a,38.668786,-30.10809,70.43900299072266,259.9225158691406,38.668827056884766,-30.108144760131836,66.180908203125,1.0134950876235962,1.0643402338027954
SB78803_component_204a,37.336754,-33.786573,70.4260025024414,335.3619384765625,37.336788177490234,-33.78660202026367,67.71458435058594,0.990357518196106,1.0400418043136597
SB78803_component_208a,39.027736,-32.636661,70.75299835205078,229.717529296875,39.02769088745117,-32.63668441772461,62.19662857055664,1.083226203918457,1.1375696659088135
SB78803_component_211a,38.125183,-34.367652,66.29299926757812,209.7879638671875,38.12519454956055,-34.3676872253418,81.070556640625,0.7786561250686646,0.8177198171615601
SB78803_component_214a,38.121039,-27.405879,72.79000091552734,59.27524185180664,38.12091827392578,-27.405838012695312,85.96919250488281,0.8062505722045898,0.8466986417770386
SB78803_component_218a,37.298097,-31.977322,65.11900329589844,293.3288269042969,37.29810333251953,-31.977331161499023,61.882450103759766,1.0020315647125244,1.0523016452789307
SB78803_component_223a,31.897347,-27.884574,65.39800262451172,86.73474884033203,31.89746856689453,-27.884647369384766,60.004127502441406,1.0378259420394897,1.089891791343689
SB78803_component_224a,35.41498,-32.300477,71.03600311279297,383.9783935546875,35.414981842041016,-32.30049514770508,65.49691009521484,1.0327587127685547,1.084570288658142
SB78803_component_227a,31.683635,-30.605685,64.6969985961914,199.06768798828125,31.683650970458984,-30.605714797973633,56.914306640625,1.0824400186538696,1.1367440223693848
SB78803_component_232a,38.832987,-29.163162,63.005001068115234,195.06192016601562,38.83301544189453,-29.163188934326172,64.67040252685547,0.9277065396308899,0.9742478728294373
SB78803_component_233a,36.277468,-33.919235,62.81700134277344,288.1513977050781,36.277435302734375,-33.919246673583984,61.745323181152344,0.9687557220458984,1.0173563957214355
SB78803_component_236a,33.889776,-32.653989,63.472999572753906,330.5885314941406,33.88976287841797,-32.65400314331055,56.54464340209961,1.0689040422439575,1.1225289106369019
SB78803_component_239a,39.187746,-30.066107,60.04999923706055,146.1070556640625,39.187808990478516,-30.06615447998047,59.32930374145508,0.96379554271698,1.0121474266052246
SB78803_component_240a,35.640028,-30.025727,59.875999450683594,315.1368408203125,35.640045166015625,-30.02573585510254,56.62397384643555,1.006916880607605,1.057431936264038
SB78803_component_241a,34.889975,-32.886881,61.422000885009766,381.50311279296875,34.88996505737305,-32.88689041137695,57.16396713256836,1.0231581926345825,1.0744880437850952
SB78803_component_243a,40.089303,-33.519413,61.0629997253418,50.340476989746094,40.08916473388672,-33.519447326660156,64.18114471435547,0.9059658646583557,0.9514164924621582
SB78803_component_246a,35.640506,-32.132052,62.72700119018555,364.6918640136719,35.640506744384766,-32.13206100463867,57.11164093017578,1.0458539724349976,1.0983225107192993
SB78803_component_250a,38.701059,-33.160268,58.67399978637695,241.456787109375,38.701053619384766,-33.160308837890625,56.214630126953125,0.9938881397247314,1.0437496900558472
SB78803_component_251a,38.226085,-31.154196,58.21500015258789,262.229736328125,38.22609329223633,-31.154226303100586,53.65098190307617,1.0332332849502563,1.085068702697754
SB78803_component_252a,36.315469,-35.216385,62.433998107910156,97.7057876586914,36.31548309326172,-35.21641540527344,56.305999755859375,1.0558631420135498,1.1088337898254395
SB78803_component_253a,34.883746,-28.097291,56.737998962402344,171.93331909179688,34.88370132446289,-28.09732437133789,53.648231506347656,1.0070703029632568,1.0575931072235107
SB78803_component_256a,32.150696,-29.861634,57.32899856567383,238.87083435058594,32.15073013305664,-29.86166000366211,57.01693344116211,0.9574402570724487,1.005473256111145
SB78803_component_258a,37.118168,-28.47502,56.00299835205078,224.91163635253906,37.11814880371094,-28.475065231323242,55.21308135986328,0.9658517241477966,1.014306664466858
SB78803_component_260a,36.470105,-30.754626,55.792999267578125,202.1485595703125,36.470149993896484,-30.75462532043457,51.101016998291016,1.0396599769592285,1.0918177366256714
SB78803_component_264a,34.226543,-32.995259,57.40700149536133,306.9892883300781,34.226497650146484,-32.9952507019043,52.5765266418457,1.0397145748138428,1.0918750762939453
SB78803_component_266a,37.960094,-30.459125,54.1879997253418,254.40374755859375,37.96006774902344,-30.459163665771484,52.075626373291016,0.9908542633056641,1.0405635833740234
SB78803_component_268a,33.28769,-33.88635,53.74599838256836,175.06838989257812,33.28769302368164,-33.88638687133789,49.423492431640625,1.0355089902877808,1.0874584913253784
SB78803_component_274a,33.878109,-34.525738,57.34400177001953,189.8808135986328,33.87813949584961,-34.525753021240234,50.97149658203125,1.0712770223617554,1.125020980834961
SB78803_component_276a,34.327418,-34.127195,51.512001037597656,245.29525756835938,34.32742691040039,-34.12723159790039,54.530662536621094,0.8995158076286316,0.9446428418159485
SB78803_component_277a,33.162477,-30.292653,52.154998779296875,262.0854187011719,33.16249465942383,-30.292659759521484,48.67456817626953,1.02031672000885,1.0715041160583496
SB78803_component_280a,35.515944,-31.146998,49.430999755859375,268.646728515625,35.51594924926758,-31.147024154663086,46.26219177246094,1.0174529552459717,1.0684967041015625
SB78803_component_282a,34.92278,-29.432067,49.37799835205078,219.45777893066406,34.9227409362793,-29.432100296020508,49.68842697143555,0.9462794065475464,0.9937524795532227
SB78803_component_284a,34.482658,-32.281886,50.12699890136719,283.203369140625,34.482666015625,-32.28190231323242,47.33946990966797,1.0082993507385254,1.058883786201477
SB78803_component_285a,35.526138,-28.173097,49.994998931884766,159.7284393310547,35.52610397338867,-28.173158645629883,45.21189498901367,1.0529676675796509,1.1057929992675781
SB78803_component_286a,34.926157,-33.327581,49.75299835205078,263.2433776855469,34.92612838745117,-33.32758712768555,46.413551330566406,1.0207412242889404,1.07194983959198
SB78803_component_288a,30.843173,-32.040487,53.65599822998047,90.94237518310547,30.84322166442871,-32.040504455566406,50.25288009643555,1.016713261604309,1.06771981716156
SB78803_component_290a,39.448015,-32.456462,50.66400146484375,111.59471893310547,39.44794845581055,-32.4565315246582,44.401615142822266,1.0865304470062256,1.1410396099090576
SB78803_component_291a,34.681394,-28.3179,47.85200119018555,181.25758361816406,34.681373596191406,-28.31792449951172,40.8622932434082,1.1151121854782104,1.1710551977157593
SB78803_component_295a,38.497908,-34.87542,48.20100021362305,89.2611083984375,38.497894287109375,-34.875370025634766,53.398807525634766,0.8595391511917114,0.902660608291626
SB78803_component_302a,36.446376,-33.941074,48.369998931884766,200.7053985595703,36.446372985839844,-33.94107437133789,44.56810760498047,1.0334585905075073,1.0853052139282227
SB78803_component_306a,36.492106,-33.907914,50.207000732421875,205.76638793945312,36.49208450317383,-33.90792465209961,47.56207275390625,1.005181908607483,1.0556100606918335
SB78803_component_309a,37.167602,-32.228709,44.327999114990234,215.18446350097656,37.16761779785156,-32.228721618652344,40.50951385498047,1.0419869422912598,1.0942614078521729
SB78803_component_312a,32.460143,-32.766431,44.67399978637695,224.49246215820312,32.46012878417969,-32.7664680480957,42.58884811401367,0.9988495707511902,1.0489600896835327
SB78803_component_315a,32.406742,-28.385942,44.569000244140625,132.6458282470703,32.406803131103516,-28.385988235473633,38.064083099365234,1.1149585247039795,1.1708937883377075
SB78803_component_317a,38.623454,-28.397011,44.262001037597656,118.98387145996094,38.623409271240234,-28.396987915039062,48.01695251464844,0.8777636885643005,0.9217994809150696
SB78803_component_319a,36.470907,-30.185688,42.71200180053711,185.704345703125,36.47097396850586,-30.18568992614746,48.449886322021484,0.8394567370414734,0.8815707564353943
SB78803_component_321a,36.76621,-28.710365,42.0099983215332,174.3153533935547,36.76620101928711,-28.710369110107422,42.3515510559082,0.944549024105072,0.9919353127479553
SB78803_component_322a,37.508688,-35.034157,45.301998138427734,79.33800506591797,37.50871276855469,-35.0341911315918,46.74192428588867,0.9228942394256592,0.9691941142082214
SB78803_component_325a,35.043573,-34.588513,43.481998443603516,165.33078002929688,35.04356384277344,-34.588504791259766,40.898860931396484,1.0123704671859741,1.0631591081619263
SB78803_component_332a,32.91756,-31.102228,43.29800033569336,210.18446350097656,32.91753005981445,-31.102251052856445,38.33197784423828,1.0755925178527832,1.129552960395813
SB78803_component_334a,39.920736,-29.901354,42.27799987792969,35.3494987487793,39.92058563232422,-29.90139389038086,45.165531158447266,0.8913504481315613,0.9360678195953369
SB78803_component_339a,39.893284,-29.921962,42.097999572753906,37.58749771118164,39.89324188232422,-29.922040939331055,43.46529769897461,0.9222739934921265,0.968542754650116
SB78803_component_340a,35.092529,-30.965591,38.91899871826172,208.12298583984375,35.09251403808594,-30.965641021728516,35.02947235107422,1.057960033416748,1.1110358238220215
SB78803_component_341a,36.328575,-27.990011,41.39899826049805,110.39733123779297,36.32846450805664,-27.990032196044922,40.6415901184082,0.9699744582176208,1.0186362266540527
SB78803_component_342a,37.403294,-32.248467,39.915000915527344,179.79730224609375,37.40333938598633,-32.24849319458008,35.654029846191406,1.066028118133545,1.1195088624954224
SB78803_component_344a,32.173168,-33.004583,39.26499938964844,178.47726440429688,32.173187255859375,-33.00459671020508,40.45737838745117,0.9241639375686646,0.9705275297164917
SB78803_component_347a,35.893297,-32.295917,40.619998931884766,240.3550262451172,35.893333435058594,-32.29591369628906,40.04848861694336,0.9658172130584717,1.0142704248428345
SB78803_component_350a,36.018801,-30.201814,38.89699935913086,187.0048065185547,36.01887893676758,-30.20183563232422,38.65176773071289,0.9582700133323669,1.0063446760177612
SB78803_component_351a,36.901042,-33.185744,40.11199951171875,202.5858612060547,36.901039123535156,-33.18577575683594,36.85761642456055,1.0363065004348755,1.0882960557937622
SB78803_component_356a,39.35409,-34.883377,40.875999450683594,37.70848846435547,39.3538703918457,-34.883262634277344,47.08702087402344,0.8266246318817139,0.868094801902771
SB78803_component_359a,32.824672,-30.745465,37.60599899291992,180.79806518554688,32.824668884277344,-30.74547576904297,35.07538604736328,1.0209296941757202,1.0721478462219238
SB78803_component_360a,35.797076,-34.213405,40.448001861572266,183.85455322265625,35.79710006713867,-34.213409423828125,36.93075942993164,1.0429176092147827,1.0952388048171997
SB78803_component_361a,39.906945,-30.727016,38.207000732421875,45.702152252197266,39.906837463378906,-30.727128982543945,36.03550338745117,1.0096096992492676,1.0602599382400513
SB78803_component_363a,32.078606,-33.1208,38.266998291015625,169.322998046875,32.078590393066406,-33.12080764770508,39.73347091674805,0.9170838594436646,0.9630922675132751
SB78803_component_365a,33.283926,-29.603594,38.948001861572266,165.03390502929688,33.283912658691406,-29.603591918945312,35.913455963134766,1.032688021659851,1.084496021270752
SB78803_component_366a,34.765281,-28.993104,37.5260009765625,172.93089294433594,34.76529312133789,-28.99311637878418,32.38682174682617,1.1033291816711426,1.1586811542510986
SB78803_component_367a,38.890379,-27.939322,38.25400161743164,55.28034973144531,38.890419006347656,-27.93933868408203,43.53628921508789,0.8366939425468445,0.8786693215370178
SB78803_component_374a,34.815108,-33.184749,37.33000183105469,190.45919799804688,34.8150749206543,-33.184783935546875,33.91685104370117,1.0480539798736572,1.100632905960083
SB78803_component_375a,35.707775,-31.697075,37.54600143432617,193.5360870361328,35.707801818847656,-31.69709587097168,35.024147033691406,1.0207921266555786,1.0720033645629883
SB78803_component_376a,31.18753,-31.354723,39.81700134277344,103.96084594726562,31.187644958496094,-31.354726791381836,37.32084655761719,1.0159169435501099,1.0668836832046509
SB78803_component_377a,31.389915,-33.666845,37.64400100708008,116.54489135742188,31.38999366760254,-33.66686248779297,44.395084381103516,0.8074247241020203,0.8479317426681519
SB78803_component_380a,38.676576,-33.482843,37.47700119018555,158.13079833984375,38.67652893066406,-33.482879638671875,39.3990478515625,0.9057748317718506,0.951215922832489
SB78803_component_384a,31.729901,-32.001512,40.71200180053711,182.56503295898438,31.72998046875,-32.00151443481445,35.739837646484375,1.0847035646438599,1.1391210556030273
SB78803_component_386a,40.16555,-33.596161,39.51599884033203,71.97813415527344,40.1655387878418,-33.596107482910156,38.310752868652344,0.9821853637695312,1.0314596891403198
SB78803_component_387a,35.734727,-32.902056,38.86199951171875,204.53683471679688,35.73470687866211,-32.902061462402344,35.43663787841797,1.0442724227905273,1.0966615676879883
SB78803_component_391a,33.988448,-27.7233,38.79499816894531,75.18411254882812,33.98849868774414,-27.723344802856445,35.82112503051758,1.031282663345337,1.0830200910568237
SB78803_component_392a,36.862514,-29.14999,35.5359992980957,160.0720672607422,36.86253356933594,-29.149965286254883,34.49247360229492,0.981036901473999,1.0302537679672241
SB78803_component_393a,36.742808,-31.47173,35.029998779296875,174.27859497070312,36.742835998535156,-31.471752166748047,31.799766540527344,1.048956274986267,1.1015803813934326
SB78803_component_395a,37.381399,-29.995303,35.43899917602539,156.1189422607422,37.38134765625,-29.995309829711914,33.580223083496094,1.0049374103546143,1.0553532838821411
SB78803_component_397a,38.002922,-33.751475,35.60100173950195,153.4525909423828,38.00297546386719,-33.751495361328125,37.00923156738281,0.9159954786300659,0.9619492292404175
SB78803_component_399a,32.864925,-28.966408,36.797000885009766,149.581298828125,32.86494827270508,-28.966455459594727,31.766035079956055,1.1030383110046387,1.15837562084198
SB78803_component_402a,33.630357,-34.100754,35.584999084472656,139.00389099121094,33.63035202026367,-34.100772857666016,33.34791946411133,1.0161068439483643,1.0670830011367798
SB78803_component_406a,31.584384,-28.951643,34.94599914550781,93.68900299072266,31.58445930480957,-28.951656341552734,30.699108123779297,1.0839591026306152,1.1383392810821533
SB78803_component_407a,34.901589,-28.885632,34.233001708984375,166.99024963378906,34.90156555175781,-28.885639190673828,29.04937171936035,1.1221461296081543,1.178442120552063
SB78803_component_409a,35.581775,-32.950201,35.35300064086914,197.50279235839844,35.58176040649414,-32.950191497802734,32.498775482177734,1.0358586311340332,1.0878256559371948
SB78803_component_413a,37.354995,-28.90104,34.47200012207031,146.0677947998047,37.35497283935547,-28.901071548461914,33.95256042480469,0.9667966365814209,1.0152989625930786
SB78803_component_414a,37.833145,-31.685552,33.86000061035156,134.90040588378906,37.83317565917969,-31.685585021972656,31.524423599243164,1.0227770805358887,1.0740878582000732
SB78803_component_417a,36.507915,-34.373493,35.11600112915039,143.3306121826172,36.5079231262207,-34.37346649169922,31.904884338378906,1.0480669736862183,1.1006466150283813
SB78803_component_418a,37.972682,-29.00067,32.24599838256836,141.42982482910156,37.972652435302734,-29.00067710876465,33.16654586791992,0.9257991313934326,0.9722446799278259
SB78803_component_419a,38.252071,-33.138002,35.36600112915039,168.40953063964844,38.25204086303711,-33.1380500793457,34.552242279052734,0.9746549129486084,1.0235515832901
SB78803_component_421a,33.682894,-30.222278,33.198001861572266,149.54054260253906,33.682926177978516,-30.222288131713867,31.276897430419922,1.0107166767120361,1.0614224672317505
SB78803_component_427a,36.956861,-32.14188,31.81599998474121,170.1390380859375,36.95686721801758,-32.14190673828125,28.71497917175293,1.0550626516342163,1.1079931259155273
SB78803_component_431a,35.393689,-29.364115,32.220001220703125,161.9095458984375,35.39368438720703,-29.364151000976562,29.615509033203125,1.0359708070755005,1.0879435539245605
SB78803_component_432a,33.052704,-28.215195,32.4370002746582,90.60614013671875,33.052703857421875,-28.21524429321289,28.507692337036133,1.083477258682251,1.1378332376480103
SB78803_component_436a,36.851331,-31.633366,31.736000061035156,161.09645080566406,36.85133361816406,-31.633371353149414,30.501718521118164,0.9907613396644592,1.0404659509658813
SB78803_component_437a,39.03723,-34.773712,30.55900001525879,44.61167907714844,39.03716278076172,-34.773773193359375,35.32905197143555,0.823660671710968,0.8649821877479553
SB78803_component_438a,32.635866,-27.348323,29.888999938964844,22.05830192565918,32.63584899902344,-27.348426818847656,28.561548233032227,0.9964851140975952,1.0464768409729004
SB78803_component_440a,32.334489,-29.414053,31.954999923706055,139.54148864746094,32.3344841003418,-29.4140567779541,28.608163833618164,1.0636286735534668,1.1169888973236084
SB78803_component_441a,35.770931,-31.965179,31.915000915527344,187.73529052734375,35.77094650268555,-31.965221405029297,28.604961395263672,1.0624161958694458,1.1157156229019165
SB78803_component_442a,39.098545,-35.13204,32.04899978637695,26.16244888305664,39.098365783691406,-35.131980895996094,43.262882232666016,0.7054076790809631,0.740796685218811
SB78803_component_443a,38.303245,-31.592714,30.992000579833984,131.32203674316406,38.303253173828125,-31.592741012573242,29.308563232421875,1.006922960281372,1.0574383735656738
SB78803_component_445a,35.492381,-34.337234,31.56100082397461,133.73304748535156,35.492401123046875,-34.33721160888672,29.238784790039062,1.0278568267822266,1.0794224739074707
SB78803_component_448a,34.519676,-29.390339,32.970001220703125,152.63888549804688,34.51964569091797,-29.390361785888672,34.69594955444336,0.9048599004745483,0.9502550363540649
SB78803_component_452a,33.43176,-33.239719,31.128000259399414,159.6307830810547,33.43178176879883,-33.239742279052734,33.032222747802734,0.8973349332809448,0.9423525929450989
SB78803_component_453a,37.989028,-28.508325,31.339000701904297,108.81597900390625,37.988990783691406,-28.50833511352539,36.06060791015625,0.8275481462478638,0.8690646886825562
SB78803_component_458a,38.900166,-29.92629,29.04199981689453,99.8006820678711,38.90020751953125,-29.92632293701172,29.494117736816406,0.9376317262649536,0.9846709370613098
SB78803_component_459a,34.161444,-32.564262,33.0,184.3575439453125,34.161468505859375,-32.56426239013672,29.528181076049805,1.0641881227493286,1.1175764799118042
SB78803_component_460a,33.324246,-30.393594,31.638999938964844,149.9478759765625,33.32426071166992,-30.393585205078125,31.05567169189453,0.9701144099235535,1.0187833309173584
SB78803_component_462a,38.094026,-30.741173,30.895999908447266,156.83248901367188,38.09404373168945,-30.741199493408203,28.624073028564453,1.0278079509735107,1.0793712139129639
SB78803_component_465a,35.39406,-29.660984,29.493999481201172,131.6696319580078,35.3940544128418,-29.660999298095703,27.857940673828125,1.0081515312194824,1.058728575706482
SB78803_component_469a,31.85514,-30.585281,30.715999603271484,107.0243911743164,31.855144500732422,-30.585330963134766,28.59009552001953,1.0230343341827393,1.0743581056594849
SB78803_component_470a,34.461659,-31.487831,29.016000747680664,144.35821533203125,34.46168518066406,-31.487884521484375,26.29278564453125,1.0508533716201782,1.1035727262496948
SB78803_component_472a,37.141138,-34.765642,32.356998443603516,87.21562957763672,37.14113998413086,-34.76567459106445,29.81209373474121,1.0335153341293335,1.085364818572998
SB78803_component_473a,38.674594,-33.985126,28.66699981689453,108.99999237060547,38.67455291748047,-33.9851188659668,30.48792839050293,0.8953554034233093,0.9402737617492676
SB78803_component_480a,33.495593,-32.187888,29.84600067138672,152.2755126953125,33.49560546875,-32.187896728515625,26.76666831970215,1.0617762804031372,1.1150435209274292
SB78803_component_485a,38.633492,-27.817764,29.738000869750977,40.84890365600586,38.63349151611328,-27.81785774230957,34.27582550048828,0.8261616230010986,0.8676086068153381
SB78803_component_486a,33.215487,-29.124522,29.454999923706055,133.28054809570312,33.21544647216797,-29.12455177307129,30.204761505126953,0.9285916686058044,0.9751773476600647
SB78803_component_487a,38.182576,-27.455542,31.413000106811523,28.55727195739746,38.18262481689453,-27.455589294433594,36.919551849365234,0.8102036118507385,0.850849986076355
SB78803_component_488a,36.014435,-28.653744,27.420000076293945,114.72803497314453,36.014427185058594,-28.65377426147461,29.425291061401367,0.887335479259491,0.9318514466285706
SB78803_component_491a,38.819666,-28.259149,29.062000274658203,56.98431396484375,38.81962203979492,-28.259077072143555,31.1403865814209,0.8886744379997253,0.933257520198822
SB78803_component_497a,35.559046,-29.331344,28.09000015258789,130.6511688232422,35.559051513671875,-29.331388473510742,28.665498733520508,0.9331111907958984,0.979923665523529
SB78803_component_499a,37.460087,-33.404084,28.28700065612793,129.1643829345703,37.46010208129883,-33.40410614013672,27.398286819458008,0.9831157326698303,1.0324368476867676
SB78803_component_502a,32.534553,-27.446226,29.67099952697754,26.63465118408203,32.534481048583984,-27.446170806884766,26.78473663330078,1.0548384189605713,1.107757806777954
SB78803_component_503a,35.404016,-35.48991,29.570999145507812,33.00334548950195,35.40397644042969,-35.48994445800781,28.1627197265625,0.9998447895050049,1.0500050783157349
SB78803_component_504a,34.172887,-33.465343,28.524999618530273,149.34555053710938,34.17289352416992,-33.465354919433594,23.933589935302734,1.1349036693572998,1.191839575767517
SB78803_component_507a,37.502481,-29.32756,27.520999908447266,130.4312744140625,37.50245666503906,-29.327566146850586,32.17040252685547,0.8146083950996399,0.8554757833480835
SB78803_component_511a,34.511739,-32.559898,28.445999145507812,148.15625,34.511714935302734,-32.559913635253906,26.135400772094727,1.0364137887954712,1.0884087085723877
SB78803_component_513a,37.323064,-35.279968,30.14900016784668,40.03851318359375,37.323123931884766,-35.27985382080078,29.497262954711914,0.9732677936553955,1.0220948457717896
SB78803_component_515a,33.126374,-34.943008,28.927000045776367,58.438385009765625,33.12635803222656,-34.94304656982422,26.444259643554688,1.0416291952133179,1.0938857793807983
SB78803_component_517a,35.639063,-28.04377,26.770999908447266,74.15789794921875,35.63896942138672,-28.043821334838867,26.688535690307617,0.955170750617981,1.0030899047851562
SB78803_component_520a,39.338477,-34.331027,29.16699981689453,59.646217346191406,39.33841323852539,-34.33109664916992,31.477495193481445,0.8823334574699402,0.9265984892845154
SB78803_component_521a,34.343454,-29.015787,26.261999130249023,121.02304077148438,34.34345626831055,-29.01580810546875,22.108745574951172,1.1311100721359253,1.1878557205200195
SB78803_component_523a,35.130041,-34.354207,27.263999938964844,128.0,35.130043029785156,-34.3542366027832,27.3060245513916,0.9507629871368408,0.9984609484672546
SB78803_component_524a,31.969541,-34.543097,28.961999893188477,83.22413635253906,31.969608306884766,-34.54311752319336,34.46558380126953,0.8001733422279358,0.8403165340423584
SB78803_component_525a,40.047458,-30.494124,28.871000289916992,38.64926528930664,40.047420501708984,-30.494192123413086,29.03959083557129,0.9467002749443054,0.9941944479942322
SB78803_component_527a,39.07887,-33.729624,26.805999755859375,85.0984115600586,39.07877731323242,-33.72966766357422,31.859676361083984,0.8011832237243652,0.8413770198822021
SB78803_component_529a,33.734621,-33.581712,26.908000946044922,129.36538696289062,33.73458480834961,-33.58173370361328,24.30759620666504,1.054097056388855,1.1069791316986084
SB78803_component_530a,32.532642,-34.101169,28.2810001373291,126.82062530517578,32.532657623291016,-34.10117721557617,35.11363983154297,0.7669376730918884,0.805413544178009
SB78803_component_534a,36.445935,-34.008654,26.349000930786133,120.86698150634766,36.4459342956543,-34.00868225097656,24.62810707092285,1.0187656879425049,1.0698752403259277
SB78803_component_539a,32.830964,-31.992749,27.420000076293945,139.1878204345703,32.830997467041016,-31.9927921295166,23.778390884399414,1.0980602502822876,1.15314781665802
SB78803_component_541a,34.78829,-33.641575,26.9950008392334,145.91891479492188,34.78829574584961,-33.6416015625,24.56550407409668,1.0464026927947998,1.0988987684249878
SB78803_component_543a,34.447503,-30.975993,25.066999435424805,118.80094909667969,34.44746780395508,-30.976015090942383,22.499059677124023,1.0609115362167358,1.1141353845596313
SB78803_component_548a,32.668824,-27.536659,26.25200080871582,27.402923583984375,32.66884231567383,-27.536865234375,22.20241355895996,1.1259092092514038,1.182394027709961
SB78803_component_550a,36.621044,-30.890095,27.871000289916992,117.10504150390625,36.621055603027344,-30.890043258666992,26.709095001220703,0.9936525821685791,1.0435022115707397
SB78803_component_552a,37.320278,-33.636058,25.826000213623047,123.56937408447266,37.32029724121094,-33.63609313964844,25.029953002929688,0.9825130105018616,1.0318037271499634
SB78803_component_554a,36.756476,-29.909283,25.56999969482422,120.61320495605469,36.75651168823242,-29.909252166748047,25.063974380493164,0.9714533686637878,1.0201894044876099
SB78803_component_556a,37.998501,-31.729995,26.437999725341797,104.4980239868164,37.998558044433594,-31.72999382019043,24.81558609008789,1.0144840478897095,1.0653787851333618
SB78803_component_558a,38.363957,-28.148079,25.05299949645996,64.73643493652344,38.36393356323242,-28.148109436035156,25.717016220092773,0.9276418089866638,0.9741798639297485
SB78803_component_560a,38.941966,-34.962977,24.39299964904785,29.108591079711914,38.94176483154297,-34.96303176879883,29.263742446899414,0.7937368154525757,0.8335570693016052
SB78803_component_563a,38.161327,-29.474222,26.354999542236328,114.58695220947266,38.161346435546875,-29.47418785095215,25.635774612426758,0.9789437651634216,1.0280555486679077
SB78803_component_567a,32.635569,-30.157837,24.823999404907227,110.82141876220703,32.63560485839844,-30.157859802246094,23.151216506958008,1.021031379699707,1.0722546577453613
SB78803_component_571a,35.833737,-27.486518,26.07200050354004,37.35243606567383,35.83367919921875,-27.486530303955078,23.470455169677734,1.057776689529419,1.1108434200286865
SB78803_component_572a,34.590769,-34.143068,25.155000686645508,123.916259765625,34.59075164794922,-34.14305877685547,24.292984008789062,0.9860175848007202,1.0354841947555542
SB78803_component_580a,36.586858,-28.463662,23.968000411987305,93.625,36.58689880371094,-28.46369171142578,24.881351470947266,0.9172738194465637,0.9632917642593384
SB78803_component_582a,35.811016,-34.272157,24.18000030517578,106.51982879638672,35.81102752685547,-34.27215576171875,22.12710189819336,1.0405739545822144,1.0927776098251343
SB78803_component_583a,36.176235,-27.815784,23.336999893188477,54.39860153198242,36.17616653442383,-27.815868377685547,24.287738800048828,0.9149537086486816,0.9608551859855652
SB78803_component_584a,33.317828,-34.479488,25.32200050354004,75.81437683105469,33.31778335571289,-34.479496002197266,24.49134063720703,0.984524667263031,1.0339164733886719
SB78803_component_586a,34.025611,-29.990018,22.915000915527344,83.3272705078125,34.02560043334961,-29.989992141723633,21.512903213500977,1.0142897367477417,1.0651746988296509
SB78803_component_594a,38.353365,-33.263569,24.996999740600586,118.46919250488281,38.353363037109375,-33.263614654541016,24.674020767211914,0.9646929502487183,1.013089895248413
SB78803_component_599a,31.838429,-29.480657,24.548999786376953,94.41923522949219,31.838497161865234,-29.4807071685791,21.83534049987793,1.0705698728561401,1.1242783069610596
SB78803_component_600a,37.158294,-33.445834,23.802000045776367,108.19091033935547,37.158329010009766,-33.44588088989258,22.091354370117188,1.025964379310608,1.07743501663208
SB78803_component_602a,31.068446,-31.749429,25.242000579833984,57.49885940551758,31.0684871673584,-31.749364852905273,27.75258445739746,0.8660869598388672,0.9095369577407837
SB78803_component_606a,35.945021,-33.853556,23.305999755859375,109.9339599609375,35.94496536254883,-33.85354232788086,22.684494018554688,0.9783174395561218,1.027397871017456
SB78803_component_608a,38.583051,-28.770603,22.402000427246094,70.44654846191406,38.58297348022461,-28.77064323425293,24.11473274230957,0.88459712266922,0.9289757013320923
SB78803_component_609a,37.925997,-30.267799,21.950000762939453,97.99107360839844,37.92605209350586,-30.267845153808594,21.057025909423828,0.9926100969314575,1.042407512664795
SB78803_component_613a,35.148674,-30.206372,21.974000930786133,118.13978576660156,35.148685455322266,-30.20640754699707,21.270875930786133,0.9837051630020142,1.0330557823181152
SB78803_component_615a,33.811521,-32.349272,22.524999618530273,125.83798217773438,33.81149673461914,-32.349300384521484,19.978431701660156,1.0736050605773926,1.127465844154358
SB78803_component_618a,32.852804,-33.158296,24.238000869750977,120.58706665039062,32.85276412963867,-33.15829086303711,26.278879165649414,0.8782762289047241,0.9223377108573914
SB78803_component_623a,39.099226,-28.074046,22.222000122070312,30.316509246826172,39.09907150268555,-28.074106216430664,25.7891902923584,0.8205151557922363,0.8616788387298584
SB78803_component_624a,37.614965,-34.239747,21.599000930786133,89.99584197998047,37.61494064331055,-34.23978805541992,21.99819564819336,0.934948742389679,0.9818533062934875
SB78803_component_628a,35.273839,-27.69915,24.09000015258789,46.59574508666992,35.273704528808594,-27.69918441772461,22.10787010192871,1.0376026630401611,1.089657187461853
SB78803_component_630a,32.420365,-29.023866,22.527999877929688,89.0434799194336,32.42041015625,-29.02389144897461,18.91459846496582,1.1341400146484375,1.191037654876709
SB78803_component_631a,32.226508,-31.386463,21.261999130249023,97.53211212158203,32.22653579711914,-31.386516571044922,20.71771812438965,0.9772447347640991,1.0262712240219116
SB78803_component_632a,37.24644,-33.699134,22.4689998626709,109.07281494140625,37.24647903442383,-33.69917297363281,21.39082145690918,1.0002243518829346,1.0504038333892822
SB78803_component_633a,39.457286,-29.887475,21.950000762939453,36.522464752197266,39.45726013183594,-29.88747787475586,24.290433883666992,0.8604793548583984,0.9036479592323303
SB78803_component_634a,39.961543,-31.392462,23.656999588012695,26.111478805541992,39.96135330200195,-31.392593383789062,18.76531982421875,1.2004520893096924,1.260676622390747
SB78803_component_635a,34.626495,-34.080076,21.923999786376953,112.43077087402344,34.62647247314453,-34.08009338378906,19.6866397857666,1.0604479312896729,1.1136486530303955
SB78803_component_637a,34.36982,-33.718611,22.35099983215332,114.03571319580078,34.36979675292969,-33.71861267089844,20.86522102355957,1.0200351476669312,1.0712083578109741
SB78803_component_638a,33.33599,-31.75329,20.913000106811523,110.06842041015625,33.33601760864258,-31.753339767456055,19.338747024536133,1.0297437906265259,1.0814040899276733
SB78803_component_640a,38.070038,-28.935948,21.009000778198242,87.17427825927734,38.06998825073242,-28.93589973449707,21.804386138916016,0.9174928665161133,0.9635217785835266
SB78803_component_641a,36.685005,-34.529538,23.503000259399414,84.84837341308594,36.68505096435547,-34.529571533203125,21.07561683654785,1.0619014501571655,1.1151750087738037
SB78803_component_645a,37.799925,-28.587198,22.808000564575195,82.63768768310547,37.799903869628906,-28.587186813354492,23.084789276123047,0.9408111572265625,0.9880099296569824
SB78803_component_647a,37.014294,-29.683553,23.25,112.86407470703125,37.01430130004883,-29.68354606628418,22.145231246948242,0.9997327327728271,1.0498874187469482
SB78803_component_651a,37.371383,-27.955323,21.576000213623047,56.92876052856445,37.37139129638672,-27.95524787902832,22.7991886138916,0.9011409282684326,0.9463495016098022
SB78803_component_653a,36.350509,-29.657047,20.333999633789062,97.75961303710938,36.35056686401367,-29.65703010559082,19.955530166625977,0.9702881574630737,1.0189656019210815
SB78803_component_654a,36.705664,-28.222017,22.656999588012695,80.3439712524414,36.705604553222656,-28.222049713134766,24.553068161010742,0.8786942958831787,0.9227766990661621
SB78803_component_661a,31.31224,-28.857228,22.191999435424805,40.27585983276367,31.312213897705078,-28.857229232788086,18.100473403930664,1.1674752235412598,1.2260452508926392
SB78803_component_665a,35.094665,-29.131502,20.141000747680664,101.2110595703125,35.094642639160156,-29.131572723388672,17.786270141601562,1.0782943964004517,1.1323903799057007
SB78803_component_667a,35.198461,-29.972966,20.860000610351562,105.3535385131836,35.19846725463867,-29.97296714782715,18.77513313293457,1.0579677820205688,1.1110440492630005
SB78803_component_670a,30.914205,-32.118626,21.66699981689453,43.86032485961914,30.914234161376953,-32.118717193603516,20.443315505981445,1.0092264413833618,1.0598574876785278
SB78803_component_676a,39.823568,-34.18747,20.466999053955078,21.498947143554688,39.82347869873047,-34.18767166137695,22.444944381713867,0.8683140277862549,0.9118756651878357
SB78803_component_677a,39.041305,-29.826555,19.97599983215332,57.56772232055664,39.0413703918457,-29.826597213745117,18.877216339111328,1.0076546669006348,1.0582069158554077
SB78803_component_679a,34.099956,-28.479989,20.136999130249023,72.69674682617188,34.10000991821289,-28.480010986328125,17.812545776367188,1.076489806175232,1.130495309829712
SB78803_component_680a,37.059821,-31.545717,20.606000900268555,101.50739288330078,37.05986404418945,-31.545692443847656,19.64468765258789,0.9988258481025696,1.048935055732727
SB78803_component_681a,36.753523,-31.430927,19.714000701904297,98.56999969482422,36.7535285949707,-31.430946350097656,17.05582618713379,1.1006345748901367,1.1558513641357422
SB78803_component_683a,37.835682,-28.569378,18.893999099731445,69.71955108642578,37.83563995361328,-28.569358825683594,19.726314544677734,0.9120509624481201,0.9578068256378174
SB78803_component_690a,35.453512,-33.955962,21.107999801635742,98.63551330566406,35.4534912109375,-33.95595932006836,19.791303634643555,1.015579342842102,1.0665290355682373
SB78803_component_694a,34.711666,-30.84274,20.354000091552734,101.7699966430664,34.711647033691406,-30.8427677154541,18.708980560302734,1.0359548330307007,1.0879267454147339
SB78803_component_695a,31.592927,-28.409793,19.08300018310547,37.05437088012695,31.593048095703125,-28.409931182861328,17.11089324951172,1.0619770288467407,1.115254521369934
SB78803_component_697a,38.326121,-31.876084,18.75200080871582,80.13675689697266,38.326072692871094,-31.876157760620117,16.604188919067383,1.0754027366638184,1.129353642463684
SB78803_component_699a,30.654147,-29.829427,19.809999465942383,18.866666793823242,30.654296875,-29.82950210571289,15.662711143493652,1.2043665647506714,1.2647874355316162
SB78803_component_701a,35.918346,-28.622933,19.95199966430664,65.2026138305664,35.91827392578125,-28.6229248046875,18.532514572143555,1.0251637697219849,1.076594352722168
SB78803_component_702a,36.990618,-30.37665,18.42300033569336,74.28629302978516,36.990535736083984,-30.376686096191406,18.662118911743164,0.9400275349617004,0.9871869683265686
SB78803_component_703a,32.932419,-28.203518,20.906999588012695,57.59503936767578,32.932376861572266,-28.203571319580078,18.345623016357422,1.0851765871047974,1.1396178007125854
SB78803_component_704a,36.498006,-31.428125,19.256999969482422,91.70000457763672,36.498016357421875,-31.428192138671875,17.63714027404785,1.0396846532821655,1.0918437242507935
SB78803_component_708a,32.435074,-29.052249,20.374000549316406,83.5,32.435115814208984,-29.052276611328125,17.82354736328125,1.088487148284912,1.143094539642334
SB78803_component_709a,35.10565,-31.783637,18.972000122070312,97.79381561279297,35.105613708496094,-31.783666610717773,16.314189910888672,1.107359766960144,1.1629140377044678
SB78803_component_710a,37.716839,-28.504684,19.111000061035156,75.24015808105469,37.71677017211914,-28.50464630126953,20.172563552856445,0.9021182656288147,0.9473758935928345
SB78803_component_712a,37.920586,-34.112294,19.197999954223633,93.6487808227539,37.9206428527832,-34.112300872802734,19.522409439086914,0.9364050626754761,0.9833827018737793
SB78803_component_715a,36.347706,-32.661669,18.84600067138672,99.1894760131836,36.34767150878906,-32.66166687011719,19.621868133544922,0.9145764708518982,0.9604590535163879
SB78803_component_722a,31.512441,-28.647682,18.708999633789062,37.121028900146484,31.51251792907715,-28.647720336914062,18.363466262817383,0.9701459407806396,1.018816351890564
SB78803_component_727a,32.322498,-32.098157,18.770999908447266,95.7704086303711,32.322505950927734,-32.098228454589844,16.914785385131836,1.056725263595581,1.1097391843795776
SB78803_component_731a,38.898934,-31.545424,18.128000259399414,66.16059112548828,38.8989143371582,-31.54544448852539,15.572702407836914,1.1084779500961304,1.164088249206543
SB78803_component_732a,37.463853,-31.307346,17.3700008392334,81.93396759033203,37.46388244628906,-31.307371139526367,16.08868408203125,1.0280648469924927,1.0796408653259277
SB78803_component_736a,36.896932,-27.81194,19.524999618530273,43.58258819580078,36.89697265625,-27.811994552612305,18.820043563842773,0.9878968000411987,1.0374577045440674
SB78803_component_741a,37.195301,-29.175505,18.775999069213867,76.63672637939453,37.19532775878906,-29.175521850585938,18.199106216430664,0.982413113117218,1.0316989421844482
SB78803_component_743a,34.279608,-34.139976,17.850000381469727,78.98230743408203,34.279624938964844,-34.13999557495117,16.435497283935547,1.034180998802185,1.0860638618469238
SB78803_component_744a,35.849499,-32.993406,17.302000045776367,98.30681610107422,35.8494758605957,-32.993404388427734,15.965703964233398,1.0319279432296753,1.0836979150772095
SB78803_component_750a,36.066972,-30.958413,17.68400001525879,82.63551330566406,36.067012786865234,-30.95835304260254,16.492572784423828,1.0210176706314087,1.0722402334213257
SB78803_component_751a,38.539857,-34.052226,17.71500015258789,70.57769012451172,38.53992462158203,-34.05217742919922,18.415756225585938,0.9159943461418152,0.961948037147522
SB78803_component_752a,31.244776,-30.208295,17.31100082397461,41.216670989990234,31.244773864746094,-30.208290100097656,16.023141860961914,1.0287638902664185,1.0803749561309814
SB78803_component_753a,33.775213,-30.301016,16.89299964904785,72.19230651855469,33.77519226074219,-30.301010131835938,16.65558624267578,0.9658018350601196,1.0142543315887451
SB78803_component_754a,38.848116,-32.510316,18.009000778198242,63.86170196533203,38.848114013671875,-32.510284423828125,16.740070343017578,1.024409294128418,1.075801968574524
SB78803_component_755a,39.341913,-28.247184,16.805999755859375,20.95511245727539,39.34174728393555,-28.247386932373047,19.216955184936523,0.8327620625495911,0.8745402097702026
SB78803_component_756a,32.71087,-27.693809,18.417999267578125,25.831695556640625,32.71079635620117,-27.69402313232422,16.067028045654297,1.0915610790252686,1.1463227272033691
SB78803_component_757a,36.05795,-29.829474,16.809999465942383,84.47235870361328,36.05793762207031,-29.829517364501953,17.13545036315918,0.9341429471969604,0.9810071587562561
SB78803_component_761a,34.353819,-29.465255,17.58300018310547,82.93868255615234,34.353759765625,-29.465280532836914,17.233379364013672,0.9715467095375061,1.0202873945236206
SB78803_component_764a,34.660769,-27.404471,18.569000244140625,24.7586669921875,34.66068649291992,-27.404329299926758,17.679935455322266,1.0001128911972046,1.0502866506576538
SB78803_component_765a,34.145123,-30.664824,16.336000442504883,84.64248657226562,34.145050048828125,-30.66484832763672,17.394010543823242,0.8943080902099609,0.9391738772392273
SB78803_component_767a,36.470071,-33.14411,17.229000091552734,91.64362335205078,36.47005844116211,-33.14409637451172,15.480138778686523,1.0598061084747314,1.1129745244979858
SB78803_component_768a,35.193379,-34.191936,17.14900016784668,85.31840515136719,35.193321228027344,-34.191890716552734,15.870033264160156,1.0289686918258667,1.080590009689331
SB78803_component_769a,34.194116,-29.84492,16.173999786376953,64.69599914550781,34.19404983520508,-29.844951629638672,17.43458366394043,0.8833788633346558,0.9276963472366333
SB78803_component_770a,32.19463,-30.650174,17.34600067138672,68.0235366821289,32.19462966918945,-30.65017318725586,15.647087097167969,1.0556186437606812,1.108577013015747
SB78803_component_772a,38.947692,-34.089564,17.194000244140625,55.64401626586914,38.94768142700195,-34.089637756347656,18.28522300720215,0.8954015374183655,0.9403221607208252
SB78803_component_774a,39.329334,-33.190873,18.3700008392334,47.83854293823242,39.32929229736328,-33.19102478027344,16.856979370117188,1.0376970767974854,1.0897563695907593
SB78803_component_775a,37.615029,-29.482674,16.631999969482422,76.6451644897461,37.61503219604492,-29.482715606689453,16.655410766601562,0.9508900046348572,0.9985944032669067
SB78803_component_777a,37.600173,-29.246888,16.913000106811523,86.29081726074219,37.6001091003418,-29.24690818786621,16.169971466064453,0.9959844946861267,1.0459511280059814
SB78803_component_780a,39.552578,-34.106789,17.826000213623047,29.660566329956055,39.552452087402344,-34.1068115234375,19.860435485839844,0.8546854257583618,0.8975633978843689
SB78803_component_788a,35.372525,-34.961841,17.684999465942383,50.099151611328125,35.37263488769531,-34.96186447143555,17.348812103271484,0.9706808924674988,1.0193780660629272
SB78803_component_789a,30.901982,-30.541213,17.867000579833984,26.469629287719727,30.90207862854004,-30.541231155395508,16.8436279296875,1.0100833177566528,1.0607572793960571
SB78803_component_793a,39.350121,-32.843061,17.159000396728516,43.22166061401367,39.35006332397461,-32.84305191040039,14.760663986206055,1.1069481372833252,1.162481665611267
SB78803_component_796a,37.080491,-33.658299,16.731000900268555,71.19574737548828,37.080501556396484,-33.65829086303711,15.228495597839355,1.0461792945861816,1.0986640453338623
SB78803_component_808a,32.21486,-33.79392,16.13599967956543,80.27860260009766,32.21488571166992,-33.793941497802734,15.891657829284668,0.9668694138526917,1.0153754949569702
SB78803_component_812a,32.211834,-32.335835,17.31599998474121,82.06635284423828,32.21181106567383,-32.33587646484375,15.906933784484863,1.0365787744522095,1.088581919670105
SB78803_component_814a,38.471104,-29.152082,16.329999923706055,60.706321716308594,38.47102355957031,-29.152158737182617,16.540536880493164,0.9401080012321472,0.9872714281082153
SB78803_component_817a,34.636187,-28.390225,16.39699935913086,69.47881317138672,34.63625717163086,-28.390201568603516,14.179972648620605,1.1011085510253906,1.1563491821289062
SB78803_component_819a,34.827962,-34.398947,16.325000762939453,71.28821563720703,34.8279914855957,-34.398983001708984,16.17308235168457,0.9611730575561523,1.009393334388733
SB78803_component_822a,39.688051,-30.80656,14.553000450134277,23.625,39.68810272216797,-30.80649185180664,13.160199165344238,1.0530070066452026,1.1058343648910522
SB78803_component_825a,37.96081,-35.371255,15.840999603271484,15.0579833984375,37.96091842651367,-35.371158599853516,19.739675521850586,0.7641590237617493,0.8024954199790955
SB78803_component_828a,32.970143,-28.906803,15.95300006866455,68.76293182373047,32.9702262878418,-28.906814575195312,14.088208198547363,1.078270673751831,1.1323654651641846
SB78803_component_833a,30.986105,-29.491515,16.41699981689453,23.025245666503906,30.986064910888672,-29.49152946472168,14.980759620666504,1.0435208082199097,1.0958722829818726
SB78803_component_834a,31.175955,-28.808875,15.491999626159668,22.484760284423828,31.175901412963867,-28.808908462524414,15.535944938659668,0.9495350122451782,0.9971714019775391
SB78803_component_836a,34.810764,-29.262092,16.9689998626709,83.59113311767578,34.810768127441406,-29.262067794799805,16.034809112548828,1.007705569267273,1.058260202407837
SB78803_component_839a,30.474144,-33.161333,17.408000946044922,17.235645294189453,30.474021911621094,-33.16130828857422,19.967147827148438,0.8301833868026733,0.8718321323394775
SB78803_component_842a,33.861742,-33.595849,15.805999755859375,84.07447052001953,33.861759185791016,-33.59587860107422,15.274785041809082,0.9853443503379822,1.034777283668518
SB78803_component_845a,34.325539,-33.284836,15.347999572753906,78.30612182617188,34.325565338134766,-33.28483581542969,14.275802612304688,1.0237464904785156,1.075105905532837
SB78803_component_846a,34.768734,-34.394228,16.45199966430664,75.46788787841797,34.76868438720703,-34.394222259521484,15.010642051696777,1.043663740158081,1.096022367477417
SB78803_component_847a,37.611045,-33.293945,16.10099983215332,76.30805969238281,37.611000061035156,-33.2939567565918,14.660689353942871,1.0457782745361328,1.098242998123169
SB78803_component_848a,38.956207,-32.816531,16.503999710083008,56.327640533447266,38.95613479614258,-32.81651306152344,16.06886863708496,0.9780140519142151,1.0270791053771973
SB78803_component_850a,33.953364,-35.348305,16.118000030517578,19.728275299072266,33.953338623046875,-35.34849166870117,18.112808227539062,0.8473572134971619,0.8898675441741943
SB78803_component_852a,32.641162,-30.716814,15.119000434875488,71.3160400390625,32.64124298095703,-30.71681785583496,13.86589241027832,1.0382846593856812,1.0903733968734741
SB78803_component_854a,33.64999,-34.958368,15.579999923706055,34.0174674987793,33.65001678466797,-34.958343505859375,13.826850891113281,1.0729644298553467,1.1267930269241333
SB78803_component_857a,37.85872,-27.568753,15.331999778747559,20.974008560180664,37.85858154296875,-27.568912506103516,18.348257064819336,0.7956922650337219,0.8356106877326965
SB78803_component_859a,39.175666,-27.924471,15.817999839782715,15.342385292053223,39.17544937133789,-27.924556732177734,17.53597068786621,0.8589401841163635,0.9020316004753113
SB78803_component_860a,39.539944,-29.694458,15.17300033569336,24.996706008911133,39.53984451293945,-29.6944580078125,13.668877601623535,1.0570117235183716,1.1100399494171143
SB78803_component_861a,38.491045,-32.416184,15.579999923706055,63.591835021972656,38.49098205566406,-32.41617202758789,13.865890502929688,1.0699435472488403,1.123620629310608
SB78803_component_866a,35.635395,-30.519563,14.862000465393066,79.47593688964844,35.635433197021484,-30.51958656311035,14.35143756866455,0.9861046671867371,1.0355757474899292
SB78803_component_867a,35.461568,-31.047266,15.800999641418457,84.0478744506836,35.46156692504883,-31.04730987548828,15.963295936584473,0.9425473213195801,0.9898331761360168
SB78803_component_869a,32.435886,-28.616595,16.334999084472656,55.0,32.435882568359375,-28.616622924804688,14.386664390563965,1.0811853408813477,1.13542640209198
SB78803_component_876a,35.609329,-27.616859,13.022000312805176,23.253572463989258,35.60929870605469,-27.616844177246094,12.531845092773438,0.9894727468490601,1.0391128063201904
SB78803_component_888a,35.421457,-33.509715,14.722000122070312,85.0982666015625,35.421504974365234,-33.50971221923828,13.387486457824707,1.0471501350402832,1.0996836423873901
SB78803_component_896a,33.708798,-31.044056,14.045000076293945,67.20095825195312,33.70877456665039,-31.044038772583008,13.664148330688477,0.9787693023681641,1.0278723239898682
SB78803_component_900a,39.709421,-30.779059,14.432999610900879,23.699504852294922,39.7093505859375,-30.779258728027344,13.35884952545166,1.028794765472412,1.0804073810577393
SB78803_component_904a,35.306634,-30.881616,14.243000030517578,70.50989532470703,35.3066520690918,-30.881689071655273,12.925802230834961,1.049264907836914,1.1019045114517212
SB78803_component_907a,39.992887,-33.100992,15.265000343322754,15.054240226745605,39.992610931396484,-33.10078048706055,13.646103858947754,1.0651955604553223,1.1186343431472778
SB78803_component_912a,39.365901,-34.342998,14.156999588012695,24.880491256713867,39.36586380004883,-34.34298324584961,16.764524459838867,0.8041204810142517,0.8444617390632629
SB78803_component_913a,39.113094,-32.913419,14.604000091552734,45.35403823852539,39.1131477355957,-32.91352844238281,13.04472541809082,1.0660511255264282,1.1195329427719116
SB78803_component_917a,39.557577,-32.101938,14.133000373840332,28.551515579223633,39.55764389038086,-32.10205841064453,12.201204299926758,1.1029932498931885,1.1583282947540283
SB78803_component_924a,34.440047,-28.427328,14.406000137329102,62.63478088378906,34.43998336791992,-28.42737579345703,11.834017753601074,1.1591839790344238,1.2173380851745605
SB78803_component_928a,35.318981,-28.059979,14.279000282287598,46.51139831542969,35.31898498535156,-28.059932708740234,12.870104789733887,1.0564693212509155,1.1094703674316406
SB78803_component_932a,38.773977,-30.368798,13.300999641418457,52.16078567504883,38.77392578125,-30.368852615356445,12.365301132202148,1.024284839630127,1.0756713151931763
SB78803_component_934a,32.81136,-28.882168,15.265999794006348,65.23931884765625,32.811309814453125,-28.88225555419922,12.788044929504395,1.1367429494857788,1.193771243095398
SB78803_component_936a,32.198941,-32.593787,12.946999549865723,66.05612182617188,32.198974609375,-32.59381866455078,12.207500457763672,1.0099120140075684,1.060577392578125
SB78803_component_937a,35.887345,-31.25806,13.227999687194824,59.855201721191406,35.88738250732422,-31.258060455322266,12.190572738647461,1.0332638025283813,1.085100769996643
SB78803_component_939a,33.743193,-30.223442,13.713000297546387,60.94667053222656,33.74320983886719,-30.223493576049805,13.61016845703125,0.9594230651855469,1.0075554847717285
SB78803_component_940a,39.56867,-32.344107,14.479000091552734,27.114233016967773,39.568607330322266,-32.34413528442383,13.06834602355957,1.0550161600112915,1.107944369316101
SB78803_component_941a,33.988071,-31.795433,13.92199993133545,66.93269348144531,33.988014221191406,-31.79547119140625,12.461384773254395,1.063840389251709,1.1172113418579102
SB78803_component_942a,33.946474,-33.65848,13.486000061035156,68.45685577392578,33.94643783569336,-33.658470153808594,11.89150333404541,1.0799099206924438,1.134087085723877
SB78803_component_943a,37.175603,-29.117781,13.272000312805176,52.047061920166016,37.17562484741211,-29.117752075195312,12.665619850158691,0.9978174567222595,1.0478761196136475
SB78803_component_946a,36.865491,-27.432308,13.944999694824219,17.301488876342773,36.86553955078125,-27.432477951049805,14.158207893371582,0.9378888607025146,0.9849410057067871
SB78803_component_954a,40.042253,-31.685969,12.526000022888184,12.500998497009277,40.04222106933594,-31.68579864501953,10.735671997070312,1.1110262870788574,1.1667643785476685
SB78803_component_955a,33.355433,-34.332358,13.11400032043457,32.14215850830078,33.35526657104492,-34.332359313964844,12.994222640991211,0.9610059261322021,1.0092177391052246
SB78803_component_957a,31.453856,-29.838274,13.104999542236328,35.611412048339844,31.453855514526367,-29.838336944580078,11.892221450805664,1.0493375062942505,1.1019808053970337
SB78803_component_959a,39.433622,-31.934794,14.197999954223633,34.54500961303711,39.43380355834961,-31.934783935546875,12.667847633361816,1.0672484636306763,1.1207902431488037
SB78803_component_966a,33.817206,-35.086188,14.222999572753906,26.9375,33.81719207763672,-35.086265563964844,12.818832397460938,1.056535005569458,1.1095393896102905
SB78803_component_969a,36.654817,-27.629165,14.550000190734863,26.502731323242188,36.65473175048828,-27.62917709350586,13.745302200317383,1.0079752206802368,1.0585434436798096
SB78803_component_971a,34.300669,-29.129499,13.392000198364258,62.28837203979492,34.30065155029297,-29.12944221496582,14.966944694519043,0.8520272374153137,0.8947718143463135
SB78803_component_972a,37.537931,-35.061052,13.239999771118164,23.026086807250977,37.53783416748047,-35.0610237121582,14.748440742492676,0.8548364639282227,0.8977220058441162
SB78803_component_974a,33.218972,-32.106938,13.317000389099121,68.29231262207031,33.218963623046875,-32.10702896118164,11.219657897949219,1.1302329301834106,1.1869345903396606
SB78803_component_975a,33.423719,-30.334757,13.038000106811523,62.68268966674805,33.42375183105469,-30.334814071655273,12.919926643371582,0.9609307646751404,1.009138822555542
SB78803_component_982a,34.347656,-33.369956,13.1850004196167,72.04918670654297,34.347618103027344,-33.369964599609375,12.920276641845703,0.9717387557029724,1.020488977432251
SB78803_component_991a,37.734281,-32.878009,12.668999671936035,63.34499740600586,37.734291076660156,-32.87795639038086,11.847426414489746,1.0182617902755737,1.0693461894989014
SB78803_component_993a,35.287624,-31.505543,12.652999877929688,72.71839141845703,35.287662506103516,-31.505504608154297,11.194746971130371,1.0762678384780884,1.1302622556686401
SB78803_component_994a,37.43394,-32.536692,12.28600025177002,61.1243782043457,37.43394470214844,-32.536685943603516,11.101656913757324,1.0538138151168823,1.1066817045211792
SB78803_component_997a,32.665093,-30.254119,12.649999618530273,62.009803771972656,32.665138244628906,-30.25417709350586,12.075004577636719,0.9975722432136536,1.0476186275482178
SB78803_component_998a,35.952098,-32.434536,12.651000022888184,69.13114929199219,35.952125549316406,-32.43452453613281,11.835412979125977,1.0178472995758057,1.0689107179641724
SB78803_component_1002a,33.081065,-30.285023,12.010000228881836,58.019325256347656,33.0810432434082,-30.285062789916992,12.225264549255371,0.9354615211486816,0.9823918342590332
SB78803_component_1003a,31.49772,-28.891711,12.517999649047852,28.004472732543945,31.497684478759766,-28.8916015625,10.443901062011719,1.1413356065750122,1.1985942125320435
SB78803_component_1004a,35.596874,-34.258141,13.491999626159668,55.7520637512207,35.59682846069336,-34.258140563964844,12.295783996582031,1.0448676347732544,1.0972867012023926
SB78803_component_1005a,34.73013,-29.777485,12.031000137329102,59.266014099121094,34.73003387451172,-29.777414321899414,11.506562232971191,0.9956284761428833,1.0455772876739502
SB78803_component_1010a,31.414074,-31.385344,12.595000267028809,39.359375,31.414201736450195,-31.3853816986084,11.289684295654297,1.062325358390808,1.1156202554702759
SB78803_component_1011a,37.664971,-34.980641,12.491000175476074,24.492156982421875,37.665035247802734,-34.98051071166992,12.363041877746582,0.9620841145515442,1.0103501081466675
SB78803_component_1016a,36.106441,-29.850176,12.28499984741211,64.31937408447266,36.106571197509766,-29.85017967224121,11.537878036499023,1.013888955116272,1.0647538900375366
SB78803_component_1017a,31.75099,-28.071655,13.352999687194824,19.436681747436523,31.75110626220703,-28.07164764404297,12.09262466430664,1.0514761209487915,1.1042267084121704
SB78803_component_1026a,34.759647,-34.991979,12.265000343322754,31.529563903808594,34.75955581665039,-34.991912841796875,11.64480209350586,1.0029438734054565,1.0532596111297607
SB78803_component_1027a,39.591181,-32.122252,12.555999755859375,24.571428298950195,39.59098434448242,-32.12222671508789,10.887226104736328,1.09818434715271,1.153278112411499
SB78803_component_1030a,32.936541,-32.624077,11.854999542236328,64.0810775756836,32.936588287353516,-32.624107360839844,10.69543170928955,1.0554664134979248,1.1084171533584595
SB78803_component_1031a,34.711124,-32.524646,12.480999946594238,73.41764831542969,34.711082458496094,-32.5246696472168,10.579413414001465,1.1233859062194824,1.179744005203247
SB78803_component_1032a,35.111791,-29.184446,11.871999740600586,58.772274017333984,35.11176300048828,-29.184431076049805,13.529034614562988,0.8355996608734131,0.8775200843811035
SB78803_component_1033a,31.313493,-34.123469,11.541999816894531,29.07304573059082,31.313554763793945,-34.12346649169922,14.55514144897461,0.7551023364067078,0.7929843664169312
SB78803_component_1034a,33.608424,-32.537391,11.97700023651123,63.3703727722168,33.608421325683594,-32.53738784790039,10.819737434387207,1.054077386856079,1.1069585084915161
SB78803_component_1035a,39.37066,-31.430689,12.376999855041504,30.261611938476562,39.370819091796875,-31.430688858032227,10.576358795166016,1.1143468618392944,1.170251488685608
SB78803_component_1036a,33.950094,-33.022612,11.684000015258789,55.63809585571289,33.95000076293945,-33.022605895996094,13.562442779541016,0.8203417658805847,0.8614967465400696
SB78803_component_1038a,37.18445,-29.507851,12.347000122070312,56.378997802734375,37.184417724609375,-29.507850646972656,13.487675666809082,0.871696949005127,0.9154282808303833
SB78803_component_1040a,37.522488,-29.673645,11.833000183105469,54.27981948852539,37.5224723815918,-29.67364501953125,11.673646926879883,0.9652270674705505,1.01365065574646
SB78803_component_1041a,32.275365,-29.796269,13.11299991607666,56.27897262573242,32.27535629272461,-29.796310424804688,11.688241004943848,1.068302035331726,1.121896743774414
SB78803_component_1042a,36.761702,-32.02349,11.753000259399414,57.05339813232422,36.76173782348633,-32.02353286743164,11.036808013916016,1.0140198469161987,1.0648912191390991
SB78803_component_1047a,36.11682,-31.592757,11.958000183105469,62.93684387207031,36.11687088012695,-31.59276008605957,13.1251220703125,0.8675537109375,0.9110772609710693
SB78803_component_1050a,38.465572,-28.968,12.192000389099121,44.01443862915039,38.46559524536133,-28.968015670776367,14.229421615600586,0.8158848881721497,0.856816291809082
SB78803_component_1051a,32.31199,-34.599604,11.14799976348877,33.37724685668945,32.31197738647461,-34.59962463378906,14.511289596557617,0.731529951095581,0.7682294249534607
SB78803_component_1054a,36.316433,-32.189357,11.984000205993652,66.94972229003906,36.316383361816406,-32.189361572265625,10.976954460144043,1.0395876169204712,1.0917418003082275
SB78803_component_1058a,39.669203,-31.346964,12.074000358581543,21.145360946655273,39.66900634765625,-31.34703826904297,10.936112403869629,1.0513066053390503,1.104048728942871
SB78803_component_1063a,31.624708,-28.619016,11.583000183105469,25.97085189819336,31.624879837036133,-28.618976593017578,10.04576587677002,1.097941517829895,1.15302312374115
SB78803_component_1064a,38.74758,-28.379044,12.130999565124512,29.587804794311523,38.7474479675293,-28.379037857055664,14.00499439239502,0.8248116970062256,0.8661909699440002
SB78803_component_1066a,34.824327,-32.706205,12.239999771118164,65.80644989013672,34.82434844970703,-32.70621109008789,11.386672973632812,1.0235892534255981,1.074940800666809
SB78803_component_1067a,39.95467,-33.08441,13.076000213623047,13.550259590148926,39.95442199707031,-33.08461380004883,11.899245262145996,1.0463974475860596,1.0988932847976685
SB78803_component_1071a,35.544977,-31.331232,11.897000312805176,61.96354293823242,35.54502487182617,-31.331201553344727,10.783137321472168,1.0505906343460083,1.1032967567443848
SB78803_component_1072a,35.666368,-28.950882,12.765000343322754,64.1457290649414,35.6663932800293,-28.950973510742188,11.928354263305664,1.0190171003341675,1.0701392889022827
SB78803_component_1074a,36.902525,-28.677384,12.803000450134277,56.400882720947266,36.902435302734375,-28.677461624145508,12.708657264709473,0.9592974185943604,1.0074235200881958
SB78803_component_1078a,34.292271,-33.846205,11.654999732971191,59.769229888916016,34.29228973388672,-33.8462028503418,10.704682350158691,1.036763310432434,1.088775873184204
SB78803_component_1079a,34.892284,-32.485889,11.60099983215332,67.44766998291016,34.89213943481445,-32.48588180541992,10.581598281860352,1.0439635515213013,1.0963371992111206
SB78803_component_1080a,36.939109,-28.354257,11.152000427246094,44.07905578613281,36.939048767089844,-28.354419708251953,11.147810935974121,0.95258629322052,1.0003758668899536
SB78803_component_1082a,38.026075,-33.774155,12.612000465393066,55.80531311035156,38.026058197021484,-33.77415466308594,12.572265625,0.9552380442619324,1.0031604766845703
SB78803_component_1085a,36.344485,-29.507629,11.309000015258789,51.404544830322266,36.344547271728516,-29.507585525512695,11.335343360900879,0.9500154852867126,0.9976760149002075
SB78803_component_1089a,37.399216,-34.624405,11.567999839782715,37.558441162109375,37.39922332763672,-34.62452697753906,10.729591369628906,1.0266355276107788,1.0781397819519043
SB78803_component_1097a,39.276202,-30.098356,11.35200023651123,26.964370727539062,39.276390075683594,-30.09842300415039,10.594789505004883,1.0202842950820923,1.0714701414108276
SB78803_component_1098a,32.631427,-32.238445,11.336000442504883,59.35078811645508,32.631431579589844,-32.23850631713867,8.731245040893555,1.2363027334213257,1.298325777053833
SB78803_component_1101a,37.127938,-30.497933,11.170000076293945,48.99123001098633,37.12788009643555,-30.497920989990234,10.491434097290039,1.0138168334960938,1.0646780729293823
SB78803_component_1108a,39.216098,-28.587175,11.793000221252441,16.311203002929688,39.21593475341797,-28.587207794189453,13.582898139953613,0.826747715473175,0.8682241439819336
SB78803_component_1111a,39.464757,-33.52372,12.177000045776367,28.651763916015625,39.46492385864258,-33.52388381958008,11.562878608703613,1.0028027296066284,1.0531114339828491
SB78803_component_1113a,30.808617,-32.586739,12.170000076293945,21.426055908203125,30.808551788330078,-32.58684539794922,12.587920188903809,0.9206143617630005,0.9667999148368835
SB78803_component_1114a,38.011506,-30.736308,10.532999992370605,50.884056091308594,38.01144790649414,-30.736377716064453,5.936426639556885,1.689538836479187,1.7742997407913208
SB78803_component_1117a,36.209653,-29.630519,10.74899959564209,55.40721130371094,36.20964431762695,-29.63050651550293,12.100106239318848,0.8459019660949707,0.8883392810821533
SB78803_component_1120a,33.41347,-30.933265,10.831000328063965,46.484981536865234,33.41364288330078,-30.933244705200195,10.050972938537598,1.0261282920837402,1.0776071548461914
SB78803_component_1122a,33.593442,-27.855645,9.052000045776367,19.25957489013672,33.59347915649414,-27.85573959350586,9.694276809692383,0.8891403079032898,0.9337468147277832
SB78803_component_1124a,38.650392,-32.541198,10.550999641418457,41.703556060791016,38.65034103393555,-32.541202545166016,10.504875183105469,0.9564095139503479,1.0043907165527344
SB78803_component_1125a,37.608002,-32.632629,10.74899959564209,50.70282745361328,37.607975006103516,-32.6327018737793,9.233233451843262,1.1085503101348877,1.1641641855239868
SB78803_component_1127a,32.212587,-30.354702,10.906000137329102,47.83333206176758,32.21249771118164,-30.354747772216797,9.6044921875,1.0812653303146362,1.1355103254318237
SB78803_component_1129a,31.107712,-34.321952,10.461999893188477,18.648841857910156,31.107711791992188,-34.321964263916016,16.170766830444336,0.6160632371902466,0.6469699144363403
SB78803_component_1130a,34.788289,-31.438747,10.937999725341797,59.12432098388672,34.788238525390625,-31.43886375427246,9.56386661529541,1.0890443325042725,1.1436796188354492
SB78803_component_1132a,32.99893,-32.527687,11.281999588012695,57.85641098022461,32.999027252197266,-32.5275993347168,10.373490333557129,1.035624623298645,1.0875798463821411
SB78803_component_1133a,37.459156,-32.049899,9.866999626159668,46.10747528076172,37.45920944213867,-32.04994583129883,9.762645721435547,0.9624069333076477,1.01068913936615
SB78803_component_1136a,34.445248,-30.526575,10.805999755859375,56.5759162902832,34.44516372680664,-30.526546478271484,10.770087242126465,0.9554036855697632,1.0033345222473145
SB78803_component_1144a,37.552556,-31.831623,10.657999992370605,44.22406768798828,37.5526008605957,-31.831684112548828,9.902538299560547,1.0248737335205078,1.0762896537780762
SB78803_component_1146a,33.798379,-27.907259,11.034000396728516,26.78155517578125,33.798500061035156,-27.90732192993164,9.61291217803955,1.0929975509643555,1.1478312015533447
SB78803_component_1149a,33.387384,-29.393986,10.659000396728516,50.04225540161133,33.38739776611328,-29.39410972595215,9.44474983215332,1.0746504068374634,1.1285635232925415
SB78803_component_1150a,38.908265,-32.436005,10.232000350952148,35.28276062011719,38.908145904541016,-32.436065673828125,9.414859771728516,1.0348749160766602,1.0867925882339478
SB78803_component_1152a,33.340908,-31.841871,10.057000160217285,51.57435989379883,33.34089660644531,-31.841978073120117,9.144359588623047,1.0472643375396729,1.0998036861419678
SB78803_component_1153a,33.241394,-35.139454,10.925000190734863,16.653963088989258,33.241458892822266,-35.13961410522461,10.372322082519531,1.0029670000076294,1.053283929824829
SB78803_component_1158a,37.026484,-29.20865,10.194000244140625,41.778690338134766,37.02648162841797,-29.20868492126465,11.678704261779785,0.8311724662780762,0.8728708028793335
SB78803_component_1160a,35.63641,-32.275486,10.430000305175781,60.9941520690918,35.63637161254883,-32.275535583496094,9.433998107910156,1.0527608394622803,1.1055757999420166
SB78803_component_1161a,35.873292,-29.303286,10.550000190734863,52.22772216796875,35.87323760986328,-29.30327606201172,13.070256233215332,0.7686161994934082,0.8071762323379517
SB78803_component_1164a,35.439716,-34.751382,10.845999717712402,34.98709487915039,35.439693450927734,-34.751338958740234,9.309364318847656,1.109406590461731,1.1650633811950684
SB78803_component_1169a,36.089261,-34.247709,10.432999610900879,47.85779571533203,36.08924865722656,-34.247703552246094,9.938154220581055,0.9996423721313477,1.0497925281524658
SB78803_component_1170a,31.219116,-33.013389,10.336000442504883,29.033708572387695,31.219160079956055,-33.01340103149414,14.40876293182373,0.6830728054046631,0.7173413038253784
SB78803_component_1172a,39.271264,-33.644934,10.199999809265137,29.14285659790039,39.271148681640625,-33.64491653442383,9.7968168258667,0.9914169907569885,1.0411545038223267
SB78803_component_1174a,35.043713,-34.274473,10.906000137329102,51.93333435058594,35.04376983642578,-34.27447509765625,10.43996810913086,0.9947352409362793,1.044639229774475
SB78803_component_1175a,32.042426,-30.720778,9.739999771118164,36.07406997680664,32.042457580566406,-30.720760345458984,8.63586711883545,1.0739749670028687,1.127854347229004
SB78803_component_1177a,35.388457,-30.681642,10.890000343322754,56.424869537353516,35.388519287109375,-30.681682586669922,11.179445266723633,0.9275745153427124,0.9741091728210449
SB78803_component_1179a,32.454865,-30.103332,10.795999526977539,45.552738189697266,32.45486068725586,-30.103483200073242,9.936101913452148,1.0346368551254272,1.0865427255630493
SB78803_component_1181a,36.47559,-27.998484,9.689000129699707,26.400545120239258,36.47557830810547,-27.998525619506836,10.578536987304688,0.8721566796302795,0.9159111380577087
SB78803_component_1183a,32.934806,-29.76357,10.527000427246094,48.28899383544922,32.93479919433594,-29.763565063476562,13.096233367919922,0.7654193043708801,0.803818941116333
SB78803_component_1186a,35.062488,-32.249094,9.751999855041504,55.40909194946289,35.062435150146484,-32.249122619628906,7.59783411026001,1.22220778465271,1.283523678779602
SB78803_component_1188a,38.477969,-30.545978,10.982000350952148,48.59292221069336,38.47804641723633,-30.545955657958984,10.329813003540039,1.0123487710952759,1.0631364583969116
SB78803_component_1189a,37.128321,-35.276071,10.58899974822998,14.95621395111084,37.12827682495117,-35.27614974975586,10.089361190795898,0.9993841052055359,1.0495213270187378
SB78803_component_1192a,33.562125,-31.926189,9.902999877929688,47.61057662963867,33.5622444152832,-31.92620086669922,9.300183296203613,1.0139497518539429,1.0648176670074463
SB78803_component_1199a,38.194352,-31.374689,10.067000389099121,47.71090316772461,38.19443893432617,-31.374662399291992,9.086549758911133,1.054975152015686,1.1079013347625732
SB78803_component_1200a,35.956898,-35.495274,10.909000396728516,12.539080619812012,35.95699691772461,-35.495304107666016,10.534466743469238,0.9860832095146179,1.035553216934204
SB78803_component_1206a,31.59789,-33.159008,10.168999671936035,39.568092346191406,31.597862243652344,-33.15908432006836,10.239675521850586,0.9456560611724854,0.9930978417396545
SB78803_component_1207a,33.333215,-28.281852,9.755999565124512,29.92637825012207,33.33330154418945,-28.281890869140625,8.043630599975586,1.1549437046051025,1.2128851413726807
SB78803_component_1212a,36.580048,-28.239727,9.517999649047852,34.86446762084961,36.58012008666992,-28.239702224731445,8.923003196716309,1.0157243013381958,1.066681146621704
SB78803_component_1216a,35.80495,-29.57137,9.307999610900879,47.733333587646484,35.804931640625,-29.57134246826172,8.371356010437012,1.0587701797485352,1.111886739730835
SB78803_component_1218a,32.719962,-35.063978,10.397000312805176,17.185123443603516,32.72001647949219,-35.063968658447266,13.001787185668945,0.7614583969116211,0.7996593117713928
SB78803_component_1223a,35.879568,-32.454316,9.92300033569336,53.349464416503906,35.87948226928711,-32.454227447509766,9.165168762207031,1.0309644937515259,1.0826860666275024
SB78803_component_1224a,38.026483,-31.314437,9.626999855041504,44.77674102783203,38.02657699584961,-31.31435203552246,8.441516876220703,1.0859545469284058,1.1404348611831665
SB78803_component_1226a,38.50314,-28.638196,9.883999824523926,31.78135108947754,38.503021240234375,-28.638137817382812,10.872637748718262,0.865643322467804,0.9090710282325745
SB78803_component_1227a,39.336334,-31.288487,9.343000411987305,25.667583465576172,39.33626174926758,-31.28857421875,9.119244575500488,0.9755929708480835,1.0245366096496582
SB78803_component_1228a,39.245273,-30.417388,9.734999656677246,20.89055824279785,39.24523162841797,-30.41750144958496,9.434247016906738,0.9825844168663025,1.0318788290023804
SB78803_component_1230a,39.640177,-31.469758,9.534000396728516,17.954801559448242,39.639949798583984,-31.46969985961914,8.805521965026855,1.031006097793579,1.082729697227478
SB78803_component_1231a,36.987209,-34.956577,10.21399974822998,22.252723693847656,36.98723220825195,-34.956607818603516,9.561274528503418,1.0172348022460938,1.068267583847046
SB78803_component_1234a,33.318836,-33.449381,9.105999946594238,44.85714340209961,33.31886672973633,-33.44935989379883,8.051863670349121,1.076892614364624,1.130918264389038
SB78803_component_1235a,40.095014,-31.412684,10.335000038146973,12.259786605834961,40.094261169433594,-31.412986755371094,7.717881679534912,1.2751272916793823,1.3390979766845703
SB78803_component_1236a,33.520351,-28.107676,9.63599967956543,26.47252655029297,33.52033615112305,-28.107837677001953,9.220837593078613,0.9951019287109375,1.0450243949890137
SB78803_component_1239a,36.15872,-30.916226,9.357000350952148,42.72602844238281,36.158817291259766,-30.916297912597656,8.625792503356934,1.0329487323760986,1.0847699642181396
SB78803_component_1240a,33.677003,-34.836621,10.17300033569336,26.84168815612793,33.67713928222656,-34.83662033081055,8.695579528808594,1.1140166521072388,1.1699048280715942
SB78803_component_1244a,34.217893,-31.414533,9.625,42.96875,34.21776580810547,-31.414566040039062,9.689508438110352,0.9458889961242676,0.9933424592018127
SB78803_component_1246a,35.014758,-34.554066,9.593999862670898,38.842105865478516,35.01474380493164,-34.55409622192383,8.929609298706055,1.0230772495269775,1.0744030475616455
SB78803_component_1247a,36.945516,-30.397866,8.9350004196167,33.215614318847656,36.94551086425781,-30.39785385131836,8.941847801208496,0.9514992833137512,0.9992342591285706
SB78803_component_1249a,39.537646,-34.565222,8.729000091552734,10.555018424987793,39.537296295166016,-34.56523513793945,8.796367645263672,0.9449357390403748,0.9923414587974548
SB78803_component_1250a,39.33612,-30.153227,9.064000129699707,21.6842098236084,39.33599090576172,-30.153230667114258,8.890995025634766,0.9707573652267456,1.0194584131240845
SB78803_component_1252a,31.068984,-30.532799,9.614999771118164,17.674631118774414,31.068843841552734,-30.532739639282227,7.876547813415527,1.1623972654342651,1.220712423324585
SB78803_component_1253a,32.424921,-27.634414,9.178999900817871,11.099153518676758,32.42477035522461,-27.634220123291016,7.251275539398193,1.205374836921692,1.2658462524414062
SB78803_component_1255a,31.626325,-30.789402,9.083000183105469,31.870176315307617,31.626358032226562,-30.78948974609375,8.727992057800293,0.9909600615501404,1.0406746864318848
SB78803_component_1258a,31.549097,-31.243323,10.319999694824219,39.69230651855469,31.549062728881836,-31.24334144592285,8.615745544433594,1.1405858993530273,1.19780695438385
SB78803_component_1259a,35.029533,-28.984669,9.536999702453613,46.98029708862305,35.02947998046875,-28.984638214111328,8.522677421569824,1.0655574798583984,1.1190145015716553
SB78803_component_1263a,34.067463,-34.651712,9.543000221252441,30.983766555786133,34.067501068115234,-34.651790618896484,8.709603309631348,1.043344497680664,1.0956871509552002
SB78803_component_1266a,33.14566,-31.268432,9.157999992370605,47.450775146484375,33.14568328857422,-31.26845359802246,8.753558158874512,0.9962244033813477,1.0462031364440918
SB78803_component_1267a,36.521338,-29.96111,8.711999893188477,42.08695602416992,36.521339416503906,-29.96108627319336,10.49814224243164,0.7902173399925232,0.8298611044883728
SB78803_component_1270a,32.272048,-31.573119,9.222000122070312,41.16964340209961,32.27202224731445,-31.57313346862793,9.546292304992676,0.9198808073997498,0.9660295248031616
SB78803_component_1271a,31.650744,-33.402423,10.107999801635742,30.91131591796875,31.65071678161621,-33.402591705322266,10.036048889160156,0.9590552449226379,1.007169246673584
SB78803_component_1272a,34.109145,-29.531495,10.0,47.619049072265625,34.109195709228516,-29.53144073486328,9.174846649169922,1.0378684997558594,1.0899364948272705
SB78803_component_1277a,36.461053,-27.797716,9.878999710083008,23.299528121948242,36.46094512939453,-27.797809600830078,10.280705451965332,0.9150213599205017,0.9609262347221375
SB78803_component_1279a,33.744,-29.89337,9.170000076293945,35.68093490600586,33.74409103393555,-29.8934268951416,8.403484344482422,1.0390851497650146,1.0912140607833862
SB78803_component_1280a,38.337201,-35.204979,8.529000282287598,10.401220321655273,38.337127685546875,-35.204803466796875,9.106558799743652,0.8918360471725464,0.9365777373313904
SB78803_component_1281a,36.164234,-31.833544,9.092000007629395,50.79329299926758,36.16428756713867,-31.833568572998047,8.292434692382812,1.0440434217453003,1.0964210033416748
SB78803_component_1289a,35.633335,-27.299215,9.76099967956543,10.242391586303711,35.63318634033203,-27.29945182800293,8.961838722229004,1.037142276763916,1.0891737937927246
SB78803_component_1290a,33.344279,-29.878264,8.815999984741211,41.0046501159668,33.34435272216797,-29.878353118896484,8.436141967773438,0.9951049089431763,1.045027494430542
SB78803_component_1291a,34.420363,-33.355714,8.996000289916992,46.37113571166992,34.420169830322266,-33.355812072753906,7.839970111846924,1.0926377773284912,1.1474534273147583
SB78803_component_1292a,35.824203,-34.905149,9.142000198364258,21.612293243408203,35.824310302734375,-34.90518569946289,7.47919225692749,1.163932204246521,1.2223244905471802
SB78803_component_1298a,35.326911,-29.912296,8.534000396728516,42.884422302246094,35.3269157409668,-29.912370681762695,8.141776084899902,0.9981014132499695,1.048174262046814
SB78803_component_1302a,35.203372,-32.787108,9.125,50.69444274902344,35.20326614379883,-32.787147521972656,7.748417854309082,1.1214011907577515,1.1776597499847412
SB78803_component_1305a,36.277909,-30.963322,9.12600040435791,40.560001373291016,36.27801513671875,-30.963348388671875,8.853378295898438,0.9815504550933838,1.0307929515838623
SB78803_component_1307a,35.512558,-28.350127,8.04800033569336,30.255640029907227,35.51245880126953,-28.35016441345215,7.268677234649658,1.0543231964111328,1.1072165966033936
SB78803_component_1308a,35.850563,-32.874063,8.97700023651123,47.0,35.8505859375,-32.87406921386719,8.969583511352539,0.9530158042907715,1.0008268356323242
SB78803_component_1310a,36.982059,-32.818273,8.430999755859375,43.235897064208984,36.9820556640625,-32.81827926635742,8.082584381103516,0.9932761192321777,1.0431069135665894
SB78803_component_1311a,36.423716,-33.027596,8.78600025177002,41.63981246948242,36.423667907714844,-33.02764892578125,8.292917251586914,1.008846402168274,1.0594583749771118
SB78803_component_1315a,34.950307,-29.598448,8.522000312805176,38.04464340209961,34.95018768310547,-29.598506927490234,8.268800735473633,0.9813867211341858,1.03062105178833
SB78803_component_1318a,36.80742,-29.935935,7.849999904632568,36.17511749267578,36.807525634765625,-29.93592643737793,8.488374710083008,0.8806153535842896,0.9247941970825195
SB78803_component_1319a,33.679938,-31.219388,8.446999549865723,40.033172607421875,33.67994689941406,-31.219324111938477,8.153515815734863,0.9865037798881531,1.0359947681427002
SB78803_component_1321a,35.382222,-30.96113,8.388999938964844,46.86592102050781,35.382320404052734,-30.961103439331055,9.071711540222168,0.8805664777755737,0.9247428178787231
SB78803_component_1322a,32.331055,-29.866297,9.039999961853027,37.983192443847656,32.331058502197266,-29.866371154785156,8.149535179138184,1.0562744140625,1.109265685081482
SB78803_component_1323a,36.957963,-30.509558,8.883999824523926,32.18840408325195,36.95792007446289,-30.50948715209961,8.676408767700195,0.9750114679336548,1.0239259004592896
SB78803_component_1324a,34.234493,-32.391696,8.668000221252441,51.28994369506836,34.234291076660156,-32.39166259765625,7.744945526123047,1.0657165050506592,1.119181513786316
SB78803_component_1328a,31.969698,-31.300505,8.720999717712402,39.640907287597656,31.96967124938965,-31.30048370361328,8.004585266113281,1.0374534130096436,1.0895005464553833
SB78803_component_1329a,37.782885,-29.864417,8.637999534606934,37.232757568359375,37.782901763916016,-29.864328384399414,8.534168243408203,0.9638137817382812,1.0121665000915527
SB78803_component_1336a,34.970051,-32.099388,9.039999961853027,50.22222137451172,34.970008850097656,-32.099395751953125,8.039106369018555,1.0707838535308838,1.1245031356811523
SB78803_component_1340a,35.217635,-29.309412,8.489999771118164,42.66331481933594,35.21751403808594,-29.309497833251953,7.856508731842041,1.0290091037750244,1.0806326866149902
SB78803_component_1344a,35.695708,-28.763954,8.25100040435791,37.334842681884766,35.695648193359375,-28.763965606689453,10.335216522216797,0.760200560092926,0.7983384132385254
SB78803_component_1345a,33.440299,-29.256722,8.87399959564209,40.15384292602539,33.44027328491211,-29.256790161132812,7.703637599945068,1.0968941450119019,1.1519232988357544
SB78803_component_1347a,36.129857,-34.182287,9.180000305175781,43.507110595703125,36.12989044189453,-34.182254791259766,6.2903361320495605,1.389664649963379,1.4593814611434937
SB78803_component_1349a,38.234987,-30.718084,8.019000053405762,39.30882263183594,38.23508071899414,-30.718128204345703,6.905721664428711,1.1057381629943848,1.1612110137939453
SB78803_component_1350a,35.6318,-28.396524,8.413000106811523,29.83333396911621,35.63173294067383,-28.39654541015625,8.475200653076172,0.9452399015426636,0.9926608800888062
SB78803_component_1354a,32.154195,-30.332934,8.175000190734863,37.5,32.15419006347656,-30.332839965820312,9.117905616760254,0.8537561893463135,0.8965874910354614
SB78803_component_1360a,31.269442,-31.296846,8.468000411987305,24.26361083984375,31.26958656311035,-31.296884536743164,7.926823616027832,1.0172386169433594,1.0682716369628906
SB78803_component_1362a,35.494642,-33.322055,8.557999610900879,46.7650260925293,35.494728088378906,-33.32203674316406,7.074896812438965,1.1518430709838867,1.209628939628601
SB78803_component_1368a,39.044214,-31.919899,9.156999588012695,30.523330688476562,39.044105529785156,-31.919818878173828,7.623011112213135,1.1438466310501099,1.2012313604354858
SB78803_component_1369a,38.575096,-34.42932,8.156999588012695,26.656862258911133,38.575130462646484,-34.42926025390625,9.258914947509766,0.8389025330543518,0.8809887170791626
SB78803_component_1370a,33.336287,-33.890358,9.29800033569336,27.755224227905273,33.33610534667969,-33.89033889770508,8.707658767700195,1.0167855024337769,1.0677956342697144
SB78803_component_1380a,34.549976,-29.506571,8.25,38.5514030456543,34.54993438720703,-29.50655746459961,7.723378658294678,1.0171564817428589,1.0681853294372559
SB78803_component_1383a,39.103728,-29.66311,7.839000225067139,20.79310417175293,39.1038703918457,-29.66318702697754,9.234825134277344,0.8083010911941528,0.8488520383834839
SB78803_component_1384a,34.572101,-28.474857,8.763999938964844,37.61373519897461,34.57209396362305,-28.474943161010742,7.94533634185791,1.0503432750701904,1.1030369997024536
SB78803_component_1390a,32.015959,-27.941078,7.697000026702881,11.59186840057373,32.01628875732422,-27.94114112854004,6.169198989868164,1.1880476474761963,1.2476497888565063
SB78803_component_1394a,35.004542,-31.153817,8.057000160217285,43.78804397583008,35.004451751708984,-31.154016494750977,7.628210067749023,1.0057542324066162,1.0562111139297485
SB78803_component_1397a,36.971702,-29.0456,8.390999794006348,31.077775955200195,36.971702575683594,-29.04561424255371,9.267289161682129,0.8621883392333984,0.9054427742958069
SB78803_component_1399a,35.912,-30.688884,7.539000034332275,38.26903533935547,35.912052154541016,-30.68888282775879,8.171974182128906,0.8784720301628113,0.9225432872772217
SB78803_component_1400a,37.231859,-29.454872,7.966000080108643,38.29807662963867,37.23194885253906,-29.454917907714844,8.57392692565918,0.8847115635871887,0.9290958642959595
SB78803_component_1404a,32.089013,-30.441293,8.45300006866455,36.912662506103516,32.08897018432617,-30.441234588623047,8.851018905639648,0.9094079732894897,0.9550312757492065
SB78803_component_1407a,33.329597,-32.537163,8.10099983215332,43.32085418701172,33.32965087890625,-32.53718566894531,9.48967170715332,0.8128840327262878,0.8536649346351624
SB78803_component_1408a,32.965116,-31.013859,8.555999755859375,43.876922607421875,32.96516418457031,-31.01387596130371,7.062374591827393,1.1536157131195068,1.211490511894226
SB78803_component_1409a,33.540268,-32.152143,8.378999710083008,46.03845977783203,33.540382385253906,-32.152000427246094,7.478384017944336,1.0669045448303223,1.1204291582107544
SB78803_component_1413a,38.822761,-33.221624,8.461999893188477,35.55461883544922,38.82276916503906,-33.22154235839844,6.736988067626953,1.1960474252700806,1.256050944328308
SB78803_component_1415a,31.676671,-28.490192,8.324999809265137,17.34375,31.67677879333496,-28.4903507232666,7.462091445922852,1.0623431205749512,1.1156389713287354
SB78803_component_1417a,37.936761,-32.440981,8.055999755859375,39.29756164550781,37.936824798583984,-32.44101333618164,7.998122692108154,0.9591192007064819,1.007236361503601
SB78803_component_1421a,38.659424,-34.153366,8.697999954223633,32.8226432800293,38.65925598144531,-34.153419494628906,8.696014404296875,0.9524458646774292,1.0002282857894897
SB78803_component_1425a,31.904573,-33.502144,7.767000198364258,37.8878059387207,31.904630661010742,-33.502098083496094,8.517831802368164,0.8682912588119507,0.9118517637252808
SB78803_component_1426a,35.475985,-28.437715,7.952000141143799,32.59016418457031,35.47605514526367,-28.43779945373535,10.639643669128418,0.7116893529891968,0.7473934888839722
SB78803_component_1430a,36.718667,-28.373277,7.294000148773193,27.628787994384766,36.71879959106445,-28.373249053955078,7.841756343841553,0.8857141733169556,0.9301487803459167
SB78803_component_1433a,31.728393,-33.53456,7.589000225067139,28.530075073242188,31.728548049926758,-33.534507751464844,8.840753555297852,0.8174033761024475,0.8584110140800476
SB78803_component_1440a,31.756496,-29.489725,8.008999824523926,28.200702667236328,31.756471633911133,-29.489635467529297,7.340359687805176,1.0389678478240967,1.0910909175872803
SB78803_component_1444a,35.076519,-31.057559,8.345999717712402,50.89023971557617,35.07658386230469,-31.0577392578125,7.8597517013549805,1.011138677597046,1.0618655681610107
SB78803_component_1447a,37.401338,-28.150327,8.404999732971191,26.34796142578125,37.401268005371094,-28.150341033935547,9.059805870056152,0.8834052681922913,0.9277240633964539
SB78803_component_1451a,39.477949,-32.245961,7.823999881744385,17.271522521972656,39.47785568237305,-32.246185302734375,5.9293532371521,1.2565006017684937,1.319536805152893
SB78803_component_1453a,31.594794,-32.026022,8.175999641418457,31.56756591796875,31.594900131225586,-32.026100158691406,7.5729289054870605,1.0280592441558838,1.0796350240707397
SB78803_component_1454a,37.605347,-32.489719,7.675000190734863,37.25728225708008,37.605369567871094,-32.48986053466797,7.9005937576293945,0.9250385761260986,0.9714459776878357
SB78803_component_1455a,32.818492,-35.229793,8.342000007629395,10.599745750427246,32.81908416748047,-35.2299690246582,6.624642848968506,1.1990820169448853,1.2592376470565796
SB78803_component_1457a,31.356747,-33.591415,8.741999626159668,24.83522605895996,31.356996536254883,-33.591373443603516,10.031478881835938,0.8298258781433105,0.8714567422866821
SB78803_component_1458a,39.001054,-28.149198,7.7870001792907715,12.68241024017334,39.0008659362793,-28.1492862701416,8.89467716217041,0.8336450457572937,0.8754674196243286
SB78803_component_1460a,32.923696,-27.774682,8.218999862670898,13.630182266235352,32.92365646362305,-27.774755477905273,6.056855201721191,1.2921500205993652,1.3569748401641846
SB78803_component_1461a,33.965502,-29.257042,8.166999816894531,38.163551330566406,33.96546173095703,-29.257041931152344,7.112645149230957,1.0933836698532104,1.148236632347107
SB78803_component_1465a,33.870412,-27.489213,8.767999649047852,11.226632118225098,33.87042236328125,-27.489147186279297,7.6041717529296875,1.0979682207107544,1.1530512571334839
SB78803_component_1468a,37.575891,-30.277642,7.9629998207092285,38.1004753112793,37.57587814331055,-30.277606964111328,6.995344161987305,1.0839488506317139,1.1383285522460938
SB78803_component_1473a,35.262399,-30.047307,8.23900032043457,43.3631591796875,35.262451171875,-30.04729461669922,7.544406890869141,1.0398976802825928,1.0920673608779907
SB78803_component_1474a,34.295518,-33.332974,7.934000015258789,44.824859619140625,34.29560852050781,-33.33308029174805,7.113060474395752,1.0621280670166016,1.115412950515747
SB78803_component_1475a,37.602644,-28.123166,7.489999771118164,24.239482879638672,37.60260772705078,-28.123228073120117,8.363868713378906,0.8527383208274841,0.8955186009407043
SB78803_component_1478a,36.230781,-27.85221,8.58899974822998,22.48429298400879,36.230804443359375,-27.85220718383789,6.846113204956055,1.194647192955017,1.2545804977416992
SB78803_component_1479a,37.568396,-33.361808,8.15999984741211,41.42131805419922,37.56846237182617,-33.36181640625,7.690012454986572,1.0104254484176636,1.0611165761947632
SB78803_component_1482a,36.160615,-30.604423,7.775000095367432,35.34090805053711,36.16075897216797,-30.604524612426758,7.771791934967041,0.952621579170227,1.0004128217697144
SB78803_component_1485a,38.742977,-28.717185,8.378999710083008,24.35755729675293,38.74284744262695,-28.717144012451172,8.978943824768066,0.8886036276817322,0.9331831932067871
SB78803_component_1487a,33.147676,-31.149848,8.100000381469727,40.29850769042969,33.147586822509766,-31.149921417236328,7.373603820800781,1.0460355281829834,1.098513126373291
SB78803_component_1492a,37.840043,-32.459789,8.173999786376953,36.00880813598633,37.83994674682617,-32.459869384765625,6.6423540115356445,1.1718007326126099,1.2305878400802612
SB78803_component_1493a,37.7695,-30.569509,7.440000057220459,38.952880859375,37.769569396972656,-30.569547653198242,5.87017822265625,1.206876516342163,1.267423152923584
SB78803_component_1497a,33.691075,-31.707411,7.968999862670898,41.07731628417969,33.69101333618164,-31.70748519897461,7.006690502166748,1.0830090045928955,1.1373414993286133
SB78803_component_1500a,39.796629,-33.098558,8.248000144958496,11.455554962158203,39.79632568359375,-33.098506927490234,6.899512767791748,1.1383384466171265,1.1954467296600342
SB78803_component_1502a,36.077788,-27.662886,6.565999984741211,11.499124526977539,36.07780456542969,-27.662797927856445,6.928811073303223,0.9023672938346863,0.9476373195648193
SB78803_component_1504a,34.748962,-29.825465,7.38100004196167,36.181373596191406,34.748905181884766,-29.825475692749023,6.974003791809082,1.0077996253967285,1.0583590269088745
SB78803_component_1507a,35.654855,-31.310934,7.624000072479248,38.70050811767578,35.65483093261719,-31.311050415039062,6.92303991317749,1.0486419200897217,1.1012502908706665
SB78803_component_1517a,32.593874,-29.349922,8.015000343322754,34.54741668701172,32.59384536743164,-29.35004997253418,7.398350715637207,1.031596302986145,1.083349585533142
SB78803_component_1518a,35.532559,-34.620912,7.946000099182129,25.967321395874023,35.53277587890625,-34.62087631225586,7.230701923370361,1.046427845954895,1.0989251136779785
SB78803_component_1519a,30.951067,-31.636293,6.955999851226807,13.533073425292969,30.951160430908203,-31.6364688873291,7.401774883270264,0.8948801159858704,0.9397745728492737
SB78803_component_1522a,35.010408,-33.533748,7.632999897003174,40.173683166503906,35.01042556762695,-33.53369903564453,6.523528575897217,1.1141761541366577,1.170072317123413
SB78803_component_1523a,40.065412,-30.583889,8.236000061035156,11.867435455322266,40.06554412841797,-30.583749771118164,6.867373466491699,1.1420018672943115,1.199294090270996
SB78803_component_1526a,34.407041,-33.622232,7.789000034332275,42.10270309448242,34.40700149536133,-33.622283935546875,6.904993057250977,1.0741368532180786,1.1280243396759033
SB78803_component_1529a,33.138136,-28.31732,7.460999965667725,24.705299377441406,33.138187408447266,-28.317222595214844,6.607814311981201,1.0751780271530151,1.129117727279663
SB78803_component_1533a,39.428684,-31.764518,7.264999866485596,16.548974990844727,39.42891311645508,-31.764352798461914,6.547269344329834,1.0566145181655884,1.109622836112976
SB78803_component_1537a,38.402202,-34.7334,7.14300012588501,16.61162757873535,38.402191162109375,-34.733402252197266,8.603752136230469,0.790558397769928,0.8302192091941833
SB78803_component_1546a,39.693884,-32.31696,8.423999786376953,13.435406684875488,39.69399642944336,-32.31707763671875,7.361891746520996,1.0896074771881104,1.1442710161209106
SB78803_component_1548a,31.958776,-33.523913,7.723999977111816,36.60663604736328,31.958707809448242,-33.523929595947266,9.070975303649902,0.8108293414115906,0.8515071272850037
SB78803_component_1550a,39.097577,-33.147727,8.211999893188477,27.649831771850586,39.09754943847656,-33.14772033691406,6.9516682624816895,1.1248667240142822,1.1812992095947266
SB78803_component_1556a,36.688478,-30.567888,7.776000022888184,25.919998168945312,36.688724517822266,-30.567867279052734,7.250412464141846,1.0212562084197998,1.0724906921386719
SB78803_component_1560a,39.074838,-32.309458,7.26200008392334,24.45117950439453,39.07472229003906,-32.30938720703125,6.272990703582764,1.102358341217041,1.1576615571975708
SB78803_component_1563a,35.522568,-31.778941,7.302000045776367,41.4886360168457,35.5225830078125,-31.778982162475586,6.519857406616211,1.0664608478546143,1.1199631690979004
SB78803_component_1568a,38.229234,-28.245949,7.159999847412109,21.24629020690918,38.22908020019531,-28.246009826660156,8.930034637451172,0.7634859681129456,0.8017885684967041
SB78803_component_1570a,33.875869,-31.558642,6.828999996185303,26.468994140625,33.87575149536133,-31.558612823486328,6.690014362335205,0.9720110893249512,1.0207750797271729
SB78803_component_1579a,34.229958,-27.820335,7.091000080108643,17.211164474487305,34.22984313964844,-27.82062530517578,6.818140029907227,0.9903363585472107,1.0400197505950928
SB78803_component_1580a,38.809513,-29.846511,7.26800012588501,23.369775772094727,38.80967712402344,-29.846452713012695,8.618396759033203,0.8030259609222412,0.8433123230934143
SB78803_component_1581a,31.081788,-29.062938,7.449999809265137,10.478199005126953,31.082021713256836,-29.062742233276367,8.91014575958252,0.7961825132369995,0.8361254930496216
SB78803_component_1583a,34.802973,-30.728526,7.396999835968018,35.73429870605469,34.80290603637695,-30.728483200073242,6.257322788238525,1.1256625652313232,1.182134985923767
SB78803_component_1585a,37.648557,-31.172851,6.955999851226807,31.053569793701172,37.64854049682617,-31.172847747802734,7.115102767944336,0.9309354424476624,0.9776387214660645
SB78803_component_1592a,39.732302,-31.042094,7.577000141143799,12.400981903076172,39.732154846191406,-31.042190551757812,6.499637126922607,1.110067367553711,1.165757417678833
SB78803_component_1600a,31.229927,-30.122646,7.885000228881836,17.291667938232422,31.229820251464844,-30.122880935668945,7.39714241027832,1.015030026435852,1.065952181816101
SB78803_component_1602a,37.16272,-32.3315,7.260000228881836,39.032257080078125,37.162776947021484,-32.33152389526367,6.934837818145752,0.9968768358230591,1.0468882322311401
SB78803_component_1604a,36.404022,-29.438744,6.770999908447266,33.85499954223633,36.40403747558594,-29.438770294189453,6.252457618713379,1.0312007665634155,1.0829341411590576
SB78803_component_1607a,39.259648,-29.15378,7.60699987411499,15.588114738464355,39.259620666503906,-29.1540470123291,8.80814266204834,0.8223756551742554,0.8636326789855957
SB78803_component_1609a,33.473444,-34.136897,7.553999900817871,25.5202693939209,33.473388671875,-34.1368408203125,7.296163558959961,0.9858788847923279,1.0353386402130127
SB78803_component_1612a,38.590935,-32.957955,6.834000110626221,25.59550666809082,38.590877532958984,-32.958030700683594,9.259893417358398,0.7027650475502014,0.7380214929580688
SB78803_component_1613a,31.839248,-32.473326,7.263000011444092,34.42180252075195,31.83936309814453,-32.47334671020508,6.222026348114014,1.1115407943725586,1.1673046350479126
SB78803_component_1614a,34.394647,-31.131179,7.184000015258789,32.654544830322266,34.39469909667969,-31.1311092376709,6.3962202072143555,1.0695081949234009,1.1231633424758911
SB78803_component_1617a,36.352495,-28.972044,6.873000144958496,30.01310157775879,36.35268020629883,-28.97197914123535,6.847142696380615,0.9558244943618774,1.0037764310836792
SB78803_component_1621a,31.574759,-30.82546,7.754000186920166,27.4964542388916,31.574766159057617,-30.82543182373047,7.175300598144531,1.0290272235870361,1.0806516408920288
SB78803_component_1622a,38.046701,-31.338927,7.043000221252441,34.1893196105957,38.046730041503906,-31.33903694152832,6.144896030426025,1.0914009809494019,1.146154522895813
SB78803_component_1630a,34.711366,-30.317266,6.7829999923706055,35.88888931274414,34.71118927001953,-30.317279815673828,6.466794967651367,0.9987893104553223,1.0488966703414917
SB78803_component_1631a,37.199658,-29.04671,6.561999797821045,26.1434268951416,37.199745178222656,-29.046693801879883,6.9617486000061035,0.8975508213043213,0.9425792694091797
SB78803_component_1640a,35.667781,-32.886146,7.367000102996826,39.82162094116211,35.667903900146484,-32.88620376586914,6.411820411682129,1.094083547592163,1.148971676826477
SB78803_component_1642a,33.981196,-34.24137,6.756999969482422,28.2719669342041,33.98112869262695,-34.2413215637207,5.811083793640137,1.107230305671692,1.1627779006958008
SB78803_component_1646a,31.591422,-32.406587,7.4710001945495605,28.406843185424805,31.591371536254883,-32.406673431396484,7.275559425354004,0.977807879447937,1.026862621307373
SB78803_component_1647a,39.616627,-33.537794,6.211999893188477,10.655231475830078,39.616355895996094,-33.53791809082031,7.32118034362793,0.8079630136489868,0.8484970331192017
SB78803_component_1648a,34.395653,-28.4266,6.679999828338623,27.949790954589844,34.39567565917969,-28.426536560058594,5.793628692626953,1.0979105234146118,1.152990698814392
SB78803_component_1649a,38.34677,-34.018394,6.585999965667725,27.556486129760742,38.346797943115234,-34.01851272583008,7.173181533813477,0.8742810487747192,0.9181420803070068
SB78803_component_1654a,33.616986,-29.57493,6.708000183105469,30.352941513061523,33.61703109741211,-29.57508087158203,5.928318023681641,1.077463984489441,1.1315182447433472
SB78803_component_1657a,36.802728,-34.848598,7.176000118255615,19.933332443237305,36.80274963378906,-34.84871292114258,5.558046340942383,1.2294232845306396,1.2911012172698975
SB78803_component_1662a,34.566315,-29.948573,6.545000076293945,30.44186019897461,34.56637954711914,-29.94873046875,6.166607856750488,1.010658621788025,1.0613614320755005
SB78803_component_1664a,33.185049,-33.557873,7.013000011444092,32.92488098144531,33.1849365234375,-33.55790710449219,6.94075870513916,0.9621395468711853,1.0104082822799683
SB78803_component_1666a,37.546254,-34.901249,6.324999809265137,15.167865753173828,37.54662322998047,-34.901424407958984,6.692294597625732,0.8999671339988708,0.9451167583465576
SB78803_component_1669a,38.447209,-34.762109,7.515999794006348,15.99148941040039,38.44733810424805,-34.76219177246094,7.943603992462158,0.9009701013565063,0.9461699724197388
SB78803_component_1671a,36.875721,-27.841441,7.363999843597412,17.28638458251953,36.8759765625,-27.841344833374023,7.347039699554443,0.954426646232605,1.0023084878921509
SB78803_component_1673a,32.117205,-32.535748,7.203000068664551,35.1365852355957,32.11716079711914,-32.535762786865234,6.422992706298828,1.0678670406341553,1.121439814567566
SB78803_component_1679a,33.93098,-32.243286,6.6529998779296875,34.83245849609375,33.9310302734375,-32.2432975769043,6.678471088409424,0.9485967755317688,0.9961860775947571
SB78803_component_1680a,33.602951,-33.074763,6.739999771118164,35.661376953125,33.60304641723633,-33.074745178222656,6.689669132232666,0.9593927264213562,1.0075236558914185
SB78803_component_1682a,36.860317,-31.259609,6.639999866485596,29.380531311035156,36.86035919189453,-31.259593963623047,6.177209854125977,1.0235685110092163,1.0749189853668213
SB78803_component_1683a,32.387956,-28.640761,6.626999855041504,24.186132431030273,32.388126373291016,-28.640727996826172,6.161767482757568,1.0241246223449707,1.0755031108856201
SB78803_component_1686a,38.826167,-30.85847,6.5229997634887695,27.407562255859375,38.825931549072266,-30.8585147857666,6.632686138153076,0.936481237411499,0.9834627509117126
SB78803_component_1688a,37.986979,-28.307379,6.644000053405762,21.641693115234375,37.98701095581055,-28.307233810424805,6.7498321533203125,0.9372982978820801,0.9843207597732544
SB78803_component_1691a,32.022601,-29.242359,7.060999870300293,27.582029342651367,32.02259826660156,-29.242521286010742,6.972583770751953,0.9643032550811768,1.0126805305480957
SB78803_component_1692a,31.944855,-31.03354,6.995999813079834,31.093334197998047,31.944753646850586,-31.033533096313477,6.252470970153809,1.0654652118682861,1.1189175844192505
SB78803_component_1693a,38.084194,-29.006468,6.513000011444092,29.33783721923828,38.084259033203125,-29.006397247314453,7.236060619354248,0.857077419757843,0.900075376033783
SB78803_component_1696a,36.394426,-34.210127,6.715000152587891,30.38461685180664,36.39448928833008,-34.21024703979492,6.024327754974365,1.0613987445831299,1.1146472692489624
SB78803_component_1699a,33.083577,-27.752468,7.238999843597412,11.310937881469727,33.083518981933594,-27.752490997314453,5.201520919799805,1.3252242803573608,1.391708254814148
SB78803_component_1702a,38.986159,-31.04233,6.690000057220459,24.68634796142578,38.98616027832031,-31.042348861694336,5.975405216217041,1.0661048889160156,1.1195893287658691
SB78803_component_1705a,32.383591,-33.936867,6.355000019073486,34.726776123046875,32.38357162475586,-33.93688201904297,6.931245803833008,0.8730626702308655,0.9168626070022583
SB78803_component_1706a,38.305023,-27.946978,6.699999809265137,14.13502025604248,38.30495071411133,-27.947010040283203,7.3886518478393555,0.8634769916534424,0.9067959785461426
SB78803_component_1710a,37.33453,-30.85526,6.735000133514404,25.60836410522461,37.334556579589844,-30.855213165283203,6.499265193939209,0.9867667555809021,1.0362709760665894
SB78803_component_1711a,34.681452,-33.768668,7.243000030517578,36.580806732177734,34.68133544921875,-33.76865768432617,6.613348007202148,1.0428894758224487,1.0952092409133911
SB78803_component_1712a,31.22956,-32.594912,6.964000225067139,18.720430374145508,31.22968101501465,-32.5948486328125,5.773476600646973,1.1485834121704102,1.2062057256698608
SB78803_component_1717a,39.287182,-30.267515,6.839000225067139,17.402036666870117,39.28718948364258,-30.267641067504883,6.15263557434082,1.058455467224121,1.1115561723709106
SB78803_component_1718a,33.758463,-30.076928,6.482999801635742,27.470338821411133,33.758541107177734,-30.077043533325195,5.834105491638184,1.058139443397522,1.1112242937088013
SB78803_component_1719a,32.657572,-29.496131,7.057000160217285,32.077274322509766,32.65758514404297,-29.496206283569336,6.383866310119629,1.0526342391967773,1.105443000793457
SB78803_component_1730a,38.139375,-30.234296,6.965000152587891,33.32535934448242,38.13935470581055,-30.234390258789062,6.265436172485352,1.0585490465164185,1.11165452003479
SB78803_component_1736a,33.899339,-34.68044,7.25,23.770490646362305,33.899200439453125,-34.680320739746094,6.749384880065918,1.0228571891784668,1.074172019958496
SB78803_component_1741a,37.991321,-32.653539,6.321000099182129,25.905736923217773,37.991268157958984,-32.65355682373047,5.61846923828125,1.0712946653366089,1.1250395774841309
SB78803_component_1743a,33.711798,-29.475141,6.732999801635742,32.37018966674805,33.71195983886719,-29.475048065185547,5.829537868499756,1.0998048782348633,1.1549800634384155
SB78803_component_1746a,37.636062,-28.751481,6.452000141143799,28.174673080444336,37.636043548583984,-28.751678466796875,8.031525611877441,0.764957845211029,0.8033342957496643
SB78803_component_1747a,37.100498,-32.359079,6.63700008392334,34.56770706176758,37.100440979003906,-32.35914611816406,6.070530414581299,1.0410853624343872,1.0933146476745605
SB78803_component_1748a,36.425413,-33.763779,6.559999942779541,29.155555725097656,36.42534637451172,-33.763912200927734,6.314248561859131,0.9892893433570862,1.0389201641082764
SB78803_component_1757a,32.389289,-31.016977,6.10699987411499,28.40464973449707,32.389400482177734,-31.0170841217041,6.185950756072998,0.9400752782821655,0.9872370362281799
SB78803_component_1758a,31.183849,-30.365256,6.039999961853027,13.66515827178955,31.183998107910156,-30.365352630615234,7.040044784545898,0.8169635534286499,0.8579490780830383
SB78803_component_1761a,32.326502,-32.731852,6.539000034332275,32.5323371887207,32.32634353637695,-32.73198699951172,5.742842197418213,1.0842405557632446,1.1386348009109497
SB78803_component_1762a,36.145312,-29.863532,6.10099983215332,33.15760803222656,36.145198822021484,-29.8635311126709,6.084649562835693,0.9547872543334961,1.0026870965957642
SB78803_component_1767a,31.679958,-28.646756,6.377999782562256,14.79814338684082,31.67990493774414,-28.646814346313477,6.4228034019470215,0.9455860257148743,0.9930242896080017
SB78803_component_1768a,37.821792,-32.685019,6.666999816894531,31.44811248779297,37.821693420410156,-32.6849250793457,5.924310684204102,1.071602702140808,1.1253629922866821
SB78803_component_1783a,38.521314,-29.627506,6.795000076293945,25.641511917114258,38.521339416503906,-29.627405166625977,6.428643226623535,1.0064942836761475,1.05698823928833
SB78803_component_1785a,37.952683,-30.621671,5.979000091552734,29.453203201293945,37.95265197753906,-30.621662139892578,5.229340553283691,1.0887365341186523,1.143356442451477
SB78803_component_1792a,39.429319,-34.11631,5.9720001220703125,11.267925262451172,39.42946243286133,-34.1165771484375,5.465122699737549,1.0405454635620117,1.092747688293457
SB78803_component_1795a,38.903263,-29.64529,6.808000087738037,20.94769287109375,38.90340805053711,-29.645292282104492,6.438671588897705,1.0068491697311401,1.0573610067367554
SB78803_component_1796a,33.677945,-32.393253,6.048999786376953,33.05464553833008,33.67793655395508,-32.39329528808594,5.656749248504639,1.018257975578308,1.069342017173767
SB78803_component_1800a,31.536604,-28.881856,6.584000110626221,15.170507431030273,31.536518096923828,-28.88209342956543,4.770723342895508,1.3141554594039917,1.3800842761993408
SB78803_component_1807a,31.879987,-31.368319,6.085000038146973,27.165178298950195,31.88010597229004,-31.368507385253906,6.899320602416992,0.8398377895355225,0.8819708824157715
SB78803_component_1820a,34.450889,-28.581685,5.9710001945495605,25.5170955657959,34.45071792602539,-28.581737518310547,5.204398155212402,1.0924906730651855,1.1472989320755005
SB78803_component_1821a,35.814076,-28.442677,6.111000061035156,16.74246597290039,35.81420135498047,-28.442920684814453,5.523506164550781,1.0535098314285278,1.1063624620437622
SB78803_component_1829a,38.299015,-34.005749,6.223999977111816,29.220657348632812,38.299072265625,-34.00564956665039,5.937189102172852,0.9982282519340515,1.0483075380325317
SB78803_component_1832a,33.015845,-33.2995,6.285999774932861,32.07142639160156,33.01582717895508,-33.299617767333984,5.94376802444458,1.0070561170578003,1.057578206062317
SB78803_component_1833a,33.59376,-34.6702,6.375999927520752,19.032835006713867,33.59377670288086,-34.67039489746094,6.0072760581970215,1.0106757879257202,1.0613795518875122
SB78803_component_1834a,34.278722,-31.616947,6.00600004196167,29.297561645507812,34.278900146484375,-31.617008209228516,5.7790632247924805,0.9896213412284851,1.0392687320709229
SB78803_component_1837a,37.560344,-33.255705,6.265999794006348,29.009258270263672,37.56028747558594,-33.25571060180664,5.418520927429199,1.1011608839035034,1.1564041376113892
SB78803_component_1838a,32.211846,-28.229387,6.348999977111816,14.868852615356445,32.21156692504883,-28.229799270629883,4.760988712310791,1.2698410749435425,1.33354651927948
SB78803_component_1839a,30.959061,-32.183488,6.61899995803833,13.317907333374023,30.959095001220703,-32.183414459228516,6.7606987953186035,0.9322705864906311,0.979040801525116
SB78803_component_1843a,33.875197,-28.780727,6.006999969482422,23.464841842651367,33.875240325927734,-28.78082847595215,5.54316520690918,1.0319080352783203,1.0836769342422485
SB78803_component_1844a,36.818082,-29.405383,5.999000072479248,25.969696044921875,36.81794357299805,-29.405426025390625,5.940291881561279,0.961639404296875,1.0098830461502075
SB78803_component_1847a,35.305649,-29.624533,5.9730000495910645,28.174528121948242,35.305580139160156,-29.62449073791504,6.039860725402832,0.9416874051094055,0.9889301061630249
SB78803_component_1848a,35.279122,-28.560412,6.090000152587891,27.935781478881836,35.27896499633789,-28.560306549072266,5.546955108642578,1.0454514026641846,1.0978996753692627
SB78803_component_1849a,37.99725,-32.883629,6.3379998207092285,30.32535743713379,37.99720764160156,-32.8836784362793,5.991868495941162,1.0072356462478638,1.0577667951583862
SB78803_component_1855a,37.560942,-30.739971,5.943999767303467,28.576921463012695,37.56087875366211,-30.739948272705078,5.248950481414795,1.0783195495605469,1.132416844367981
SB78803_component_1856a,35.160999,-31.352534,5.968999862670898,28.023473739624023,35.1609001159668,-31.35245132446289,4.674265384674072,1.215988278388977,1.2769920825958252
SB78803_component_1858a,31.208605,-29.990593,5.769999980926514,12.276596069335938,31.208805084228516,-29.990741729736328,4.919581890106201,1.1168344020843506,1.1728638410568237
SB78803_component_1860a,36.216169,-34.636567,5.765999794006348,20.89130401611328,36.21622848510742,-34.636558532714844,5.433119297027588,1.0105704069137573,1.0612688064575195
SB78803_component_1861a,37.842978,-27.992777,5.9720001220703125,15.552083969116211,37.84310531616211,-27.9929256439209,5.867003917694092,0.9692695736885071,1.017896056175232
SB78803_component_1864a,31.245873,-29.854693,5.751999855041504,12.21231460571289,31.245800018310547,-29.854778289794922,5.577114105224609,0.9820882678031921,1.031357765197754
SB78803_component_1869a,36.223576,-29.067493,5.89900016784668,29.34825897216797,36.22380065917969,-29.067550659179688,5.363925933837891,1.0472172498703003,1.0997542142868042
SB78803_component_1871a,35.765751,-27.911948,5.900000095367432,12.447257041931152,35.765438079833984,-27.911941528320312,4.921331882476807,1.1415910720825195,1.1988624334335327
SB78803_component_1872a,36.993609,-30.423554,5.461999893188477,20.927202224731445,36.99375534057617,-30.423818588256836,5.911138534545898,0.8798764944076538,0.9240182638168335
SB78803_component_1875a,39.370857,-32.43693,5.440000057220459,13.498759269714355,39.37081527709961,-32.4371337890625,4.571419715881348,1.133154034614563,1.1900023221969604
SB78803_component_1880a,34.325972,-29.485018,6.380000114440918,30.38095474243164,34.32585525512695,-29.484922409057617,5.7589640617370605,1.0549150705337524,1.1078381538391113
SB78803_component_1883a,33.813553,-29.764629,6.182000160217285,24.243139266967773,33.81351852416992,-29.764568328857422,5.377449035644531,1.0946968793869019,1.14961576461792
SB78803_component_1885a,38.25314,-29.698152,6.250999927520752,26.15481185913086,38.25291061401367,-29.69811248779297,6.156633377075195,0.966823935508728,1.0153275728225708
SB78803_component_1895a,38.587668,-30.237469,5.813000202178955,21.450185775756836,38.58798599243164,-30.237436294555664,5.942704677581787,0.931445300579071,0.9781741499900818
SB78803_component_1896a,36.307533,-30.588939,4.999000072479248,20.916318893432617,36.30767059326172,-30.588886260986328,5.251485347747803,0.9064464569091797,0.9519211649894714
SB78803_component_1898a,30.950244,-30.272686,6.053999900817871,10.073210716247559,30.950653076171875,-30.27252769470215,5.3640289306640625,1.0747129917144775,1.128629207611084
SB78803_component_1899a,36.976094,-29.206947,5.357999801635742,23.295650482177734,36.97597122192383,-29.206762313842773,5.422280788421631,0.9409398436546326,0.9881450533866882
SB78803_component_1900a,32.446729,-29.469263,6.185999870300293,28.37614631652832,32.44676208496094,-29.469188690185547,5.370236873626709,1.0968762636184692,1.1519044637680054
SB78803_component_1901a,36.038683,-32.888024,5.690000057220459,32.32954406738281,36.03849792480469,-32.88807678222656,3.897787570953369,1.3900655508041382,1.459802508354187
SB78803_component_1903a,33.823312,-30.341199,5.3379998207092285,22.618642807006836,33.82331085205078,-30.341196060180664,5.119704723358154,0.9928297996520996,1.0426381826400757
SB78803_component_1904a,36.556832,-33.388451,5.6539998054504395,27.852216720581055,36.55693054199219,-33.38844680786133,5.2790069580078125,1.0198698043823242,1.0710347890853882
SB78803_component_1905a,31.541582,-29.268217,6.269000053405762,18.492626190185547,31.541606903076172,-29.268232345581055,5.517756938934326,1.0818744897842407,1.1361501216888428
SB78803_component_1906a,38.607149,-31.092572,5.895999908447266,26.558557510375977,38.60709762573242,-31.092586517333984,5.341926574707031,1.0509952306747437,1.1037216186523438
SB78803_component_1913a,39.38962,-31.523474,5.913000106811523,15.200514793395996,39.38933181762695,-31.523597717285156,5.458312511444092,1.0315508842468262,1.0833019018173218
SB78803_component_1915a,33.086016,-34.718971,6.010000228881836,16.92957878112793,33.08608627319336,-34.718936920166016,5.3362650871276855,1.0724530220031738,1.126255989074707
SB78803_component_1917a,38.434466,-34.557909,6.083000183105469,17.943954467773438,38.43462371826172,-34.557830810546875,6.229234218597412,0.9298744797706604,0.9765245318412781
SB78803_component_1920a,38.267034,-31.327004,6.230000019073486,27.8125,38.26707458496094,-31.327112197875977,4.900757312774658,1.210503339767456,1.2712321281433105
SB78803_component_1925a,38.099112,-30.570083,5.451000213623047,26.720590591430664,38.09912872314453,-30.570091247558594,5.315673828125,0.9764702916145325,1.0254579782485962
SB78803_component_1929a,39.056737,-29.027879,5.723999977111816,13.46823501586914,39.056949615478516,-29.027891159057617,6.312628746032715,0.863436758518219,0.9067537784576416
SB78803_component_1932a,32.531909,-32.808032,5.442999839782715,27.489898681640625,32.53189468383789,-32.80811309814453,5.4584879875183105,0.9495266079902649,0.9971625804901123
SB78803_component_1934a,32.197866,-29.950842,5.526000022888184,24.560001373291016,32.19773864746094,-29.950790405273438,4.806576251983643,1.0947531461715698,1.149674892425537
SB78803_component_1938a,36.158063,-31.429346,5.947999954223633,28.189573287963867,36.15824890136719,-31.429298400878906,5.786847114562988,0.9787462949752808,1.0278481245040894
SB78803_component_1939a,36.982845,-34.297556,6.105999946594238,24.23015785217285,36.98286819458008,-34.29759979248047,5.2828593254089355,1.1005984544754028,1.155813455581665
SB78803_component_1941a,31.184875,-33.182108,5.909999847412109,15.97297191619873,31.18498992919922,-33.18230056762695,6.374148845672607,0.8828896880149841,0.9271826148033142
SB78803_component_1942a,36.372149,-33.987473,6.063000202178955,28.46479034423828,36.372108459472656,-33.987545013427734,5.233547687530518,1.1031450033187866,1.1584876775741577
SB78803_component_1944a,36.571579,-30.288,5.710000038146973,23.692947387695312,36.57164764404297,-30.288135528564453,5.935858726501465,0.9159963130950928,0.9619501233100891
SB78803_component_1948a,36.538909,-30.332742,5.802000045776367,22.93280792236328,36.538822174072266,-30.332778930664062,4.847181797027588,1.1398024559020996,1.1969841718673706
SB78803_component_1951a,38.666448,-29.296279,5.363999843597412,19.021276473999023,38.66640090942383,-29.296194076538086,5.544785499572754,0.9211814403533936,0.9673953652381897
SB78803_component_1953a,36.756278,-30.324924,5.517000198364258,23.18067169189453,36.75618362426758,-30.32489776611328,4.945237636566162,1.062324047088623,1.1156188249588013
SB78803_component_1954a,39.297995,-32.676891,6.052999973297119,15.763020515441895,39.29798889160156,-32.67691421508789,5.423994541168213,1.0626558065414429,1.1159671545028687
SB78803_component_1959a,34.804741,-33.320238,5.823999881744385,29.866666793823242,34.804588317871094,-33.32017517089844,5.057940483093262,1.0964499711990356,1.1514568328857422
SB78803_component_1967a,37.197278,-32.662518,5.644999980926514,30.34946060180664,37.197139739990234,-32.66254425048828,5.55588960647583,0.9675012230873108,1.0160388946533203
SB78803_component_1969a,35.704233,-32.838121,5.630000114440918,31.988637924194336,35.70412826538086,-32.83827209472656,4.752702236175537,1.1279996633529663,1.1845892667770386
SB78803_component_1971a,38.793352,-30.252688,5.5289998054504395,21.51361846923828,38.79348373413086,-30.252756118774414,4.973806858062744,1.0585193634033203,1.1116232872009277
SB78803_component_1977a,34.451969,-31.013959,5.2129998207092285,24.942581176757812,34.45209503173828,-31.01410675048828,4.702670097351074,1.0555634498596191,1.108519196510315
SB78803_component_1979a,33.257743,-27.988849,5.258999824523926,12.985184669494629,33.257781982421875,-27.989091873168945,5.4171833992004395,0.924423098564148,0.9707996845245361
SB78803_component_1982a,33.487586,-28.681241,5.857999801635742,23.338645935058594,33.48756408691406,-28.681419372558594,4.7257399559021,1.1803768873214722,1.2395942211151123
SB78803_component_1988a,32.734029,-31.599299,5.800000190734863,29.441625595092773,32.7340202331543,-31.599306106567383,4.991898059844971,1.1063778400421143,1.161882758140564
SB78803_component_1991a,38.167315,-34.293495,4.948999881744385,18.675472259521484,38.167205810546875,-34.29351043701172,6.278942584991455,0.7505369782447815,0.7881900072097778
SB78803_component_1992a,33.788528,-33.127004,5.640999794006348,28.489898681640625,33.78847122192383,-33.12710952758789,5.009671211242676,1.0722302198410034,1.1260219812393188
SB78803_component_1997a,39.000769,-33.617799,5.392000198364258,18.919300079345703,39.00074768066406,-33.617977142333984,5.238149642944336,0.9801965355873108,1.0293711423873901
SB78803_component_1999a,34.764627,-33.768955,5.706999778747559,29.723957061767578,34.764583587646484,-33.768863677978516,5.205169677734375,1.0440328121185303,1.0964099168777466
SB78803_component_2000a,33.73433,-34.637713,5.626999855041504,18.269479751586914,33.734230041503906,-34.63771438598633,5.472148895263672,0.9791746139526367,1.028298020362854
SB78803_component_2005a,35.274081,-29.050534,5.179999828338623,26.1616153717041,35.27410888671875,-29.050548553466797,4.906767845153809,1.0052530765533447,1.0556846857070923
SB78803_component_2006a,34.238713,-28.771422,5.823999881744385,26.962961196899414,34.23880386352539,-28.77144432067871,4.761938095092773,1.1646053791046143,1.2230314016342163
SB78803_component_2008a,38.181713,-33.345305,5.426000118255615,28.55789566040039,38.181766510009766,-33.34531021118164,5.946628093719482,0.8688607811927795,0.9124498963356018
SB78803_component_2010a,35.48782,-30.998353,5.289999961853027,26.717172622680664,35.48780059814453,-30.99838638305664,4.516847610473633,1.1152222156524658,1.1711708307266235
SB78803_component_2013a,32.207128,-28.14678,5.126999855041504,11.813364028930664,32.20700454711914,-28.146875381469727,4.235629558563232,1.1526210308074951,1.210445761680603
SB78803_component_2014a,33.614535,-28.151562,5.053999900817871,15.59876537322998,33.614376068115234,-28.151769638061523,4.405082702636719,1.0925021171569824,1.1473109722137451
SB78803_component_2023a,37.367329,-32.221764,5.058000087738037,21.896102905273438,37.367279052734375,-32.2218017578125,6.712294578552246,0.7175447344779968,0.7535426020622253
SB78803_component_2024a,37.148975,-32.518759,5.368000030517578,28.705881118774414,37.14908218383789,-32.518795013427734,4.993565559387207,1.0236297845840454,1.0749833583831787
SB78803_component_2028a,34.896662,-33.693673,5.919000148773193,31.152633666992188,34.89675521850586,-33.69366455078125,4.861811637878418,1.1592881679534912,1.2174474000930786
SB78803_component_2030a,36.826166,-29.555114,5.493000030517578,27.193069458007812,36.826210021972656,-29.555192947387695,5.574372291564941,0.9383282661437988,0.9854024648666382
SB78803_component_2031a,35.734077,-28.461615,5.410999774932861,17.976743698120117,35.7341423034668,-28.461774826049805,4.863327980041504,1.0594613552093506,1.1126126050949097
SB78803_component_2034a,36.992607,-32.579954,5.742000102996826,29.446155548095703,36.992618560791016,-32.57988739013672,5.106856822967529,1.0706578493118286,1.1243706941604614
SB78803_component_2039a,35.682834,-29.76077,5.609000205993652,27.905473709106445,35.682857513427734,-29.76081085205078,5.423662185668945,0.9847682118415833,1.0341720581054688
SB78803_component_2040a,38.156074,-29.767375,5.313000202178955,21.954545974731445,38.156150817871094,-29.767436981201172,4.152230262756348,1.2184271812438965,1.2795534133911133
SB78803_component_2044a,32.764232,-29.631066,5.309000015258789,24.131818771362305,32.76411056518555,-29.63117027282715,4.895908832550049,1.032572627067566,1.0843747854232788
SB78803_component_2049a,39.240431,-34.195902,5.879000186920166,13.331066131591797,39.240291595458984,-34.19609832763672,6.140865325927734,0.9116225242614746,0.9573569893836975
SB78803_component_2058a,34.240917,-28.497819,5.2230000495910645,21.945377349853516,34.24106216430664,-28.497976303100586,4.568913459777832,1.0885497331619263,1.1431602239608765
SB78803_component_2061a,35.947545,-32.541452,5.377999782562256,32.79267883300781,35.94770431518555,-32.541526794433594,5.180050373077393,0.9886167645454407,1.038213849067688
SB78803_component_2062a,33.559672,-30.219227,5.177000045776367,23.74770736694336,33.55976104736328,-30.219120025634766,5.140350818634033,0.9590176343917847,1.0071296691894531
SB78803_component_2067a,35.987003,-33.543391,5.573999881744385,26.16901397705078,35.98701095581055,-33.54328918457031,5.256258010864258,1.0097908973693848,1.0604501962661743
SB78803_component_2068a,33.038586,-33.866109,4.72599983215332,18.460935592651367,33.038604736328125,-33.86618423461914,5.385772228240967,0.8355777859687805,0.877497136592865
SB78803_component_2071a,37.299974,-30.354995,5.02400016784668,22.7330322265625,37.299991607666016,-30.35515022277832,5.182547092437744,0.9230974316596985,0.9694074988365173
SB78803_component_2072a,32.759149,-28.010976,5.521999835968018,13.306023597717285,32.759281158447266,-28.01082420349121,5.048594951629639,1.0415185689926147,1.0937696695327759
SB78803_component_2081a,32.889415,-33.534744,4.866000175476074,21.91891860961914,32.88934326171875,-33.53482437133789,5.641948223114014,0.8212667107582092,0.8624680638313293
SB78803_component_2083a,37.451263,-29.798325,5.177000045776367,25.628711700439453,37.45121383666992,-29.798288345336914,5.473921775817871,0.9005768299102783,0.9457570314407349
SB78803_component_2085a,36.174859,-31.248351,5.0269999504089355,22.95433807373047,36.17495346069336,-31.248376846313477,4.933143615722656,0.9703452587127686,1.0190256834030151
SB78803_component_2089a,37.452311,-34.482358,4.828999996185303,17.688644409179688,37.45253372192383,-34.48237991333008,6.571963787078857,0.6996860504150391,0.7347880005836487
SB78803_component_2091a,39.146037,-29.545059,4.85099983215332,12.067163467407227,39.145896911621094,-29.545164108276367,4.942444324493408,0.9346104860305786,0.981498122215271
SB78803_component_2094a,36.561568,-31.289015,5.505000114440918,27.524999618530273,36.56169891357422,-31.288990020751953,4.806161880493164,1.0906869173049927,1.1454046964645386
SB78803_component_2097a,36.073101,-28.950808,5.23199987411499,26.15999984741211,36.07317352294922,-28.95099639892578,5.049892425537109,0.9865674376487732,1.0360616445541382
SB78803_component_2101a,35.733502,-29.710322,5.479000091552734,28.836843490600586,35.73354721069336,-29.710329055786133,5.18757438659668,1.0057224035263062,1.0561776161193848
SB78803_component_2102a,32.355318,-30.519812,5.013999938964844,20.80497932434082,32.35543441772461,-30.519895553588867,4.511518478393555,1.0582852363586426,1.111377477645874
SB78803_component_2111a,34.480282,-30.642273,5.089000225067139,23.451614379882812,34.48038101196289,-30.64242172241211,5.299324035644531,0.9144356846809387,0.9603111743927002
SB78803_component_2119a,32.557171,-32.969011,5.11899995803833,24.729467391967773,32.55707550048828,-32.96891403198242,4.669639587402344,1.0438616275787354,1.096230149269104
SB78803_component_2120a,33.430162,-34.391306,5.264999866485596,16.35093116760254,33.4300422668457,-34.391265869140625,4.980986595153809,1.0065240859985352,1.0570194721221924
SB78803_component_2121a,33.047232,-31.644573,5.236000061035156,24.5821590423584,33.047210693359375,-31.644622802734375,4.821788311004639,1.0340288877487183,1.0859041213989258
SB78803_component_2122a,32.996361,-32.173276,5.547999858856201,27.601987838745117,32.99644088745117,-32.173255920410156,4.512143611907959,1.1708323955535889,1.229570746421814
SB78803_component_2123a,33.735886,-29.178097,5.35699987411499,22.414226531982422,33.73579406738281,-29.17815399169922,3.8828284740448,1.3137556314468384,1.3796643018722534
SB78803_component_2125a,37.003806,-30.214398,5.072999954223633,24.746341705322266,37.00380325317383,-30.214319229125977,5.247567176818848,0.9205514192581177,0.9667336940765381
SB78803_component_2127a,36.925554,-31.709102,5.214000225067139,25.940298080444336,36.925926208496094,-31.709068298339844,4.090775012969971,1.2136868238449097,1.274575114250183
SB78803_component_2129a,31.820096,-31.684714,4.949999809265137,22.602739334106445,31.819971084594727,-31.684783935546875,4.142095565795898,1.1379579305648804,1.1950472593307495
SB78803_component_2130a,33.346392,-30.778426,4.785999774932861,21.65610694885254,33.346431732177734,-30.778278350830078,4.58286714553833,0.9944354295730591,1.0443243980407715
SB78803_component_2131a,38.933564,-34.010007,4.756999969482422,15.444805145263672,38.93348693847656,-34.009986877441406,4.860523223876953,0.9319472312927246,0.9787012338638306
SB78803_component_2135a,36.514739,-30.98919,5.015999794006348,23.22222137451172,36.514827728271484,-30.98917007446289,5.332478046417236,0.895714521408081,0.9406508207321167
SB78803_component_2136a,34.278539,-34.344989,5.114999771118164,24.71014404296875,34.27838134765625,-34.344879150390625,4.387537002563477,1.1101099252700806,1.1658021211624146
SB78803_component_2137a,31.113433,-30.939978,5.01200008392334,10.895651817321777,31.113327026367188,-30.939834594726562,4.971035957336426,0.960075318813324,1.0082405805587769
SB78803_component_2143a,34.335597,-27.812652,5.264999866485596,11.546051979064941,34.335697174072266,-27.81255340576172,4.595947742462158,1.0908485651016235,1.1455743312835693
SB78803_component_2147a,32.561626,-32.856855,5.2270002365112305,26.532997131347656,32.56180191040039,-32.856929779052734,4.304736137390137,1.1562377214431763,1.21424400806427
SB78803_component_2148a,35.727481,-29.68456,5.40500020980835,28.298431396484375,35.72746276855469,-29.684534072875977,4.764153003692627,1.0803170204162598,1.1345144510269165
SB78803_component_2153a,36.267574,-31.447295,5.1519999504089355,26.556699752807617,36.267478942871094,-31.44737434387207,4.764152526855469,1.0297490358352661,1.0814095735549927
SB78803_component_2154a,31.955933,-28.613674,4.84499979019165,14.292035102844238,31.956079483032227,-28.613603591918945,4.446592330932617,1.0375466346740723,1.0895984172821045
SB78803_component_2155a,36.280141,-34.134867,5.01200008392334,21.886463165283203,36.28020095825195,-34.13475799560547,4.630832195281982,1.0306072235107422,1.0823109149932861
SB78803_component_2157a,34.690301,-27.853206,5.0279998779296875,12.144927024841309,34.69009017944336,-27.853229522705078,4.368259429931641,1.0960440635681152,1.1510305404663086
SB78803_component_2162a,38.435148,-30.70363,4.711999893188477,22.545454025268555,38.43511962890625,-30.703636169433594,4.619732856750488,0.9712467193603516,1.019972324371338
SB78803_component_2166a,35.85493,-28.816201,4.923999786376953,24.49751091003418,35.85463333129883,-28.816234588623047,4.62616491317749,1.013533353805542,1.0643805265426636
SB78803_component_2167a,35.772714,-29.973167,4.828000068664551,25.27748680114746,35.77301025390625,-29.97313117980957,5.13174295425415,0.8958669900894165,0.9408109784126282
SB78803_component_2169a,37.786504,-32.646046,5.3470001220703125,24.194570541381836,37.78648376464844,-32.646121978759766,4.563821792602539,1.1156364679336548,1.1716058254241943
SB78803_component_2171a,32.640883,-29.363879,4.879000186920166,21.121212005615234,32.640872955322266,-29.363887786865234,3.9587361812591553,1.173587441444397,1.232464075088501
SB78803_component_2174a,34.066256,-29.853764,5.068999767303467,18.704795837402344,34.066341400146484,-29.853639602661133,3.9935946464538574,1.2086468935012817,1.2692824602127075
SB78803_component_2175a,33.108654,-28.064643,5.019000053405762,11.921615600585938,33.10857009887695,-28.06458854675293,5.322848320007324,0.8978716731071472,0.942916214466095
SB78803_component_2184a,33.44384,-33.421018,4.991000175476074,24.58620834350586,33.44401168823242,-33.4210205078125,4.656828880310059,1.0205597877502441,1.0717594623565674
SB78803_component_2186a,34.471797,-30.695865,4.953999996185303,23.3679256439209,34.471763610839844,-30.695816040039062,4.279307842254639,1.102360486984253,1.1576638221740723
SB78803_component_2188a,33.217724,-28.203474,4.949999809265137,15.137614250183105,33.21747970581055,-28.2034854888916,3.8720266819000244,1.2173291444778442,1.278400182723999
SB78803_component_2189a,38.948741,-29.458065,4.6539998054504395,14.1890230178833,38.94856262207031,-29.458003997802734,4.5449981689453125,0.9750655889511108,1.0239827632904053
SB78803_component_2190a,36.349732,-33.61361,5.301000118255615,24.771028518676758,36.34979248046875,-33.61372756958008,4.594708442687988,1.09860360622406,1.1537184715270996
SB78803_component_2192a,33.949845,-33.616133,4.775000095367432,23.406864166259766,33.95009231567383,-33.61607360839844,4.012979507446289,1.133046269416809,1.1898889541625977
SB78803_component_2196a,33.747544,-29.209405,5.25,22.058822631835938,33.747623443603516,-29.20914077758789,4.409101963043213,1.133836269378662,1.190718650817871
SB78803_component_2197a,31.392282,-31.284453,5.14900016784668,17.163333892822266,31.392467498779297,-31.284687042236328,4.364579200744629,1.1233670711517334,1.1797243356704712
SB78803_component_2201a,31.675839,-30.10849,5.436999797821045,16.32732582092285,31.675466537475586,-30.108407974243164,4.063814640045166,1.273991584777832,1.3379054069519043
SB78803_component_2202a,34.401179,-34.475332,4.23799991607666,17.51239585876465,34.40106201171875,-34.475467681884766,4.338660717010498,0.93013596534729,0.9767991304397583
SB78803_component_2217a,33.201677,-28.677058,4.938000202178955,19.595237731933594,33.20166015625,-28.677215576171875,3.969468116760254,1.184567928314209,1.2439954280853271
SB78803_component_2221a,39.181726,-31.817377,4.11899995803833,12.18639087677002,39.18169021606445,-31.817426681518555,3.495795726776123,1.121984601020813,1.1782724857330322
SB78803_component_2227a,33.598172,-28.712393,4.468999862670898,17.875999450683594,33.5982551574707,-28.71251106262207,4.3121747970581055,0.9868590831756592,1.0363680124282837
SB78803_component_2228a,38.058108,-34.695207,5.105000019073486,14.22005558013916,38.05793380737305,-34.69538116455078,7.443853378295898,0.6530389785766602,0.6858007311820984
SB78803_component_2234a,32.11026,-33.573644,4.605000019073486,23.494897842407227,32.11003112792969,-33.5734977722168,5.209586143493652,0.841719925403595,0.8839473724365234
SB78803_component_2235a,35.359336,-30.470925,4.507999897003174,21.883495330810547,35.359375,-30.47100067138672,5.485323429107666,0.7825693488121033,0.8218293786048889
SB78803_component_2236a,39.298047,-31.852365,4.979000091552734,12.832473754882812,39.29792022705078,-31.85257339477539,4.55369758605957,1.0411639213562012,1.0933971405029297
SB78803_component_2237a,35.080976,-33.944379,5.060999870300293,25.953845977783203,35.08106994628906,-33.94447326660156,4.455562114715576,1.0816208124160767,1.1358835697174072
SB78803_component_2242a,36.49626,-32.838021,4.952000141143799,23.140188217163086,36.49640655517578,-32.838016510009766,4.526163578033447,1.041817307472229,1.094083309173584
SB78803_component_2243a,35.797736,-28.852097,5.163000106811523,24.013954162597656,35.79758071899414,-28.85222053527832,4.374517440795898,1.123862385749817,1.1802444458007812
SB78803_component_2244a,37.557906,-27.967473,4.671999931335449,12.661247253417969,37.557682037353516,-27.967418670654297,5.990416526794434,0.7426547408103943,0.7799123525619507
SB78803_component_2245a,36.216724,-28.744247,4.335999965667725,15.321555137634277,36.21681213378906,-28.74427604675293,3.868175745010376,1.0673927068710327,1.1209418773651123
SB78803_component_2248a,32.233751,-30.289695,4.9070000648498535,21.24242401123047,32.233802795410156,-30.289752960205078,4.109228134155273,1.13709557056427,1.1941415071487427
SB78803_component_2252a,34.639612,-28.102563,4.6620001792907715,14.042169570922852,34.639678955078125,-28.1025447845459,3.3630597591400146,1.3200150728225708,1.3862377405166626
SB78803_component_2259a,35.673216,-33.435071,4.883999824523926,23.708736419677734,35.67323684692383,-33.4350700378418,4.916440963745117,0.945945143699646,0.9934015274047852
SB78803_component_2275a,34.433666,-29.925324,4.7820000648498535,21.736364364624023,34.43386459350586,-29.925430297851562,3.8809597492218018,1.1733068227767944,1.232169508934021
SB78803_component_2276a,32.694395,-31.390979,4.638999938964844,24.03626823425293,32.694400787353516,-31.391111373901367,4.014319896697998,1.100407600402832,1.1556129455566406
SB78803_component_2279a,36.53734,-31.834948,4.570000171661377,24.836957931518555,36.537353515625,-31.8349552154541,4.825541019439697,0.9018023610115051,0.9470440745353699
SB78803_component_2281a,36.723284,-31.025309,5.013000011444092,21.151899337768555,36.723236083984375,-31.02519416809082,4.519348621368408,1.0562410354614258,1.109230637550354
SB78803_component_2283a,38.966727,-29.960674,4.658999919891357,14.790475845336914,38.967044830322266,-29.960693359375,4.136261463165283,1.072570562362671,1.1263794898986816
SB78803_component_2285a,34.142482,-29.325717,4.434000015258789,21.95049476623535,34.1423225402832,-29.32583999633789,4.681437969207764,0.9018983244895935,0.9471448659896851
SB78803_component_2291a,36.621909,-29.951857,4.633999824523926,23.64285659790039,36.62200164794922,-29.952007293701172,3.9951469898223877,1.1044965982437134,1.1599072217941284
SB78803_component_2292a,38.711557,-28.528725,4.953999996185303,12.801033973693848,38.71165466308594,-28.528688430786133,5.926316738128662,0.7959986329078674,0.8359323740005493
SB78803_component_2293a,38.125438,-32.489059,4.73799991607666,21.057777404785156,38.12539291381836,-32.48881912231445,3.8413515090942383,1.1744977235794067,1.2334200143814087
SB78803_component_2302a,31.970932,-32.186958,4.341000080108643,21.38423728942871,31.971214294433594,-32.18701934814453,4.2987260818481445,0.9615927338600159,1.0098340511322021
SB78803_component_2304a,37.046792,-30.164659,4.396999835968018,21.241544723510742,37.04673385620117,-30.16463851928711,4.31442928314209,0.9704524278640747,1.019138216972351
SB78803_component_2307a,37.313975,-33.500331,4.605999946594238,19.2719669342041,37.3139533996582,-33.50041961669922,4.597249984741211,0.9540408849716187,1.0019032955169678
SB78803_component_2309a,37.972898,-34.631193,3.9079999923706055,12.250783920288086,37.9727783203125,-34.631141662597656,5.276183128356934,0.7053032517433167,0.7406869530677795
SB78803_component_2310a,33.251651,-28.987347,4.335000038146973,18.5256404876709,33.25155258178711,-28.987346649169922,4.471146583557129,0.9232330918312073,0.9695499539375305
SB78803_component_2311a,38.304345,-30.150786,4.507999897003174,20.96744155883789,38.304718017578125,-30.15078353881836,4.372447490692139,0.9817489981651306,1.0310014486312866
SB78803_component_2313a,33.820267,-33.710491,4.373000144958496,22.776042938232422,33.82027816772461,-33.710384368896484,3.7526662349700928,1.1096365451812744,1.1653048992156982
SB78803_component_2314a,35.653411,-34.703908,4.809999942779541,11.186046600341797,35.653526306152344,-34.70331954956055,3.9050052165985107,1.1729097366333008,1.2317525148391724
SB78803_component_2316a,32.970601,-34.147559,4.861999988555908,19.066667556762695,32.97064208984375,-34.14755630493164,4.7354302406311035,0.9776799082756042,1.0267282724380493
SB78803_component_2318a,35.58328,-33.906809,4.309000015258789,22.67894744873047,35.58328628540039,-33.90690994262695,4.315202236175537,0.9508598446846008,0.9985626935958862
SB78803_component_2321a,37.883687,-31.154536,4.835000038146973,23.470874786376953,37.88386535644531,-31.154695510864258,4.429396152496338,1.0394248962402344,1.0915709733963013
SB78803_component_2325a,37.525333,-31.236437,4.48799991607666,20.125558853149414,37.52532958984375,-31.236412048339844,4.084718704223633,1.046241283416748,1.0987292528152466
SB78803_component_2326a,32.870895,-34.070496,4.310999870300293,18.266948699951172,32.87070083618164,-34.07036209106445,4.47856330871582,0.916601300239563,0.96258544921875
SB78803_component_2328a,32.402339,-30.947877,4.565000057220459,22.487686157226562,32.40254592895508,-30.947738647460938,3.910078287124634,1.111722707748413,1.167495846748352
SB78803_component_2332a,32.991881,-29.809033,4.6020002365112305,22.01913833618164,32.99180603027344,-29.80898666381836,4.166862487792969,1.0516679286956787,1.1044281721115112
SB78803_component_2333a,38.389357,-32.97847,4.316999912261963,20.079069137573242,38.389461517333984,-32.97823715209961,5.325006484985352,0.7719746828079224,0.8107032179832458
SB78803_component_2338a,32.081063,-31.227513,4.465000152587891,20.864486694335938,32.08098220825195,-31.22774314880371,4.378166675567627,0.9711142778396606,1.0198333263397217
SB78803_component_2339a,34.501581,-31.857431,4.2210001945495605,22.81621742248535,34.501502990722656,-31.857454299926758,3.729886770248413,1.0776082277297974,1.1316697597503662
SB78803_component_2346a,35.808919,-33.625957,4.63100004196167,23.627552032470703,35.80879592895508,-33.62576675415039,3.8618874549865723,1.1418691873550415,1.1991546154022217
SB78803_component_2347a,31.371301,-31.971813,4.625,15.016233444213867,31.37164306640625,-31.971973419189453,3.657203197479248,1.2042144536972046,1.2646275758743286
SB78803_component_2350a,32.742155,-31.509684,4.658999919891357,25.883331298828125,32.74199295043945,-31.50971221923828,3.7806575298309326,1.1734552383422852,1.2323253154754639
SB78803_component_2355a,33.995709,-33.162827,4.454999923706055,22.963916778564453,33.995628356933594,-33.16268539428711,4.469266414642334,0.9491888880729675,0.996807873249054
SB78803_component_2359a,39.100645,-31.718008,4.473999977111816,13.081871032714844,39.100624084472656,-31.717939376831055,3.8027241230010986,1.1203205585479736,1.1765249967575073
SB78803_component_2360a,35.675977,-33.22281,4.380000114440918,22.69430160522461,35.67610168457031,-33.222713470458984,3.8159632682800293,1.0929772853851318,1.1478098630905151
SB78803_component_2362a,37.164488,-30.771095,4.796999931335449,17.507299423217773,37.16423416137695,-30.771268844604492,4.242887020111084,1.0765876770019531,1.1305980682373047
SB78803_component_2364a,33.217276,-30.879247,4.193999767303467,20.86566925048828,33.21708679199219,-30.87918472290039,3.728736639022827,1.0710453987121582,1.1247776746749878
SB78803_component_2369a,34.030599,-29.298351,4.614999771118164,22.29468536376953,34.03068923950195,-29.298538208007812,4.782243728637695,0.9189272522926331,0.9650281667709351
SB78803_component_2371a,35.448655,-32.116613,4.313000202178955,24.787357330322266,35.448726654052734,-32.116703033447266,3.7005913257598877,1.1098122596740723,1.1654894351959229
SB78803_component_2373a,32.89936,-31.67381,3.927000045776367,16.78205108642578,32.89938735961914,-31.67397689819336,2.8327510356903076,1.3200600147247314,1.3862849473953247
SB78803_component_2377a,38.512112,-30.847355,4.638999938964844,21.882076263427734,38.51239013671875,-30.84712791442871,4.1331787109375,1.0687628984451294,1.1223807334899902
SB78803_component_2379a,38.091354,-29.574854,4.182000160217285,18.025863647460938,38.09146499633789,-29.57476806640625,3.953291177749634,1.0073175430297852,1.057852864265442
SB78803_component_2385a,37.322681,-32.309457,4.49399995803833,24.032085418701172,37.32289505004883,-32.309391021728516,4.212153911590576,1.0159446001052856,1.0669125318527222
SB78803_component_2392a,32.649275,-30.925388,3.694000005722046,17.932039260864258,32.64936447143555,-30.925622940063477,3.8700551986694336,0.9089100360870361,0.954508364200592
SB78803_component_2396a,38.272793,-29.367431,4.258999824523926,17.2429141998291,38.272613525390625,-29.36707305908203,4.3647332191467285,0.9291612505912781,0.9757755398750305
SB78803_component_2401a,32.502939,-28.478508,4.205999851226807,14.257627487182617,32.50290298461914,-28.47872543334961,3.599839210510254,1.1125699281692505,1.1683855056762695
SB78803_component_2404a,36.383009,-31.244799,3.690000057220459,19.5238094329834,36.382774353027344,-31.245012283325195,3.857846975326538,0.9107990264892578,0.9564920663833618
SB78803_component_2406a,33.14298,-34.323374,4.459000110626221,14.81395435333252,33.143035888671875,-34.32339859008789,4.110665798187256,1.0329195261001587,1.084739089012146
SB78803_component_2407a,38.885249,-30.069967,4.322000026702881,16.00740623474121,38.88533401489258,-30.07014274597168,4.767042636871338,0.8633301854133606,0.9066417813301086
SB78803_component_2412a,33.305895,-33.18788,3.634999990463257,19.031414031982422,33.30575180053711,-33.187931060791016,4.24591064453125,0.8152198195457458,0.856117844581604
SB78803_component_2424a,38.676285,-33.603429,4.526000022888184,15.447098731994629,38.67618942260742,-33.60343933105469,4.367668628692627,0.9867475032806396,1.0362508296966553
SB78803_component_2428a,34.633046,-34.597278,4.249000072479248,16.217557907104492,34.63285827636719,-34.59728240966797,3.8029420375823975,1.063918113708496,1.117292881011963
SB78803_component_2433a,35.496489,-33.446354,4.408999919891357,23.961956024169922,35.49641036987305,-33.44638442993164,3.9660959243774414,1.0585662126541138,1.1116725206375122
SB78803_component_2434a,32.624794,-32.202544,4.077000141143799,20.695432662963867,32.62488555908203,-32.20267105102539,4.541313648223877,0.8548706769943237,0.897757887840271
SB78803_component_2435a,35.842355,-31.308143,4.526000022888184,24.732240676879883,35.84257888793945,-31.30827522277832,4.2795729637146,1.0070598125457764,1.057582139968872
SB78803_component_2439a,38.739406,-31.054896,4.506999969482422,20.57990837097168,38.73920440673828,-31.055116653442383,3.732563018798828,1.149798035621643,1.2074812650680542
SB78803_component_2445a,31.928168,-30.877119,3.9539999961853027,16.754236221313477,31.928266525268555,-30.87735366821289,3.5458507537841797,1.0618358850479126,1.1151061058044434
SB78803_component_2448a,34.316792,-29.693965,4.081999778747559,17.825326919555664,34.31704330444336,-29.6939640045166,3.560030221939087,1.091843605041504,1.146619439125061
SB78803_component_2469a,38.203716,-28.489981,4.2769999504089355,14.90243911743164,38.20389938354492,-28.490028381347656,3.9251301288604736,1.0375913381576538,1.0896453857421875
SB78803_component_2470a,37.154596,-29.489002,4.065000057220459,19.174528121948242,37.154693603515625,-29.489166259765625,4.370187282562256,0.8857306838035583,0.9301661252975464
SB78803_component_2474a,33.452381,-33.630967,3.815000057220459,18.166667938232422,33.45237350463867,-33.63096618652344,3.874805450439453,0.9375314116477966,0.9845655560493469
SB78803_component_2477a,36.796728,-30.380187,4.0929999351501465,17.642242431640625,36.79644012451172,-30.38019561767578,4.0315093994140625,0.966752290725708,1.0152524709701538
SB78803_component_2479a,32.82288,-28.824894,4.244999885559082,17.541322708129883,32.82300567626953,-28.82503890991211,3.865252733230591,1.0457816123962402,1.098246455192566
SB78803_component_2485a,37.913924,-28.407751,4.00600004196167,14.567272186279297,37.91404342651367,-28.40793228149414,3.8673095703125,0.9863775968551636,1.0358622074127197
SB78803_component_2486a,34.082156,-33.205512,4.0269999504089355,22.005464553833008,34.0821418762207,-33.205448150634766,3.1393184661865234,1.2214829921722412,1.2827625274658203
SB78803_component_2487a,31.60558,-31.528568,3.9000000953674316,15.918367385864258,31.60536003112793,-31.528522491455078,3.7110936641693115,1.0006998777389526,1.0509032011032104
SB78803_component_2489a,35.728244,-31.529935,3.8559999465942383,20.620319366455078,35.72835159301758,-31.529916763305664,3.564807653427124,1.030011534690857,1.0816853046417236
SB78803_component_2490a,34.264864,-32.848262,4.427000045776367,25.589595794677734,34.26493453979492,-32.84825897216797,3.21201753616333,1.3124197721481323,1.3782614469528198
SB78803_component_2492a,36.654038,-28.634532,3.5350000858306885,15.3695650100708,36.65410614013672,-28.6345157623291,3.213203191757202,1.0475926399230957,1.100148320198059
SB78803_component_2498a,38.953866,-30.984343,4.0279998779296875,14.973978042602539,38.95376968383789,-30.984434127807617,3.4791715145111084,1.102439522743225,1.1577469110488892
SB78803_component_2503a,33.34994,-32.73037,4.025000095367432,21.296297073364258,33.35009765625,-32.73020935058594,3.4764506816864014,1.1024806499481201,1.1577900648117065
SB78803_component_2504a,38.78485,-32.930949,4.441999912261963,16.45185089111328,38.784847259521484,-32.93080520629883,3.7860846519470215,1.1171960830688477,1.1732436418533325
SB78803_component_2509a,36.506545,-32.070577,3.7109999656677246,21.958580017089844,36.5064697265625,-32.07045364379883,3.5231964588165283,1.0029869079589844,1.05330491065979
SB78803_component_2510a,36.084903,-28.918203,4.053999900817871,19.30476188659668,36.08487319946289,-28.9180850982666,3.860506534576416,0.9999552965164185,1.0501211881637573
SB78803_component_2513a,33.965146,-34.817405,4.014999866485596,11.40625,33.96500015258789,-34.81724548339844,4.574018478393555,0.8358508944511414,0.8777838945388794
SB78803_component_2514a,37.223091,-34.199138,3.9790000915527344,15.852590560913086,37.223304748535156,-34.1992301940918,3.5714845657348633,1.060880184173584,1.1141026020050049
SB78803_component_2517a,32.850924,-30.351828,3.697000026702881,17.27570152282715,32.8509635925293,-30.351842880249023,3.451317548751831,1.0200129747390747,1.0711851119995117
SB78803_component_2519a,34.644915,-28.678277,4.275000095367432,19.1704044342041,34.64506912231445,-28.678165435791016,3.270348310470581,1.2447532415390015,1.3072001934051514
SB78803_component_2521a,37.756249,-33.787059,3.6710000038146973,19.526596069335938,37.75617218017578,-33.78713607788086,3.9029695987701416,0.8956335783004761,0.9405658841133118
SB78803_component_2522a,36.532689,-29.092966,4.166999816894531,19.29166603088379,36.532711029052734,-29.092880249023438,4.1581130027771,0.9542635679244995,1.0021371841430664
SB78803_component_2525a,37.975543,-31.112739,3.6589999198913574,17.9362735748291,37.97551727294922,-31.11273956298828,3.1851370334625244,1.0938944816589355,1.148773193359375
SB78803_component_2526a,37.591963,-32.179962,4.201000213623047,18.838565826416016,37.5920524597168,-32.17998504638672,3.918487071990967,1.0208817720413208,1.0720975399017334
SB78803_component_2527a,34.676892,-31.169071,3.572000026702881,19.955307006835938,34.67681884765625,-31.169343948364258,3.2557942867279053,1.0447098016738892,1.0971208810806274
SB78803_component_2530a,37.464308,-32.767953,3.6570000648498535,18.014780044555664,37.46438980102539,-32.76802062988281,3.1931583881378174,1.090550184249878,1.1452610492706299
SB78803_component_2538a,32.491528,-32.41188,4.261000156402588,22.077720642089844,32.49146270751953,-32.41192626953125,3.8185906410217285,1.0625505447387695,1.1158567667007446
SB78803_component_2540a,31.772941,-29.710329,4.066999912261963,13.880545616149902,31.773151397705078,-29.710248947143555,3.0952773094177246,1.2511684894561768,1.3139371871948242
SB78803_component_2545a,32.569465,-33.015495,4.270999908447266,21.570707321166992,32.569557189941406,-33.0155143737793,4.344161033630371,0.936191737651825,0.9831587672233582
SB78803_component_2549a,35.698661,-30.652058,3.6519999504089355,19.322751998901367,35.698753356933594,-30.652069091796875,3.7966134548187256,0.9159579873085022,0.9619098901748657
SB78803_component_2550a,37.095971,-31.008019,3.808000087738037,14.933334350585938,37.09580993652344,-31.00804328918457,4.154893398284912,0.8727266192436218,0.9165096879005432
SB78803_component_2552a,35.046979,-33.396305,3.7750000953674316,21.089385986328125,35.04706954956055,-33.39644241333008,3.889045000076294,0.9243046641349792,0.9706753492355347
SB78803_component_2556a,32.502558,-33.00701,3.621000051498413,17.242856979370117,32.5025520324707,-33.00687789916992,3.873255729675293,0.8902121782302856,0.9348724484443665
SB78803_component_2561a,34.1378,-29.809282,3.5789999961853027,14.373494148254395,34.13807678222656,-29.809354782104492,3.430323839187622,0.9934996962547302,1.0433417558670044
SB78803_component_2568a,32.024745,-34.517484,3.624000072479248,10.721893310546875,32.02482604980469,-34.517372131347656,4.267794609069824,0.8085853457450867,0.849150538444519
SB78803_component_2569a,34.396873,-30.218051,3.8359999656677246,16.050209045410156,34.39711380004883,-30.21813201904297,3.740882158279419,0.9764403700828552,1.0254266262054443
SB78803_component_2570a,33.577875,-29.582291,4.2220001220703125,17.374486923217773,33.577754974365234,-29.58256721496582,3.762831211090088,1.0684266090393066,1.1220275163650513
SB78803_component_2571a,38.008134,-30.263982,3.9100000858306885,17.69230842590332,38.008056640625,-30.26401138305664,4.251007556915283,0.8758426308631897,0.9197819828987122
SB78803_component_2572a,34.310674,-29.187196,3.937999963760376,19.024154663085938,34.3109245300293,-29.187335968017578,3.2950894832611084,1.1380194425582886,1.195111632347107
SB78803_component_2573a,36.934801,-30.117391,3.7809998989105225,18.004762649536133,36.93479537963867,-30.117450714111328,3.844224691390991,0.936567485332489,0.9835532903671265
SB78803_component_2574a,33.871131,-29.713986,3.8540000915527344,14.434457778930664,33.87097930908203,-29.714197158813477,3.9042818546295166,0.9399650692939758,0.9871214032173157
SB78803_component_2575a,37.124946,-29.299872,3.5999999046325684,15.254237174987793,37.12510299682617,-29.299898147583008,3.5124688148498535,0.9759581089019775,1.024920105934143
SB78803_component_2578a,34.90838,-29.217791,3.7760000228881836,18.066986083984375,34.90816116333008,-29.217926025390625,3.474172830581665,1.034955620765686,1.086877465248108
SB78803_component_2579a,37.767692,-30.088892,3.9600000381469727,18.0,37.76799774169922,-30.088748931884766,3.718263626098633,1.0141359567642212,1.0650132894515991
SB78803_component_2582a,35.93387,-30.94153,3.634000062942505,17.99009895324707,35.93391036987305,-30.94146156311035,3.660017728805542,0.9454594850540161,0.9928913712501526
SB78803_component_2583a,36.545879,-34.264994,4.006999969482422,17.123931884765625,36.545597076416016,-34.2648811340332,3.515533685684204,1.0853486061096191,1.1397985219955444
SB78803_component_2585a,37.473555,-34.617,4.236999988555908,13.71197509765625,37.47360610961914,-34.61686706542969,3.3406894207000732,1.2077124118804932,1.2683011293411255
SB78803_component_2586a,32.48776,-30.981911,3.98799991607666,19.359222412109375,32.487667083740234,-30.981773376464844,3.5736708641052246,1.062629222869873,1.1159393787384033
SB78803_component_2587a,36.704527,-32.492161,3.6760001182556152,20.422222137451172,36.704402923583984,-32.49215316772461,4.194617748260498,0.8344961404800415,0.8763611912727356
SB78803_component_2589a,36.217426,-31.607314,3.743000030517578,18.52970314025879,36.21725082397461,-31.60732650756836,3.8474345207214355,0.9263812899589539,0.9728560447692871
SB78803_component_2595a,32.264602,-32.925927,4.126999855041504,19.10647964477539,32.26420593261719,-32.926048278808594,3.9001734256744385,1.0076082944869995,1.058158040046692
SB78803_component_2597a,36.508959,-33.838803,3.74399995803833,17.174312591552734,36.50918197631836,-33.83882522583008,3.8850574493408203,0.9176552295684814,0.963692307472229
SB78803_component_2598a,35.288948,-32.904971,3.6710000038146973,19.63101577758789,35.289005279541016,-32.9051399230957,3.645231008529663,0.9589599967002869,1.0070692300796509
SB78803_component_2605a,38.451776,-31.882132,3.88700008392334,15.800812721252441,38.45176696777344,-31.88224220275879,3.1432106494903564,1.1775578260421753,1.2366336584091187
SB78803_component_2610a,32.517594,-33.177078,3.927000045776367,20.347150802612305,32.517295837402344,-33.177127838134766,4.164608478546143,0.897899866104126,0.9429457783699036
SB78803_component_2612a,38.49469,-28.68893,3.9670000076293945,12.358255386352539,38.494956970214844,-28.68895149230957,4.2482123374938965,0.8891953229904175,0.9338045716285706
SB78803_component_2614a,34.537345,-31.632558,4.038000106811523,20.707693099975586,34.537353515625,-31.632705688476562,3.891423225402832,0.988095760345459,1.03766667842865
SB78803_component_2615a,38.323864,-34.434229,3.38100004196167,11.422297477722168,38.32380294799805,-34.434303283691406,3.659414768218994,0.8797813057899475,0.9239182472229004
SB78803_component_2619a,37.335662,-33.899254,3.7920000553131104,16.205127716064453,37.335792541503906,-33.89910888671875,3.877408981323242,0.9312534332275391,0.977972686290741
SB78803_component_2620a,33.878305,-29.504834,3.9040000438690186,17.90825843811035,33.87844467163086,-29.504825592041016,2.9889307022094727,1.24375581741333,1.3061527013778687
SB78803_component_2623a,36.137726,-30.078947,3.7880001068115234,17.376148223876953,36.13755416870117,-30.078773498535156,3.094195604324341,1.1657445430755615,1.224227786064148
SB78803_component_2626a,38.618706,-33.812393,4.177999973297119,18.819820404052734,38.61878204345703,-33.81258010864258,3.658933162689209,1.0873143672943115,1.1418628692626953
SB78803_component_2627a,37.380577,-33.330676,4.041999816894531,19.91132926940918,37.380767822265625,-33.330692291259766,3.555461883544922,1.0825337171554565,1.1368423700332642
SB78803_component_2628a,34.634134,-34.195403,3.7130000591278076,17.850961685180664,34.63406753540039,-34.19552993774414,3.660322666168213,0.9659324884414673,1.0143914222717285
SB78803_component_2634a,37.137511,-29.029416,3.486999988555908,12.10763931274414,37.13752365112305,-29.029253005981445,3.60302472114563,0.9215647578239441,0.9677979350090027
SB78803_component_2635a,35.551806,-28.140026,3.4660000801086426,10.503029823303223,35.55174255371094,-28.140304565429688,2.7152719497680664,1.2155040502548218,1.2764835357666016
SB78803_component_2639a,34.666119,-32.951894,3.617000102996826,18.454082489013672,34.66615676879883,-32.95210647583008,3.371887445449829,1.0214488506317139,1.0726929903030396
SB78803_component_2641a,38.68673,-30.841982,3.809000015258789,16.560869216918945,38.68680191040039,-30.842119216918945,3.302067995071411,1.0984141826629639,1.1535195112228394
SB78803_component_2642a,34.770213,-31.31956,3.5280001163482666,18.666667938232422,34.770328521728516,-31.319454193115234,3.6111435890197754,0.930304229259491,0.9769758582115173
SB78803_component_2643a,36.883993,-34.488595,3.8420000076293945,15.007811546325684,36.883914947509766,-34.48884201049805,3.357872724533081,1.0895177125930786,1.1441768407821655
SB78803_component_2644a,37.933809,-28.185406,3.625,10.885886192321777,37.933834075927734,-28.18560218811035,4.02092170715332,0.8584669232368469,0.9015346169471741
SB78803_component_2645a,37.780631,-31.580669,3.6619999408721924,16.20353889465332,37.780616760253906,-31.580615997314453,3.2731027603149414,1.0653685331344604,1.1188160181045532
SB78803_component_2649a,38.489011,-30.116032,4.013999938964844,16.794979095458984,38.488922119140625,-30.116214752197266,3.6961753368377686,1.0341081619262695,1.0859874486923218
SB78803_component_2653a,37.847347,-29.653326,3.5350000858306885,16.753555297851562,37.847434997558594,-29.65347671508789,3.5368380546569824,0.9517336487770081,0.9994803071022034
SB78803_component_2654a,31.752781,-33.016006,3.3980000019073486,14.583691596984863,31.75279426574707,-33.0159912109375,3.3038651943206787,0.9793597459793091,1.0284923315048218
SB78803_component_2656a,37.799712,-33.561159,3.632999897003174,17.382774353027344,37.7995491027832,-33.56131362915039,4.092773914337158,0.8452571034431458,0.8876619935035706
SB78803_component_2657a,38.317723,-34.344922,3.5329999923706055,13.036900520324707,38.31791305541992,-34.345062255859375,4.438627243041992,0.757942259311676,0.7959668040275574
SB78803_component_2658a,38.426586,-33.251882,3.7780001163482666,16.49781608581543,38.42666244506836,-33.25203323364258,3.3421154022216797,1.0764198303222656,1.130421757698059
SB78803_component_2660a,34.09213,-32.836832,3.6589999198913574,19.778377532958984,34.09188461303711,-32.83673095703125,2.923473834991455,1.191802740097046,1.2515932321548462
SB78803_component_2662a,35.482243,-30.485353,3.2890000343322754,18.071428298950195,35.482120513916016,-30.48541259765625,2.8947360515594482,1.0819222927093506,1.1362003087997437
SB78803_component_2664a,34.161993,-29.873904,3.7669999599456787,14.600775718688965,34.16233444213867,-29.873796463012695,3.3614227771759033,1.067120909690857,1.1206563711166382
SB78803_component_2666a,32.085583,-29.117939,3.4590001106262207,13.252873420715332,32.08572769165039,-29.11787986755371,2.9113717079162598,1.1313424110412598,1.18809974193573
SB78803_component_2669a,34.547747,-34.150855,3.7769999504089355,18.791044235229492,34.54758071899414,-34.15104675292969,3.604098081588745,0.9979103803634644,1.0479736328125
SB78803_component_2670a,33.372843,-31.122295,3.3940000534057617,14.629310607910156,33.37269592285156,-31.12241554260254,2.6717240810394287,1.209654688835144,1.2703408002853394
SB78803_component_2673a,34.031623,-32.052957,3.6740000247955322,19.43915367126465,34.031822204589844,-32.053001403808594,2.94427227973938,1.1882350444793701,1.2478466033935547
SB78803_component_2674a,38.5493,-29.496224,3.808000087738037,15.171316146850586,38.5493049621582,-29.49640655517578,4.261532306671143,0.8508878350257874,0.8935753107070923
SB78803_component_2681a,37.82212,-28.323846,3.9509999752044678,13.039604187011719,37.82199478149414,-28.324085235595703,3.9687728881835938,0.9479642510414124,0.9955217838287354
SB78803_component_2682a,38.216604,-30.357082,3.7890000343322754,18.482927322387695,38.21666717529297,-30.357023239135742,3.7684292793273926,0.9574264287948608,1.0054587125778198
SB78803_component_2683a,36.464775,-28.420394,3.4179999828338623,12.42909049987793,36.4646110534668,-28.420196533203125,2.9158358573913574,1.1162209510803223,1.1722196340560913
SB78803_component_2684a,37.53217,-28.399631,3.6429998874664307,13.442804336547852,37.532039642333984,-28.399526596069336,3.7718429565429688,0.919701099395752,0.9658408164978027
SB78803_component_2687a,31.660693,-31.601986,3.992000102996826,16.032129287719727,31.660839080810547,-31.601926803588867,3.585352897644043,1.0602293014526367,1.1134190559387207
SB78803_component_2689a,36.253804,-33.371765,3.9660000801086426,19.829999923706055,36.25383377075195,-33.37145233154297,3.33146595954895,1.1335965394973755,1.1904668807983398
SB78803_component_2691a,33.882117,-33.076768,3.375,16.791044235229492,33.88200759887695,-33.07699203491211,3.482142686843872,0.9229291677474976,0.9692308306694031
SB78803_component_2693a,32.556853,-33.410447,3.259000062942505,16.627552032470703,32.556732177734375,-33.41056823730469,3.5872743129730225,0.8650892972946167,0.9084892272949219
SB78803_component_2694a,32.790205,-34.068816,3.3519999980926514,15.737089157104492,32.79029846191406,-34.068912506103516,3.3899800777435303,0.9415600299835205,0.9887963533401489
SB78803_component_2695a,36.010899,-32.729373,3.440000057220459,20.235294342041016,36.011138916015625,-32.72926712036133,3.4674108028411865,0.9447008967399597,0.9920947551727295
SB78803_component_2702a,33.131595,-34.258394,3.9579999446868896,12.767741203308105,33.13174057006836,-34.25865936279297,3.493713140487671,1.0787721872329712,1.13289213180542
SB78803_component_2707a,33.888397,-32.732852,3.4639999866485596,15.745454788208008,33.88859558105469,-32.732906341552734,2.847137451171875,1.158538818359375,1.2166606187820435
SB78803_component_2708a,36.859081,-30.472461,3.260999917984009,10.906353950500488,36.85923767089844,-30.472490310668945,2.8997437953948975,1.0708590745925903,1.124582052230835
SB78803_component_2713a,38.706363,-32.86692,3.4149999618530273,13.498023986816406,38.706459045410156,-32.866943359375,3.284651756286621,0.9900166988372803,1.0396840572357178
SB78803_component_2715a,37.060033,-31.472552,3.4189999103546143,16.597087860107422,37.060028076171875,-31.47241973876953,4.103843688964844,0.7933219075202942,0.8331213593482971
SB78803_component_2716a,38.383954,-34.247236,3.6089999675750732,14.670731544494629,38.38364791870117,-34.24738693237305,3.8671536445617676,0.8886620402336121,0.933244526386261
SB78803_component_2717a,32.925699,-33.623626,3.5329999923706055,18.792552947998047,32.92586898803711,-33.62382125854492,3.438140869140625,0.9785006642341614,1.027590274810791
SB78803_component_2718a,35.039818,-30.749093,3.3480000495910645,17.347150802612305,35.04002380371094,-30.748891830444336,3.304213285446167,0.964847207069397,1.013251781463623
SB78803_component_2721a,37.828037,-33.042611,3.674999952316284,17.41706085205078,37.828025817871094,-33.042633056640625,3.451848030090332,1.0137872695922852,1.0646470785140991
SB78803_component_2725a,37.421555,-29.833042,3.4210000038146973,16.852216720581055,37.421409606933594,-29.833087921142578,3.9582056999206543,0.8229924440383911,0.8642805218696594
SB78803_component_2726a,33.345945,-32.859209,3.5929999351501465,17.61274528503418,33.34615707397461,-32.85929870605469,2.866067886352539,1.1937459707260132,1.253633975982666
SB78803_component_2727a,36.651275,-29.794863,3.2850000858306885,15.8695650100708,36.65122985839844,-29.794984817504883,3.178356170654297,0.9841787815093994,1.033553123474121
SB78803_component_2728a,36.618414,-29.534348,3.684000015258789,17.883495330810547,36.6182746887207,-29.53431510925293,3.650223731994629,0.961039662361145,1.0092532634735107
SB78803_component_2729a,32.47493,-30.2571,3.2039999961853027,15.330142974853516,32.474769592285156,-30.257047653198242,3.1148276329040527,0.9794892072677612,1.0286283493041992
SB78803_component_2730a,32.653657,-33.211555,3.6089999675750732,18.227272033691406,32.65360641479492,-33.21147155761719,3.6762216091156006,0.9348164796829224,0.9817144870758057
SB78803_component_2733a,36.328778,-33.342879,3.5290000438690186,18.005102157592773,36.328819274902344,-33.343017578125,3.5423943996429443,0.9486279487609863,0.9962188601493835
SB78803_component_2735a,36.848671,-32.018419,3.5179998874664307,17.589998245239258,36.84859848022461,-32.018558502197266,3.178316354751587,1.0539982318878174,1.1068753004074097
SB78803_component_2737a,38.555555,-33.26351,3.4140000343322754,15.378377914428711,38.555198669433594,-33.26363754272461,3.590866804122925,0.9053268432617188,0.9507454037666321
SB78803_component_2743a,34.990146,-32.642436,3.257999897003174,18.941858291625977,34.99005126953125,-32.64247131347656,3.2749717235565186,0.947293758392334,0.9948177337646484
SB78803_component_2745a,38.943621,-29.130489,3.7960000038146973,11.099414825439453,38.943363189697266,-29.13066291809082,3.084505796432495,1.171876311302185,1.2306671142578125
SB78803_component_2754a,31.811935,-31.237807,3.5829999446868896,14.867219924926758,31.81191062927246,-31.237478256225586,3.9032790660858154,0.8740944862365723,0.9179461598396301
SB78803_component_2764a,38.600375,-32.168397,3.318000078201294,12.810811042785645,38.6008415222168,-32.16830062866211,2.7965006828308105,1.1298027038574219,1.1864827871322632
SB78803_component_2769a,34.76738,-28.385004,3.361999988555908,14.008333206176758,34.76753616333008,-28.385313034057617,2.9455888271331787,1.0868428945541382,1.1413676738739014
SB78803_component_2776a,36.361649,-30.573208,3.1619999408721924,11.977272987365723,36.361900329589844,-30.573143005371094,3.7831614017486572,0.7958810329437256,0.8358088731765747
SB78803_component_2778a,35.596341,-31.21634,3.763000011444092,19.1989803314209,35.596343994140625,-31.216629028320312,4.06236457824707,0.882056713104248,0.9263077974319458
SB78803_component_2779a,32.235047,-33.868847,3.556999921798706,17.608909606933594,32.23512268066406,-33.86884689331055,3.68536114692688,0.9190623164176941,0.9651699662208557
SB78803_component_2786a,38.394106,-29.560645,3.315000057220459,14.350648880004883,38.39413833618164,-29.56080436706543,2.3603739738464355,1.3373463153839111,1.4044384956359863
SB78803_component_2793a,39.030864,-32.451762,3.5950000286102295,12.396552085876465,39.030662536621094,-32.45165252685547,3.0327200889587402,1.128775954246521,1.1854045391082764
SB78803_component_2798a,35.698747,-30.598014,3.2090001106262207,16.37244987487793,35.69862365722656,-30.59804344177246,3.3748483657836914,0.9054336547851562,0.9508575797080994
SB78803_component_2801a,34.312754,-29.930671,3.750999927520752,16.59734535217285,34.31279754638672,-29.93073081970215,2.859093427658081,1.249280333518982,1.3119542598724365
SB78803_component_2806a,38.853415,-29.385269,3.4719998836517334,11.809523582458496,38.85348129272461,-29.385215759277344,2.7058842182159424,1.221832513809204,1.2831294536590576
SB78803_component_2810a,36.018663,-31.361611,3.561000108718872,16.640188217163086,36.01857376098633,-31.361663818359375,2.7596404552459717,1.2287417650222778,1.2903854846954346
SB78803_component_2817a,39.171523,-32.682653,3.555000066757202,10.394737243652344,39.17193603515625,-32.68276596069336,3.0461885929107666,1.1112812757492065,1.1670321226119995
SB78803_component_2820a,35.303199,-30.034266,3.4539999961853027,18.17894744873047,35.30314636230469,-30.034299850463867,3.167236804962158,1.038443684577942,1.0905405282974243
SB78803_component_2821a,34.909016,-28.633947,3.2920000553131104,14.631112098693848,34.909088134765625,-28.634218215942383,2.9562387466430664,1.0603798627853394,1.1135772466659546
SB78803_component_2822a,36.981081,-32.358332,3.494999885559082,19.74576187133789,36.98090744018555,-32.35850143432617,3.794011354446411,0.8771820068359375,0.9211885929107666
SB78803_component_2823a,35.543427,-30.120473,3.115000009536743,15.269608497619629,35.54357147216797,-30.12033462524414,3.786275625228882,0.7834061980247498,0.8227081894874573
SB78803_component_2826a,36.964013,-32.435951,3.4549999237060547,18.475934982299805,36.96432113647461,-32.43589782714844,4.306594371795654,0.7639329433441162,0.8022580146789551
SB78803_component_2827a,35.90643,-32.421093,3.5299999713897705,19.28961753845215,35.90629196166992,-32.42112731933594,3.3858232498168945,0.9927767515182495,1.0425825119018555
SB78803_component_2837a,36.160279,-31.885276,3.0980000495910645,17.404495239257812,36.16035079956055,-31.88521957397461,2.7950541973114014,1.0554370880126953,1.1083863973617554
SB78803_component_2838a,37.567326,-28.240219,3.2660000324249268,11.262069702148438,37.56712341308594,-28.240093231201172,3.3501036167144775,0.9283230304718018,0.9748952388763428
SB78803_component_2839a,35.246173,-30.107276,3.1480000019073486,17.202186584472656,35.2459831237793,-30.107379913330078,3.606613874435425,0.8311439156532288,0.8728408813476562
SB78803_component_2852a,34.488694,-32.855209,3.503999948501587,20.13793182373047,34.48859786987305,-32.85526657104492,3.11808705329895,1.0700819492340088,1.1237659454345703
SB78803_component_2853a,32.669956,-30.488365,3.194999933242798,16.384614944458008,32.6700553894043,-30.48826789855957,3.327587366104126,0.9142870306968689,0.9601550698280334
SB78803_component_2856a,35.551233,-29.893045,3.4509999752044678,17.084157943725586,35.55118942260742,-29.892946243286133,3.4468157291412354,0.9533844590187073,1.0012139081954956
SB78803_component_2860a,34.015151,-30.598748,3.3570001125335693,16.78499984741211,34.01498794555664,-30.598899841308594,3.341732978820801,0.9565788507461548,1.0045685768127441
SB78803_component_2865a,36.061744,-32.968474,3.3410000801086426,17.771278381347656,36.0616340637207,-32.968624114990234,3.3516016006469727,0.9492164850234985,0.9968369007110596
SB78803_component_2867a,32.934787,-34.538858,3.1530001163482666,10.761092185974121,32.934852600097656,-34.53883743286133,2.8611960411071777,1.0493431091308594,1.1019867658615112
SB78803_component_2870a,33.521965,-30.392341,3.1610000133514404,14.174887657165527,33.52188491821289,-30.392499923706055,2.98923397064209,1.006945013999939,1.0574615001678467
SB78803_component_2886a,37.618024,-34.005427,3.615999937057495,14.942148208618164,37.617488861083984,-34.005332946777344,3.1205503940582275,1.103413701057434,1.158769965171814
SB78803_component_2887a,34.807425,-32.89599,3.390000104904175,18.83333396911621,34.80731964111328,-32.8959846496582,2.8796322345733643,1.1209955215454102,1.1772336959838867
SB78803_component_2889a,31.649363,-32.872937,2.8480000495910645,11.346613883972168,31.64958381652832,-32.873050689697266,2.8572113513946533,0.9491586685180664,0.9967761039733887
SB78803_component_2892a,36.243116,-30.376047,3.371000051498413,14.850220680236816,36.242759704589844,-30.376163482666016,3.1200597286224365,1.0288143157958984,1.0804280042648315
SB78803_component_2895a,37.374551,-34.229176,3.5429999828338623,12.608541488647461,37.37477493286133,-34.22906494140625,3.4186103343963623,0.9868763089179993,1.0363860130310059
SB78803_component_2896a,35.704707,-32.082254,3.486999988555908,19.372220993041992,35.704776763916016,-32.082237243652344,3.7042925357818604,0.896371066570282,0.9413403272628784
SB78803_component_2912a,33.414173,-30.802619,3.243000030517578,14.608108520507812,33.41420364379883,-30.802518844604492,2.4278364181518555,1.2719460725784302,1.3357572555541992
SB78803_component_2915a,32.818513,-32.99233,3.2929999828338623,16.301979064941406,32.818355560302734,-32.99233627319336,3.445627450942993,0.9100486040115356,0.9557040333747864
SB78803_component_2925a,38.265929,-31.287688,2.934000015258789,13.276018142700195,38.26565933227539,-31.28789520263672,3.302217483520508,0.8460491895675659,0.8884938955307007
SB78803_component_2926a,37.22274,-34.272462,3.296999931335449,13.24096393585205,37.22245788574219,-34.272640228271484,3.1411502361297607,0.9994737505912781,1.049615502357483
SB78803_component_2928a,32.195757,-29.07541,3.5820000171661377,13.568181991577148,32.19571304321289,-29.075382232666016,3.101470470428467,1.099763035774231,1.1549360752105713
SB78803_component_2931a,33.771378,-32.426583,3.36299991607666,19.0,33.77117156982422,-32.4266242980957,2.8736608028411865,1.1143779754638672,1.1702842712402344
SB78803_component_2939a,35.125847,-31.403622,2.8459999561309814,13.950980186462402,35.12567138671875,-31.40369415283203,2.6743412017822266,1.0133494138717651,1.0641872882843018
SB78803_component_2941a,31.822359,-32.134523,3.23799991607666,13.896995544433594,31.82237434387207,-32.13449478149414,2.2213149070739746,1.3880587816238403,1.4576951265335083
SB78803_component_2957a,33.434511,-30.724284,2.700000047683716,12.616822242736816,33.434505462646484,-30.72418785095215,3.072814464569092,0.8366977572441101,0.8786733150482178
SB78803_component_2960a,37.773716,-32.495592,3.368000030517578,15.239819526672363,37.773681640625,-32.49557876586914,2.975109577178955,1.0779789686203003,1.132059097290039
SB78803_component_2961a,32.788906,-31.081794,3.4000000953674316,16.915422439575195,32.7889518737793,-31.08183479309082,2.4219324588775635,1.336774230003357,1.4038376808166504
SB78803_component_2966a,38.863522,-32.615864,3.2850000858306885,11.211604118347168,38.86312484741211,-32.61595916748047,2.66184139251709,1.1751528978347778,1.2341080904006958
SB78803_component_2967a,35.35275,-31.673678,3.0290000438690186,16.197860717773438,35.352943420410156,-31.673816680908203,2.304028272628784,1.2518510818481445,1.314653992652893
SB78803_component_2974a,36.768452,-29.181274,2.8949999809265137,13.720378875732422,36.76829147338867,-29.181312561035156,2.6287930011749268,1.048656702041626,1.1012659072875977
SB78803_component_2976a,38.740727,-33.828867,3.1670000553131104,12.468503952026367,38.740482330322266,-33.829063415527344,3.4093337059020996,0.8845446109771729,0.9289205074310303
SB78803_component_2985a,32.322937,-29.970462,2.5950000286102295,11.795454978942871,32.32284927368164,-29.970558166503906,2.5889132022857666,0.9544672966003418,1.00235116481781
SB78803_component_2988a,32.444553,-32.287205,3.4030001163482666,16.600000381469727,32.44472885131836,-32.28718185424805,2.6220521926879883,1.235838770866394,1.2978384494781494
SB78803_component_2989a,32.080004,-33.479675,3.4089999198913574,16.96019744873047,32.080047607421875,-33.47978591918945,3.225452423095703,1.0064159631729126,1.05690598487854
SB78803_component_2992a,37.647831,-32.8426,3.1429998874664307,14.483870506286621,37.64762496948242,-32.842681884765625,3.027452230453491,0.98857182264328,1.0381666421890259
SB78803_component_2993a,34.708254,-32.405115,3.318000078201294,19.51764678955078,34.70787811279297,-32.40523910522461,2.373594045639038,1.331101417541504,1.39788019657135
SB78803_component_3013a,36.827842,-30.170015,2.686000108718872,11.884956359863281,36.828086853027344,-30.16995620727539,3.1726267337799072,0.8061729669570923,0.8466171026229858
SB78803_component_3018a,38.497671,-31.174227,3.2070000171661377,15.0563383102417,38.49783706665039,-31.174331665039062,2.6644318103790283,1.1461342573165894,1.2036337852478027
SB78803_component_3019a,38.695337,-31.333763,2.7699999809265137,12.0960693359375,38.695220947265625,-31.333810806274414,2.8319637775421143,0.931393563747406,0.9781198501586914
SB78803_component_3021a,34.282536,-28.973913,3.0889999866485596,14.779903411865234,34.28224182128906,-28.97396469116211,2.4719581604003906,1.1899205446243286,1.2496166229248047
SB78803_component_3025a,34.563548,-31.251541,2.931999921798706,15.431578636169434,34.56372833251953,-31.251300811767578,2.4952001571655273,1.1189217567443848,1.175055980682373
SB78803_component_3031a,33.396752,-29.141473,2.7139999866485596,11.748917579650879,33.39662551879883,-29.141481399536133,2.389936685562134,1.0813459157943726,1.1355949640274048
SB78803_component_3041a,38.217131,-28.702382,3.191999912261963,12.61660099029541,38.217063903808594,-28.70234489440918,2.953906297683716,1.0289809703826904,1.080603003501892
SB78803_component_3043a,32.553261,-34.484645,3.0190000534057617,10.859712600708008,32.55292510986328,-34.484683990478516,2.975414991378784,0.9661771059036255,1.0146484375
SB78803_component_3044a,33.223766,-33.60059,3.1080000400543213,15.310345649719238,33.22359085083008,-33.60050964355469,3.097105026245117,0.9555782079696655,1.003517746925354
SB78803_component_3046a,31.678917,-31.232984,3.311000108718872,12.93359375,31.678787231445312,-31.233186721801758,2.529020309448242,1.2466601133346558,1.3092026710510254
SB78803_component_3049a,32.97352,-30.237144,2.9140000343322754,14.425742149353027,32.973880767822266,-30.237260818481445,2.956012487411499,0.9386948943138123,0.9857874512672424
SB78803_component_3052a,33.452217,-33.181653,2.875999927520752,14.598984718322754,33.452598571777344,-33.181663513183594,3.553093433380127,0.7707675695419312,0.8094354867935181
SB78803_component_3056a,33.231478,-29.007555,2.7790000438690186,11.775424003601074,33.231475830078125,-29.007450103759766,2.3305187225341797,1.1354737281799316,1.1924383640289307
SB78803_component_3058a,33.708511,-33.044963,2.753000020980835,13.3640775680542,33.708805084228516,-33.04484939575195,2.9220218658447266,0.8971476554870605,0.9421558380126953
SB78803_component_3059a,36.707061,-29.861262,2.7320001125335693,13.071770668029785,36.70720672607422,-29.86125946044922,3.203350067138672,0.8121148943901062,0.8528571724891663
SB78803_component_3064a,35.206335,-32.308168,2.996999979019165,18.274389266967773,35.2063102722168,-32.308319091796875,2.920703887939453,0.977103054523468,1.0261224508285522
SB78803_component_3067a,31.928887,-28.734543,3.194000005722046,10.611295700073242,31.92889404296875,-28.734636306762695,3.002246141433716,1.013047456741333,1.0638701915740967
SB78803_component_3069a,36.896328,-32.368102,2.7139999866485596,15.162010192871094,36.89640808105469,-32.36809158325195,2.6298909187316895,0.9826825857162476,1.0319819450378418
SB78803_component_3070a,33.765854,-34.36687,3.1640000343322754,11.805970191955566,33.76598358154297,-34.36677551269531,2.5247445106506348,1.1933289766311646,1.253196120262146
SB78803_component_3080a,36.095311,-32.193262,3.190000057220459,19.69135856628418,36.095333099365234,-32.193450927734375,3.1183600425720215,0.974104642868042,1.022973656654358
SB78803_component_3082a,31.884859,-32.336197,3.0160000324249268,14.430622100830078,31.884498596191406,-32.336307525634766,2.381528377532959,1.205915093421936,1.266413688659668
SB78803_component_3083a,32.472381,-31.226148,2.7079999446868896,13.539999961853027,32.47278594970703,-31.225994110107422,2.621215343475342,0.9837554097175598,1.0331085920333862
SB78803_component_3086a,35.222903,-32.979893,2.575000047683716,14.071038246154785,35.22281265258789,-32.97990036010742,3.00948429107666,0.8147536516189575,0.8556283116340637
SB78803_component_3091a,34.099992,-33.313643,2.684000015258789,14.12631607055664,34.100181579589844,-33.31376647949219,2.438793897628784,1.0479693412780762,1.1005439758300781
SB78803_component_3096a,35.338791,-31.8878,2.6679999828338623,14.5,35.3388671875,-31.88779640197754,2.576659679412842,0.9859840869903564,1.0354491472244263
SB78803_component_3099a,35.444635,-32.420889,3.190999984741211,18.234285354614258,35.44447708129883,-32.42079544067383,2.5791704654693604,1.1781156063079834,1.2372194528579712
SB78803_component_3109a,35.257618,-30.502669,2.7880001068115234,14.297436714172363,35.257476806640625,-30.502517700195312,2.933833599090576,0.9048956036567688,0.9502925276756287
SB78803_component_3110a,37.423477,-33.703225,3.0329999923706055,15.164999961853027,37.423675537109375,-33.703495025634766,3.962446451187134,0.728870153427124,0.7654362320899963
SB78803_component_3114a,39.131384,-30.552148,3.119999885559082,10.064516067504883,39.131465911865234,-30.552410125732422,2.5074572563171387,1.1848468780517578,1.2442883253097534
SB78803_component_3115a,33.515099,-32.576656,2.7290000915527344,15.077348709106445,33.51464080810547,-32.5765266418457,2.7167437076568604,0.9565244317054749,1.0045114755630493
SB78803_component_3119a,35.691809,-31.349577,2.697999954223633,13.489999771118164,35.69206237792969,-31.349536895751953,3.0896852016448975,0.8315126299858093,0.873228132724762
SB78803_component_3120a,36.213151,-31.315212,3.124000072479248,15.857868194580078,36.21330642700195,-31.31505012512207,2.5254786014556885,1.1779001951217651,1.2369933128356934
SB78803_component_3125a,32.423781,-29.521946,3.010999917984009,14.338095664978027,32.42368698120117,-29.522180557250977,2.850555181503296,1.0058250427246094,1.0562853813171387
SB78803_component_3131a,38.195453,-32.514843,3.131999969482422,12.783673286437988,38.195430755615234,-32.51509475708008,3.030352830886841,0.984169065952301,1.0335429906845093
SB78803_component_3133a,35.707049,-28.482751,2.8259999752044678,10.165467262268066,35.70710372924805,-28.482952117919922,3.800386428833008,0.7080852389335632,0.7436085939407349
SB78803_component_3139a,37.511776,-31.803147,3.2200000286102295,14.70319652557373,37.511871337890625,-31.80369758605957,2.399661064147949,1.2777535915374756,1.3418561220169067
SB78803_component_3145a,36.443293,-33.800696,2.99399995803833,13.609090805053711,36.443119049072266,-33.80046844482422,2.674685001373291,1.065909504890442,1.1193841695785522
SB78803_component_3148a,34.862619,-30.579585,2.812000036239624,15.450550079345703,34.86283874511719,-30.579782485961914,2.2090306282043457,1.212145447731018,1.2729566097259521
SB78803_component_3150a,37.785719,-28.889774,2.7679998874664307,12.524886131286621,37.78551483154297,-28.889493942260742,3.248011350631714,0.8115021586418152,0.8522137403488159
SB78803_component_3151a,36.593774,-28.43638,3.0850000381469727,11.468401908874512,36.593814849853516,-28.43642807006836,2.8986947536468506,1.0134302377700806,1.064272165298462
SB78803_component_3154a,38.178993,-29.443899,2.9700000286102295,12.801724433898926,38.17871856689453,-29.44384765625,2.5448718070983887,1.1113009452819824,1.1670528650283813
SB78803_component_3157a,35.058882,-34.396655,3.0360000133514404,12.810126304626465,35.05915069580078,-34.39653778076172,2.6097965240478516,1.1077361106872559,1.163309097290039
SB78803_component_3168a,35.83746,-33.207228,2.8299999237060547,13.349056243896484,35.8375358581543,-33.20730972290039,3.1276931762695312,0.8615955710411072,0.9048202037811279
SB78803_component_3169a,37.799253,-32.17585,2.8420000076293945,11.188976287841797,37.799468994140625,-32.17570114135742,2.3904707431793213,1.1320922374725342,1.188887119293213
SB78803_component_3173a,33.016609,-33.748142,2.5999999046325684,10.833333015441895,33.01643371582031,-33.748207092285156,3.0361642837524414,0.8154347538948059,0.8563436269760132
SB78803_component_3178a,35.779526,-32.859416,3.130000114440918,16.05128288269043,35.77925109863281,-32.85950469970703,2.719142198562622,1.0961086750030518,1.151098370552063
SB78803_component_3181a,38.100217,-32.355302,2.746999979019165,14.15979290008545,38.10013198852539,-32.355342864990234,2.4549899101257324,1.065491795539856,1.1189454793930054
SB78803_component_3192a,32.190628,-29.754101,2.9189999103546143,12.368643760681152,32.19084930419922,-29.754039764404297,2.6179416179656982,1.0617330074310303,1.1149981021881104
SB78803_component_3203a,32.40161,-31.106114,2.759000062942505,13.8643217086792,32.40183639526367,-31.106338500976562,2.509376049041748,1.0469528436660767,1.0994765758514404
SB78803_component_3217a,33.556127,-30.743589,2.6700000762939453,13.553299903869629,33.5565071105957,-30.74350929260254,2.3922274112701416,1.0627962350845337,1.116114616394043
SB78803_component_3219a,31.877557,-31.162541,2.9010000228881836,12.779735565185547,31.877582550048828,-31.162460327148438,3.036489248275757,0.9097397327423096,0.9553796648979187
SB78803_component_3222a,36.887677,-31.038908,2.759999990463257,12.957746505737305,36.88764572143555,-31.038799285888672,2.5298378467559814,1.0388612747192383,1.090978980064392
SB78803_component_3225a,31.892176,-30.307588,2.8369998931884766,10.507406234741211,31.891887664794922,-30.307369232177734,2.3914191722869873,1.1296522617340088,1.1863248348236084
SB78803_component_3227a,34.38904,-29.907167,2.696000099182129,11.772926330566406,34.38943862915039,-29.90707015991211,2.999866008758545,0.8557742238044739,0.89870685338974
SB78803_component_3234a,35.482168,-33.758244,2.7720000743865967,13.722772598266602,35.48188781738281,-33.75857925415039,2.502485990524292,1.0547821521759033,1.1076985597610474
SB78803_component_3235a,35.899075,-29.253704,2.818000078201294,15.150537490844727,35.89897155761719,-29.253917694091797,2.7625837326049805,0.9713298082351685,1.020059585571289
SB78803_component_3241a,33.805868,-28.661116,2.697999954223633,10.10486888885498,33.805458068847656,-28.660905838012695,2.287433624267578,1.1231417655944824,1.179487705230713
SB78803_component_3244a,35.274238,-30.836636,2.73799991607666,14.260416030883789,35.27383804321289,-30.83714485168457,2.725872278213501,0.9564650058746338,1.0044491291046143
SB78803_component_3248a,37.853394,-30.191795,2.5899999141693115,11.935483932495117,37.853294372558594,-30.191814422607422,2.9336063861846924,0.8406962156295776,0.8828723430633545
SB78803_component_3251a,32.91965,-31.556566,2.9070000648498535,14.391088485717773,32.92019271850586,-31.5566349029541,2.1070563793182373,1.3137418031692505,1.3796498775482178
SB78803_component_3252a,38.80468,-30.949786,2.5859999656677246,11.59641170501709,38.80454635620117,-30.949735641479492,2.6629021167755127,0.9247289896011353,0.9711209535598755
SB78803_component_3253a,34.686492,-28.750386,2.572000026702881,11.533632278442383,34.686588287353516,-28.75035858154297,2.24963641166687,1.0886789560317993,1.1432958841323853
SB78803_component_3260a,33.8648,-29.353575,2.8589999675750732,12.11440658569336,33.8656120300293,-29.353612899780273,1.7733135223388672,1.5352171659469604,1.6122360229492188
SB78803_component_3266a,35.976527,-32.876231,2.5969998836517334,15.011560440063477,35.976295471191406,-32.87621307373047,1.9991930723190308,1.2369678020477295,1.2990241050720215
SB78803_component_3273a,34.990308,-34.220013,2.8269999027252197,13.526314735412598,34.99028778076172,-34.219905853271484,2.4361395835876465,1.105006456375122,1.1604424715042114
SB78803_component_3275a,36.073598,-29.16921,2.947000026702881,15.5925931930542,36.07351303100586,-29.16939926147461,2.829568386077881,0.9917474985122681,1.0415016412734985
SB78803_component_3290a,35.408807,-30.229186,2.811000108718872,15.032085418701172,35.408790588378906,-30.22929573059082,2.7630186080932617,0.9687645435333252,1.017365574836731
SB78803_component_3294a,38.00269,-30.809038,2.5360000133514404,12.492610931396484,38.00255584716797,-30.808984756469727,2.7281641960144043,0.8851562142372131,0.9295628070831299
SB78803_component_3298a,31.997559,-31.846113,2.628000020980835,11.577093124389648,31.99772834777832,-31.84622573852539,3.5540714263916016,0.704109787940979,0.7394336462020874
SB78803_component_3304a,34.782884,-30.936174,2.677000045776367,14.470270156860352,34.78326416015625,-30.936172485351562,2.4297633171081543,1.0491209030151367,1.1017534732818604
SB78803_component_3309a,33.385852,-31.962266,2.5920000076293945,13.5,33.38603973388672,-31.962055206298828,2.396683692932129,1.029829740524292,1.0814944505691528
SB78803_component_3316a,34.73724,-33.649776,2.7899999618530273,13.880596160888672,34.737327575683594,-33.64971160888672,2.5361711978912354,1.0475307703018188,1.1000834703445435
SB78803_component_3319a,37.562649,-32.452181,2.5380001068115234,11.91549301147461,37.562744140625,-32.45214080810547,2.2547264099121094,1.0718622207641602,1.1256355047225952
SB78803_component_3320a,33.59798,-31.342391,2.7690000534057617,12.30666732788086,33.597904205322266,-31.342432022094727,2.7324233055114746,0.9649752378463745,1.0133862495422363
SB78803_component_3322a,37.091536,-29.305787,2.484999895095825,10.354166030883789,37.09141540527344,-29.306011199951172,2.3257405757904053,1.0174341201782227,1.0684767961502075
SB78803_component_3326a,35.206051,-28.409126,2.444999933242798,10.061728477478027,35.205970764160156,-28.409290313720703,2.428853988647461,0.9585584998130798,1.0066475868225098
SB78803_component_3327a,37.219617,-33.736149,2.5309998989105225,12.406862258911133,37.21967697143555,-33.7362174987793,2.932438850402832,0.8218722939491272,0.8631040453910828
SB78803_component_3329a,36.509267,-34.031184,2.7850000858306885,12.268722534179688,36.50947570800781,-34.03134536743164,3.6718027591705322,0.7222491502761841,0.7584830522537231
SB78803_component_3332a,35.337747,-33.414704,2.7019999027252197,14.526881217956543,35.33770751953125,-33.41489791870117,2.536078929901123,1.0145272016525269,1.0654242038726807
SB78803_component_3333a,31.91146,-30.624806,2.5250000953674316,10.181451797485352,31.911977767944336,-30.6248836517334,2.2159018516540527,1.0850557088851929,1.1394909620285034
SB78803_component_3334a,38.884323,-30.475368,2.755000114440918,10.932539939880371,38.88462448120117,-30.475383758544922,1.9880110025405884,1.3196052312850952,1.3858072757720947
SB78803_component_3341a,36.294398,-32.127167,2.8519999980926514,16.204545974731445,36.29438781738281,-32.126922607421875,2.379690647125244,1.1412221193313599,1.1984751224517822
SB78803_component_3344a,32.354469,-33.608945,2.8369998931884766,14.328282356262207,32.3546142578125,-33.60906219482422,2.5435421466827393,1.062090516090393,1.1153736114501953
SB78803_component_3348a,35.428251,-30.930817,2.75600004196167,13.779999732971191,35.42814636230469,-30.93094253540039,2.6408846378326416,0.9937358498573303,1.04358971118927
SB78803_component_3352a,33.624935,-29.150057,2.3940000534057617,10.931507110595703,33.6251106262207,-29.15032958984375,3.243647336959839,0.702799916267395,0.7380580306053162
SB78803_component_3358a,37.795634,-33.252757,2.515000104904175,12.033493041992188,37.79546356201172,-33.25260925292969,3.008136749267578,0.7961256504058838,0.8360657691955566
SB78803_component_3360a,34.020768,-32.89495,2.5799999237060547,14.659090995788574,34.02070617675781,-32.894840240478516,3.228618860244751,0.7609289288520813,0.7991032600402832
SB78803_component_3362a,35.214124,-30.101225,2.3510000705718994,12.11855697631836,35.213932037353516,-30.101198196411133,2.3117809295654297,0.9683829545974731,1.0169649124145508
SB78803_component_3373a,36.487638,-32.307482,2.4539999961853027,14.872726440429688,36.48759078979492,-32.30723190307617,2.4686479568481445,0.946578323841095,0.9940664172172546
SB78803_component_3378a,35.268018,-33.248681,2.680999994277954,14.491891860961914,35.26768112182617,-33.24872970581055,2.327228546142578,1.0969805717468262,1.1520140171051025
SB78803_component_3379a,34.897935,-30.868508,2.671999931335449,15.625730514526367,34.89778137207031,-30.868606567382812,2.6915078163146973,0.9453268051147461,0.9927520751953125
SB78803_component_3380a,34.18518,-31.191614,2.7049999237060547,12.523147583007812,34.18538284301758,-31.19190216064453,2.0268070697784424,1.2708550691604614,1.334611415863037
SB78803_component_3383a,32.868901,-29.006416,2.697999954223633,10.791999816894531,32.86904525756836,-29.006519317626953,3.2065494060516357,0.8012078404426575,0.8414028882980347
SB78803_component_3388a,37.478462,-31.120916,2.438999891281128,10.744492530822754,37.478023529052734,-31.121238708496094,2.102435827255249,1.1046640872955322,1.1600829362869263
SB78803_component_3391a,35.724204,-31.352316,2.86899995803833,14.942708015441895,35.7240104675293,-31.352264404296875,2.334667205810547,1.1701639890670776,1.2288689613342285
SB78803_component_3393a,34.853917,-30.974848,2.299999952316284,12.5,34.85416030883789,-30.974689483642578,2.080526351928711,1.0526785850524902,1.1054894924163818
SB78803_component_3394a,37.179956,-34.202556,2.8589999675750732,12.012604713439941,37.18021011352539,-34.20265197753906,1.931535243988037,1.4094598293304443,1.480169653892517
SB78803_component_3406a,31.65237,-32.571935,2.7880001068115234,11.616667747497559,31.652698516845703,-32.571922302246094,2.109619140625,1.258432388305664,1.3215656280517578
SB78803_component_3407a,31.697268,-32.865415,2.5450000762939453,10.560166358947754,31.696935653686523,-32.865108489990234,2.405909776687622,1.0072786808013916,1.057811975479126
SB78803_component_3408a,31.875615,-31.319995,2.380000114440918,10.438596725463867,31.875391006469727,-31.320096969604492,2.073326349258423,1.0930763483047485,1.147913932800293
SB78803_component_3412a,33.418191,-33.295396,2.6110000610351562,13.321429252624512,33.418853759765625,-33.29524230957031,1.8628979921340942,1.334624171257019,1.401579737663269
SB78803_component_3416a,37.406786,-33.575675,2.3320000171661377,11.211538314819336,37.4062614440918,-33.575714111328125,1.8338370323181152,1.2109019756317139,1.2716506719589233
SB78803_component_3419a,34.082384,-34.02892,2.503999948501587,12.974092483520508,34.082801818847656,-34.02880859375,2.8701765537261963,0.8307433128356934,0.8724201917648315
SB78803_component_3421a,32.182411,-30.690373,2.6429998874664307,10.165384292602539,32.18225860595703,-30.690292358398438,2.1126205921173096,1.1912881135940552,1.251052737236023
SB78803_component_3429a,36.029084,-29.061127,2.378000020980835,12.385416984558105,36.029083251953125,-29.061023712158203,2.8360989093780518,0.7984204292297363,0.8384757041931152
SB78803_component_3430a,35.81223,-32.607511,2.375999927520752,13.27374267578125,35.81193161010742,-32.607337951660156,2.1656622886657715,1.0447126626968384,1.0971239805221558
SB78803_component_3433a,34.247983,-32.292342,2.1489999294281006,12.715975761413574,34.24816131591797,-32.292274475097656,2.4748919010162354,0.8268396854400635,0.8683207035064697
SB78803_component_3440a,32.753697,-33.8092,2.742000102996826,13.182692527770996,32.753936767578125,-33.809181213378906,2.8915512561798096,0.9029791951179504,0.9482799768447876
SB78803_component_3444a,36.186626,-34.430125,2.6459999084472656,11.454545021057129,36.1861457824707,-34.4300422668457,2.346766710281372,1.0736459493637085,1.1275087594985962
SB78803_component_3456a,37.009874,-29.437325,2.6050000190734863,11.787330627441406,37.00995635986328,-29.437395095825195,2.8384969234466553,0.8738974332809448,0.9177392721176147
SB78803_component_3460a,35.317562,-31.156987,2.575000047683716,14.226519584655762,35.31748962402344,-31.157148361206055,2.323701858520508,1.0552078485488892,1.1081455945968628
SB78803_component_3462a,31.732394,-31.23031,2.6470000743865967,10.630522727966309,31.732500076293945,-31.230327606201172,2.8955960273742676,0.8704767227172852,0.914146900177002
SB78803_component_3469a,36.462256,-32.118752,2.4679999351501465,14.022727012634277,36.46223831176758,-32.11887741088867,2.255833387374878,1.04178786277771,1.0940524339675903
SB78803_component_3472a,34.68847,-29.066295,2.4839999675750732,12.176470756530762,34.688804626464844,-29.06645393371582,1.5682567358016968,1.5082578659057617,1.5839242935180664
SB78803_component_3476a,32.970055,-32.836697,2.489000082015991,13.381720542907715,32.969947814941406,-32.83659744262695,2.220752000808716,1.0672496557235718,1.1207915544509888
SB78803_component_3481a,37.21781,-31.456022,2.259999990463257,10.0,37.217742919921875,-31.455703735351562,2.3522770404815674,0.9148736596107483,0.9607712030410767
SB78803_component_3489a,37.075645,-31.785849,2.2890000343322754,11.984292984008789,37.07575225830078,-31.785884857177734,2.6868085861206055,0.8112416863441467,0.8519400954246521
SB78803_component_3490a,35.096817,-30.2722,2.3429999351501465,13.388571739196777,35.09675598144531,-30.27227210998535,2.0084309577941895,1.110852837562561,1.1665822267532349
SB78803_component_3492a,36.338503,-29.6882,2.561000108718872,12.934344291687012,36.338905334472656,-29.688291549682617,2.374368190765381,1.0270763635635376,1.0786027908325195
SB78803_component_3496a,36.785491,-30.045436,2.075000047683716,10.072815895080566,36.785213470458984,-30.04537582397461,1.9732979536056519,1.0013054609298706,1.0515391826629639
SB78803_component_3497a,36.168791,-29.949778,2.2760000228881836,10.58604621887207,36.16907501220703,-29.949934005737305,2.50057315826416,0.8667101263999939,0.9101913571357727
SB78803_component_3498a,34.856365,-29.967686,2.312000036239624,11.618090629577637,34.855770111083984,-29.967636108398438,2.0910494327545166,1.0528457164764404,1.1056649684906006
SB78803_component_3500a,32.580235,-33.734734,2.5260000228881836,12.504950523376465,32.58024978637695,-33.73454666137695,2.912370204925537,0.8259009122848511,0.86733478307724
SB78803_component_3502a,38.62267,-33.321917,2.505000114440918,10.659574508666992,38.622459411621094,-33.322052001953125,2.6421315670013428,0.9028061032295227,0.9480981826782227
SB78803_component_3509a,33.341138,-29.788703,2.447999954223633,11.229357719421387,33.34132766723633,-29.788818359375,1.8962074518203735,1.2293250560760498,1.2909979820251465
SB78803_component_3511a,33.968662,-33.321094,2.4690001010894775,12.661539077758789,33.968353271484375,-33.32135009765625,2.428429365158081,0.9681369662284851,1.0167065858840942
SB78803_component_3514a,32.117222,-33.513401,2.197999954223633,11.271795272827148,32.1168327331543,-33.513153076171875,1.8628727197647095,1.1235325336456299,1.1798981428146362
SB78803_component_3516a,35.001195,-33.182652,2.4700000286102295,13.497267723083496,35.001220703125,-33.18278884887695,2.3086421489715576,1.018782615661621,1.0698930025100708
SB78803_component_3530a,34.694664,-28.59611,2.38100004196167,10.97235107421875,34.694454193115234,-28.596391677856445,2.0961389541625977,1.081634521484375,1.1358979940414429
SB78803_component_3531a,33.890987,-30.645742,2.4539999961853027,11.741626739501953,33.89103698730469,-30.645992279052734,1.8732119798660278,1.2474662065505981,1.310049295425415
SB78803_component_3532a,37.571488,-32.204505,2.3550000190734863,10.852535247802734,37.57186508178711,-32.2046012878418,1.7484862804412842,1.2825368642807007,1.3468793630599976
SB78803_component_3533a,33.057832,-32.528179,2.4670000076293945,12.984210968017578,33.057743072509766,-32.527957916259766,1.852634072303772,1.2680041790008545,1.3316174745559692
SB78803_component_3535a,34.176814,-29.202062,2.371000051498413,11.29047679901123,34.176822662353516,-29.20197296142578,1.8555845022201538,1.2167237997055054,1.2777645587921143
SB78803_component_3536a,35.303927,-31.121217,2.615000009536743,13.909575462341309,35.30389404296875,-31.121257781982422,2.4198403358459473,1.0290255546569824,1.0806498527526855
SB78803_component_3543a,33.896084,-32.269805,2.4630000591278076,12.439393997192383,33.8957405090332,-32.26980209350586,2.414193868637085,0.9714789986610413,1.0202163457870483
SB78803_component_3544a,36.098548,-29.545269,2.244999885559082,11.632123947143555,36.09895706176758,-29.54517936706543,2.2339744567871094,0.956928014755249,1.004935383796692
SB78803_component_3552a,37.742523,-33.123919,2.3529999256134033,10.098711967468262,37.74254608154297,-33.12397003173828,2.51096510887146,0.8923236727714539,0.9370898604393005
SB78803_component_3555a,32.410512,-30.328163,2.303999900817871,10.971428871154785,32.41058349609375,-30.32817268371582,2.738861083984375,0.801038920879364,0.8412255644798279
SB78803_component_3557a,36.019803,-31.849407,2.319000005722046,13.251428604125977,36.02042770385742,-31.84955596923828,2.141662836074829,1.031076431274414,1.08280348777771
SB78803_component_3562a,34.62228,-32.422042,2.3380000591278076,14.084338188171387,34.622135162353516,-32.42212677001953,2.478283166885376,0.898327648639679,0.9433950185775757
SB78803_component_3565a,34.352507,-31.882739,2.424999952316284,12.30964469909668,34.35263442993164,-31.882844924926758,1.7955399751663208,1.2860499620437622,1.3505686521530151
SB78803_component_3575a,38.568604,-33.443106,2.430999994277954,11.306976318359375,38.56863021850586,-33.443519592285156,2.3925178050994873,0.9675445556640625,1.0160844326019287
SB78803_component_3577a,33.68217,-32.358161,2.3420000076293945,11.948980331420898,33.68215560913086,-32.35843276977539,1.9024533033370972,1.1722333431243896,1.2310420274734497
SB78803_component_3585a,37.282874,-34.147213,2.5199999809265137,10.079999923706055,37.2830696105957,-34.147159576416016,2.370082378387451,1.0124608278274536,1.0632541179656982
SB78803_component_3593a,37.198103,-32.089763,2.434000015258789,12.810526847839355,37.198062896728516,-32.08958435058594,2.0367465019226074,1.1379541158676147,1.1950432062149048
SB78803_component_3599a,35.004968,-30.303953,2.4140000343322754,13.411110877990723,35.004886627197266,-30.30411148071289,2.37076473236084,0.9695941805839539,1.0182368755340576
SB78803_component_3602a,33.814887,-32.794619,2.0280001163482666,10.903225898742676,33.815223693847656,-32.79462814331055,1.7842018604278564,1.082343578338623,1.1366426944732666
SB78803_component_3603a,36.618748,-28.688569,2.5260000228881836,10.982608795166016,36.61878204345703,-28.688953399658203,2.092276096343994,1.1496232748031616,1.207297682762146
SB78803_component_3604a,34.094946,-31.670542,2.4630000591278076,11.563380241394043,34.095218658447266,-31.670610427856445,2.291471004486084,1.0235079526901245,1.0748554468154907
SB78803_component_3617a,33.767111,-30.363856,2.2320001125335693,10.285715103149414,33.767295837402344,-30.363985061645508,2.5543839931488037,0.8320496082305908,0.8737919330596924
SB78803_component_3621a,32.351431,-32.578908,2.2679998874664307,10.800000190734863,32.35172653198242,-32.5787467956543,1.495753288269043,1.443857192993164,1.5162928104400635
SB78803_component_3623a,37.82581,-29.773485,2.259000062942505,10.040000915527344,37.82575988769531,-29.773284912109375,2.1680641174316406,0.992168128490448,1.0419434309005737
SB78803_component_3628a,34.987371,-32.348364,2.257999897003174,13.360945701599121,34.98697280883789,-32.348201751708984,2.4419431686401367,0.880500316619873,0.9246733784675598
SB78803_component_3631a,37.073996,-29.63424,2.2769999504089355,10.541666030883789,37.073829650878906,-29.634449005126953,2.366647958755493,0.9161583185195923,0.9621202349662781
SB78803_component_3632a,34.972353,-30.504005,2.3580000400543213,12.885246276855469,34.972381591796875,-30.504220962524414,2.1959166526794434,1.0225136280059814,1.0738112926483154
SB78803_component_3636a,33.417969,-31.210813,2.380000114440918,11.018518447875977,33.4180793762207,-31.21062469482422,2.216918706893921,1.022276520729065,1.0735621452331543
SB78803_component_3645a,34.657263,-30.986867,2.494999885559082,11.497695922851562,34.65772247314453,-30.98697280883789,2.2383153438568115,1.0614277124404907,1.1146775484085083
SB78803_component_3647a,34.066375,-33.858123,2.131999969482422,10.877551078796387,34.06641387939453,-33.8580207824707,2.3022382259368896,0.8818162679672241,0.9260553121566772
SB78803_component_3648a,34.009316,-30.794956,2.299999952316284,11.616161346435547,34.00949478149414,-30.795089721679688,1.7660330533981323,1.2401384115219116,1.302353858947754
SB78803_component_3664a,35.590371,-29.440871,2.25,11.968085289001465,35.59066390991211,-29.440893173217773,2.227088689804077,0.9620245695114136,1.0102875232696533
SB78803_component_3669a,35.804879,-31.408959,2.0160000324249268,11.076923370361328,35.80500793457031,-31.4089298248291,2.4583253860473633,0.7808944582939148,0.8200704455375671
SB78803_component_3671a,36.130723,-30.930223,2.555000066757202,12.166666984558105,36.13087463378906,-30.930551528930664,2.1600348949432373,1.1263446807861328,1.1828513145446777
SB78803_component_3675a,38.064131,-30.579412,2.114000082015991,10.066667556762695,38.064453125,-30.579282760620117,1.886660099029541,1.066970705986023,1.1204986572265625
SB78803_component_3681a,32.193504,-33.888307,2.2309999465942383,11.099501609802246,32.19350814819336,-33.888187408447266,2.365447998046875,0.8981054425239563,0.9431617259979248
SB78803_component_3697a,36.546095,-29.389277,2.315999984741211,10.873239517211914,36.545936584472656,-29.389230728149414,2.355316400527954,0.9363333582878113,0.9833073616027832
SB78803_component_3700a,32.497551,-32.199182,2.249000072479248,11.652850151062012,32.49765396118164,-32.19911575317383,2.4549310207366943,0.8723512291908264,0.916115403175354
SB78803_component_3702a,33.326071,-32.43835,2.183000087738037,12.333333969116211,33.326026916503906,-32.438236236572266,2.263362407684326,0.9184188842773438,0.9644942879676819
SB78803_component_3706a,35.732167,-33.831754,2.0999999046325684,10.659897804260254,35.73219680786133,-33.83146286010742,1.9451630115509033,1.028026819229126,1.0796009302139282
SB78803_component_3711a,32.478142,-33.796182,2.4149999618530273,12.6439790725708,32.47797393798828,-33.79607391357422,2.0568130016326904,1.118055820465088,1.1741465330123901
SB78803_component_3716a,34.207056,-33.476783,2.3399999141693115,12.446808815002441,34.207271575927734,-33.47660446166992,2.120802640914917,1.0506467819213867,1.1033557653427124
SB78803_component_3717a,33.412506,-33.72099,2.259999990463257,10.134529113769531,33.4123649597168,-33.720829010009766,2.3357489109039307,0.9213474988937378,0.9675697684288025
SB78803_component_3725a,34.124308,-32.433053,2.1549999713897705,11.282722473144531,34.124359130859375,-32.43315505981445,1.742519497871399,1.1776351928710938,1.2367149591445923
SB78803_component_3734a,36.576261,-32.987438,2.3329999446868896,11.606965065002441,36.576332092285156,-32.987735748291016,2.4666051864624023,0.9006504416465759,0.9458343386650085
SB78803_component_3737a,32.873354,-31.307601,2.2720000743865967,12.021164894104004,32.873260498046875,-31.30742073059082,1.3324025869369507,1.6237308979034424,1.7051904201507568
SB78803_component_3754a,34.720854,-29.070496,2.11299991607666,10.20772933959961,34.72032928466797,-29.070566177368164,1.9513239860534668,1.0311249494552612,1.0828545093536377
SB78803_component_3755a,35.009525,-31.950025,2.065999984741211,12.297618865966797,35.009090423583984,-31.950109481811523,1.565034031867981,1.2570359706878662,1.320099115371704
SB78803_component_3764a,32.944188,-32.928187,2.2320001125335693,11.747368812561035,32.94429397583008,-32.92825698852539,2.1109132766723633,1.0068504810333252,1.0573623180389404
SB78803_component_3766a,38.005718,-30.406453,2.1089999675750732,10.28780460357666,38.00564956665039,-30.406465530395508,1.4084972143173218,1.4258103370666504,1.4973405599594116
SB78803_component_3775a,35.324502,-33.629781,1.996999979019165,10.794594764709473,35.32474136352539,-33.62983703613281,2.0989129543304443,0.9059929251670837,0.9514448642730713
SB78803_component_3776a,34.459259,-33.16017,2.138000011444092,11.812154769897461,34.45945358276367,-33.159942626953125,1.9512838125228882,1.0433461666107178,1.0956889390945435
SB78803_component_3777a,32.177004,-33.609654,2.062999963760376,10.744791030883789,32.17662048339844,-33.609832763671875,1.9683486223220825,0.9980180263519287,1.0480866432189941
SB78803_component_3782a,34.476004,-29.524095,2.0350000858306885,10.329949378967285,34.47624206542969,-29.5242919921875,1.9558358192443848,0.9907707571983337,1.0404759645462036
SB78803_component_3786a,38.302363,-32.829312,2.299999952316284,10.798121452331543,38.30244064331055,-32.829200744628906,1.947521448135376,1.1245707273483276,1.1809883117675781
SB78803_component_3794a,33.437595,-31.579314,1.9609999656677246,10.430850982666016,33.43772506713867,-31.579172134399414,2.454698085784912,0.760712742805481,0.7988762259483337
SB78803_component_3803a,37.527531,-32.84296,2.115999937057495,10.851282119750977,37.5277214050293,-32.842857360839844,1.8645418882369995,1.0806490182876587,1.1348631381988525
SB78803_component_3809a,34.336372,-31.132406,2.3450000286102295,11.439024925231934,34.3359489440918,-31.13252067565918,2.040820360183716,1.09415602684021,1.1490477323532104
SB78803_component_3813a,35.529162,-33.410624,2.255000114440918,11.50510311126709,35.52925491333008,-33.410308837890625,1.7154375314712524,1.2517362833023071,1.3145334720611572
SB78803_component_3830a,36.176942,-32.296675,2.2679998874664307,14.174999237060547,36.176918029785156,-32.296653747558594,2.2466111183166504,0.9612941145896912,1.009520411491394
SB78803_component_3866a,36.463075,-29.403105,2.005000114440918,10.608466148376465,36.46319580078125,-29.403230667114258,1.8413292169570923,1.0368695259094238,1.088887333869934
SB78803_component_3871a,36.265811,-31.695856,2.0510001182556152,10.851852416992188,36.26546096801758,-31.69584846496582,1.6382145881652832,1.1921641826629639,1.2519727945327759
SB78803_component_3884a,37.059738,-32.935301,1.9160000085830688,10.137566566467285,37.05989074707031,-32.93516540527344,1.9144675731658936,0.952990710735321,1.0008004903793335
SB78803_component_3890a,35.102122,-30.754205,2.2090001106262207,11.876344680786133,35.10210418701172,-30.75460433959961,2.2388246059417725,0.9395434260368347,0.9866784811019897
SB78803_component_3894a,32.423079,-33.150609,2.1610000133514404,10.914141654968262,32.42308044433594,-33.150672912597656,1.8528341054916382,1.1106044054031372,1.1663213968276978
SB78803_component_3895a,34.207115,-31.959088,2.197999954223633,11.045226097106934,34.20685577392578,-31.95857048034668,2.163544178009033,0.9673932790756226,1.015925645828247
SB78803_component_3909a,37.182528,-31.908128,2.1510000228881836,11.203125,37.1831169128418,-31.908058166503906,1.4735573530197144,1.3899991512298584,1.4597327709197998
SB78803_component_3915a,34.789339,-31.249918,1.9830000400543213,11.874252319335938,34.78946304321289,-31.250198364257812,1.541840672492981,1.2246850728988647,1.2861251831054688
SB78803_component_3920a,37.203215,-33.766778,2.187999963760376,10.129629135131836,37.2033576965332,-33.76649475097656,2.0432217121124268,1.019701361656189,1.0708578824996948
SB78803_component_3933a,32.490194,-31.450929,2.118000030517578,11.510869979858398,32.49040985107422,-31.450841903686523,1.8651188611984253,1.0813359022140503,1.1355844736099243
SB78803_component_3934a,35.850767,-31.253325,2.1559998989105225,10.620689392089844,35.85086441040039,-31.253347396850586,1.5143977403640747,1.3556574583053589,1.4236681461334229
SB78803_component_3953a,32.640373,-30.568715,2.0969998836517334,10.43283462524414,32.63994598388672,-30.56894302368164,1.5238128900527954,1.3104122877120972,1.3761531114578247
SB78803_component_3973a,35.087015,-31.943819,2.132999897003174,11.655736923217773,35.08652114868164,-31.943862915039062,1.6341261863708496,1.242929220199585,1.3052847385406494
SB78803_component_3978a,32.529717,-33.380507,2.135999917984009,10.679999351501465,32.52930450439453,-33.38081741333008,1.9012131690979004,1.0698221921920776,1.1234930753707886
SB78803_component_4001a,38.237458,-33.613142,2.0320000648498535,10.059406280517578,38.23757553100586,-33.61302185058594,2.426269292831421,0.797491192817688,0.8374997973442078
SB78803_component_4043a,34.935085,-31.556695,2.178999900817871,12.380681037902832,34.93486404418945,-31.557113647460938,2.0279464721679688,1.0231561660766602,1.0744858980178833
SB78803_component_4048a,34.510485,-33.854759,1.8949999809265137,10.133688926696777,34.51046371459961,-33.85500717163086,1.6560845375061035,1.089601993560791,1.1442652940750122
SB78803_component_4071a,34.479912,-31.166129,2.0320000648498535,10.751323699951172,34.479976654052734,-31.16585922241211,1.838624119758606,1.0523784160614014,1.1051743030548096
SB78803_component_4097a,33.785999,-31.990207,2.0869998931884766,10.540403366088867,33.78638458251953,-31.99030876159668,1.9943090677261353,0.9964858293533325,1.0464776754379272
SB78803_component_4154a,33.703464,-32.703778,1.965999960899353,10.082051277160645,33.70291519165039,-32.7039680480957,1.894356369972229,0.9882413148880005,1.037819504737854
SB78803_component_4158a,37.121285,-33.003348,1.9170000553131104,10.036649703979492,37.120819091796875,-33.00347137451172,1.5251593589782715,1.1968730688095093,1.2569178342819214
SB78803_component_4159a,34.254635,-32.624088,1.680999994277954,10.126506805419922,34.254581451416016,-32.6243782043457,1.7366734743118286,0.9217023849487305,0.967942476272583
SB78803_component_4166a,33.146061,-32.079049,1.9160000085830688,10.469945907592773,33.145877838134766,-32.07916259765625,1.5019580125808716,1.214727520942688,1.2756681442260742
SB78803_component_4237a,35.660563,-32.15789,1.7869999408721924,10.511764526367188,35.66061019897461,-32.15776824951172,1.9355860948562622,0.8791302442550659,0.9232345223426819
SB78803_component_4358a,35.447298,-31.247487,1.8680000305175781,10.097297668457031,35.44810485839844,-31.247507095336914,1.8064913749694824,0.9846506118774414,1.0340486764907837
