Component_ID,RA,DEC,ASKAP_flux,ASKAP_flux_SNR,RA_comp,DEC_comp,Comp_flux,Flux_Ratio_AlphaCorr,Flux_Ratio_NOAlphaCorr
SB82478_component_4a,213.009907,2.910956,1042.7889404296875,1079.4915771484375,213.00975272300545,2.910852942600169,967.4317815231404,1.026401390674049,1.0778940286496517
SB82478_component_18a,214.949692,9.275652,449.4939880371094,666.905029296875,214.94950246852568,9.275360939362734,457.48528698684675,0.9355950637330305,0.9825321181313376
SB82478_component_26a,217.392184,4.601115,379.16900634765625,600.9017944335938,217.39208793516693,4.600556453861206,387.18871374299954,0.9325052955291739,0.9792873420358361
SB82478_component_39a,216.496818,8.291424,241.5959930419922,660.0983276367188,216.4964416492411,8.291832116116892,247.08981324226312,0.9310565328452634,0.9777658976378584
SB82478_component_46a,214.346963,3.445962,213.41799926757812,477.4451904296875,214.34700405925477,3.446210708603082,188.53230243999943,1.0779197731907533,1.131996992056566
SB82478_component_56a,216.020317,10.220395,183.10699462890625,144.29234313964844,216.01996968825466,10.22009411908558,214.100227028446,0.8143835122563418,0.8552396098327262
SB82478_component_58a,215.721635,5.67044,166.91600036621094,427.98974609375,215.7217624451909,5.670007536787274,168.28751911957434,0.9444679549906276,0.991850145747357
SB82478_component_59a,217.947684,3.618094,180.69900512695312,140.512451171875,217.9477167528663,3.6176520997714356,184.57165834195717,0.9322489716395131,0.9790181588560625
SB82478_component_61a,211.140094,2.664285,180.63999938964844,134.80596923828125,211.13977945958032,2.6635671919881014,183.5481562108166,0.9371412673962214,0.9841558919402713
SB82478_component_70a,216.439079,7.654064,157.56100463867188,375.145263671875,216.43861610888612,7.653228303966391,157.5858708409823,0.9520782217749247,0.9998422053818803
SB82478_component_72a,214.210342,8.970156,151.95199584960938,273.7873840332031,214.2102065571621,8.969686887892621,156.86837137845302,0.9223849046921839,0.968659230119865
SB82478_component_80a,215.436063,10.23244,147.82400512695312,119.59871673583984,215.4356155933175,10.232281871818161,164.80840339892222,0.8540961780821726,0.8969445858239522
SB82478_component_92a,214.994525,6.396031,128.4949951171875,91.45551300048828,214.994344804878,6.395481962885651,130.5000686222708,0.9375979259005621,0.9846354601476347
SB82478_component_96a,217.447864,6.288321,124.9020004272461,318.6275634765625,217.4478567846053,6.288039199144222,125.55570940931656,0.9472706766064392,0.9947934746643871
SB82478_component_109a,214.997917,8.078112,110.9800033569336,124.97747802734375,214.99753941627276,8.078053854059409,80.08817924466653,1.3195245629933048,1.3857226422627693
SB82478_component_111a,214.831749,7.991499,109.3030014038086,62.99884796142578,214.83151685032692,7.991713060755306,39.481157186946966,2.6362304987155185,2.768485251996254
SB82478_component_116a,216.067972,9.133122,109.71399688720703,237.47618103027344,216.06783980968783,9.13262371055361,111.18675459722802,0.9396154486477104,0.9867541982374067
SB82478_component_117a,215.762453,8.077135,112.18199920654297,254.3809356689453,215.7619789303339,8.076878947926838,110.60632349584223,0.9657937360296122,1.014245801333049
SB82478_component_123a,217.042984,2.961451,95.47799682617188,92.16022491455078,217.0429247251464,2.9615422743931665,93.0919466974089,0.9766351532514722,1.025631112179002
SB82478_component_125a,214.573778,3.777436,97.1719970703125,277.63427734375,214.57369044466793,3.777489539442434,99.02867041884753,0.9343752926568206,0.9812511534217099
SB82478_component_135a,217.846873,3.058337,95.08000183105469,249.55380249023438,217.84725346669615,3.058352444204857,96.39596350851146,0.9392290108987246,0.9863483736293525
SB82478_component_137a,214.834754,5.185984,96.6240005493164,210.5098114013672,214.83458604163474,5.1855132572316585,98.54327545527205,0.9336824312531015,0.9805235324573031
SB82478_component_138a,210.754378,8.601543,96.94499969482422,167.1465606689453,210.75392331679566,8.600906843881157,105.64993255201331,0.8737704540714077,0.9176058834405455
SB82478_component_140a,216.309893,5.492359,101.72200012207031,308.24847412109375,216.30997174576348,5.491921083630525,97.91750038838576,0.9892264917106647,1.038854134537689
SB82478_component_146a,213.456722,9.080131,95.552001953125,151.4294891357422,213.45659406110966,9.08029668252224,95.22574943850098,0.9554909040383961,1.0034260955313847
SB82478_component_147a,216.393513,8.21447,89.6969985961914,264.5929260253906,216.39307940999018,8.214715131838453,86.14012771219551,0.991547595181901,1.0412916834286552
SB82478_component_151a,210.808955,3.768495,88.23200225830078,125.32955169677734,210.80844690676557,3.76766066047324,86.6375153445011,0.9697534020228721,1.0184041163629802
SB82478_component_152a,211.414386,6.033651,91.8489990234375,314.5513610839844,211.41433134571392,6.033561892034442,89.64795882136814,0.9756076292613649,1.0245520392322054
SB82478_component_155a,217.732584,3.188299,86.96800231933594,72.17261505126953,217.73293370159595,3.188295708925368,85.02319514668652,0.9740096025185572,1.022873842476681
SB82478_component_157a,215.374627,6.605427,84.75599670410156,118.70587921142578,215.3743156307105,6.60480356715884,81.97317654767636,0.9845546698040584,1.0339479360642647
SB82478_component_162a,215.968281,3.190028,79.85600280761719,171.73333740234375,215.96811248893266,3.190427237050274,82.69319371921624,0.9195576639008022,0.9656901519460876
SB82478_component_172a,215.057149,6.241389,74.32599639892578,77.34234619140625,215.0570126376647,6.24075971566828,70.04109677768287,1.0104828979766969,1.0611769349478293
SB82478_component_173a,214.179793,9.671451,81.31300354003906,138.28741455078125,214.1796679196052,9.671128802354524,85.17341835359332,0.9090695092900931,0.9546758262357402
SB82478_component_176a,216.151897,6.897156,81.25700378417969,208.35130310058594,216.1517171800042,6.89660805686221,84.30734941745143,0.9177756577522889,0.9638187458821907
SB82478_component_181a,213.790703,8.534692,74.3489990234375,155.2171173095703,213.79119562930885,8.534598637950792,91.78643071428812,0.771325713970641,0.810021682342898
SB82478_component_186a,215.321218,3.100801,73.36799621582031,176.7903594970703,215.32075302194573,3.101071104544273,65.01371812171693,1.0745900620852042,1.1285002355727867
SB82478_component_190a,216.771194,5.74996,67.24600219726562,207.5493927001953,216.7709285892875,5.749268834491396,68.61523254700799,0.9332265732752858,0.9800448049373831
SB82478_component_191a,216.236889,7.861119,72.66100311279297,219.5196533203125,216.23631944652072,7.860504129272559,66.87928072125032,1.034548752318655,1.0864501281890364
SB82478_component_198a,215.976031,3.843789,64.85099792480469,169.7670135498047,215.9756920464916,3.843640300892328,62.12455658860268,0.9940186370966092,1.0438866928943553
SB82478_component_200a,211.05981,3.503938,67.70500183105469,134.60238647460938,211.0594889642489,3.502999359884762,67.26134641641505,0.9585093713113987,1.0065959936616933
SB82478_component_201a,215.073719,5.06566,64.5009994506836,131.09959411621094,215.07344774119164,5.065118136319684,61.33457121950371,1.0013877546515264,1.0516255052937094
SB82478_component_206a,214.442183,9.350958,62.69900131225586,136.0065155029297,214.44193814517143,9.350850428836415,81.17106269940153,0.7355302816700887,0.7724304601560691
SB82478_component_207a,216.8436,4.528509,61.25400161743164,136.4231719970703,216.84357617002865,4.528186931542646,61.784178958838346,0.9440572931956894,0.9914188818182739
SB82478_component_208a,217.00708,5.362728,61.555999755859375,182.65875244140625,217.0068067114788,5.362008976438415,62.882711813744386,0.9321381710066935,0.9789017995627373
SB82478_component_210a,215.32369,9.296062,63.06399917602539,181.21839904785156,215.3235896824059,9.295846275423125,66.01653288553794,0.9096408633769374,0.9552758440884532
SB82478_component_213a,217.001338,4.203515,58.74599838256836,134.123291015625,217.00138611803226,4.20320852174826,58.7015255844363,0.9529498950724885,1.0007576088983938
SB82478_component_214a,211.949596,7.387047,64.15799713134766,174.34237670898438,211.9494387303835,7.386093537723175,65.02969436751823,0.9394642335876087,0.9865953970005742
SB82478_component_215a,216.026223,3.252055,57.5620002746582,130.82272338867188,216.0259249723551,3.252389311094446,58.23333576090269,0.9412508353415299,0.9884716292228065
SB82478_component_220a,216.568508,2.273112,65.14600372314453,39.00958251953125,216.5683327522685,2.2729830755372262,63.825223535445616,0.9719336111439898,1.0206937024978129
SB82478_component_221a,214.04884,8.276015,59.37699890136719,82.46804809570312,214.04909743923614,8.27579599927761,64.74398667221827,0.8732929838929739,0.9171044594763259
SB82478_component_222a,212.550924,2.426181,63.797000885009766,58.799076080322266,212.5512615331657,2.426188676803443,60.47165662627828,1.0045916461083721,1.0549901299923448
SB82478_component_237a,215.16227,2.232623,58.176998138427734,49.59675979614258,215.16216378029583,2.232731683797658,52.93651715480735,1.0464948845736457,1.0989955755550587
SB82478_component_239a,216.391449,2.304992,53.334999084472656,30.442352294921875,216.390997948966,2.304874018402373,53.28904688395566,0.9530496037797369,1.0008623198049884
SB82478_component_242a,213.753229,6.052582,54.95899963378906,103.1125717163086,213.75339644748684,6.052036051565326,58.14066185470741,0.900119175133831,0.9452764705556798
SB82478_component_245a,215.842662,3.439089,55.393001556396484,144.2526092529297,215.84234463578525,3.439421687370174,51.89805158144117,1.0163540243503486,1.067342604750216
SB82478_component_246a,217.481154,7.254381,42.74599838256836,22.4742374420166,217.4807321001963,7.253172184324144,48.08373486010617,0.846522365865349,0.8889908096143673
SB82478_component_248a,213.180172,3.437493,52.15399932861328,159.00608825683594,213.18003274782578,3.437259939748498,46.13891900505086,1.0763694618141744,1.1303689044579468
SB82478_component_250a,217.72856,7.829314,54.05400085449219,93.03614807128906,217.72851437182229,7.830154516502871,55.27357560631788,0.9312181890768443,0.9779356638602137
SB82478_component_251a,216.988747,4.856548,51.14099884033203,146.1171417236328,216.9886913060525,4.856159034417333,52.29523186802235,0.9312113889766506,0.9779285226117123
SB82478_component_253a,213.156465,3.76064,50.11899948120117,193.5096435546875,213.15636610708194,3.760275110314869,48.891006688307364,0.9761455499241734,1.025116946368533
SB82478_component_254a,213.71443,3.130897,50.70199966430664,135.20533752441406,213.7138829131835,3.130749025495034,46.29398822952758,1.0428975733941945,1.095217794002192
SB82478_component_255a,211.547634,2.466493,54.09700012207031,47.0,211.54801287354246,2.465998118897191,52.21051825663889,0.9866346059589499,1.0361322187257076
SB82478_component_259a,214.001809,2.269955,53.60300064086914,47.3106803894043,214.00101341953737,2.269586784211037,50.506217701356526,1.010614258121597,1.0613148851855014
SB82478_component_262a,211.21211,4.033989,53.374000549316406,136.85641479492188,211.21186343876371,4.033290096951531,52.602529375521996,0.9661939060239194,1.0146660471074878
SB82478_component_263a,212.330275,5.924398,53.34700012207031,204.39463806152344,212.32996792212705,5.924194385063827,52.25167653470695,0.9721895280160383,1.0209624582406618
SB82478_component_265a,217.600887,3.409781,53.78300094604492,58.715065002441406,217.6011072862473,3.409710894319081,52.860615251298206,0.9688442880584583,1.0174493938513904
SB82478_component_266a,215.170551,9.402316,52.43600082397461,122.51402282714844,215.1702920659654,9.401922997525958,53.542048574412426,0.9325577672577818,0.9793424461729244
SB82478_component_267a,217.567385,3.349098,48.13100051879883,48.27582931518555,217.56770527662013,3.3491661645669693,47.95260584575125,0.9557709862669893,1.003720228961517
SB82478_component_274a,213.720472,4.113135,48.70600128173828,193.2777862548828,213.72040310438658,4.11271969463755,44.348945089975786,1.045780038075054,1.098244866544691
SB82478_component_275a,217.462106,5.197093,47.606998443603516,107.46501159667969,217.46185280296703,5.196254135531081,48.2598478636707,0.9393469248522083,0.9864722031053347
SB82478_component_283a,215.165421,9.968294,49.45800018310547,78.13269805908203,215.164963126819,9.968194714216517,51.10739365338863,0.9214971237570813,0.9677269108757653
SB82478_component_291a,216.62184,9.241697,47.06700134277344,89.65143585205078,216.62182581756306,9.24113596683297,48.00337357795016,0.933653944012581,0.9804936160652086
SB82478_component_295a,211.291475,5.579289,47.99300003051758,145.87538146972656,211.29138810798068,5.579017126242651,49.13726477841459,0.9300538317383144,0.9767128928918389
SB82478_component_298a,215.792409,5.875239,47.66400146484375,114.0287094116211,215.79259299195326,5.874705369735056,49.197650504242844,0.9225444532322656,0.9688267829117809
SB82478_component_300a,217.688279,7.414354,47.69200134277344,72.81221771240234,217.68782697735202,7.413182077647907,47.52082981077586,0.955658435400563,1.003602031628639
SB82478_component_301a,212.381055,7.813724,46.78200149536133,134.43104553222656,212.38080894014635,7.812810304329615,46.44035407800587,0.9592337306713578,1.0073566927758903
SB82478_component_303a,210.584754,5.162833,48.01300048828125,96.60563659667969,210.58454869836484,5.162317532234579,48.09788362881927,0.9505479855744047,0.9982352000933539
SB82478_component_305a,216.294914,3.231995,43.5890007019043,92.545654296875,216.29457217879175,3.232227941981943,39.04498661097707,1.063047817706207,1.1163789383820593
SB82478_component_312a,217.656267,5.353126,46.08300018310547,85.49722290039062,217.6560490639084,5.352474217608105,46.39443447770632,0.9458364054664495,0.9932872488239833
SB82478_component_324a,214.520981,10.259816,43.20399856567383,37.53605270385742,214.520818524612,10.259341393314257,48.89586065490887,0.8413816069461184,0.8835921484355013
SB82478_component_328a,213.942056,5.617114,44.777000427246094,59.22883605957031,213.94216121026022,5.616743840558668,43.24893155546861,0.9858725625434256,1.0353319450173624
SB82478_component_331a,214.388771,6.009567,39.077999114990234,30.625391006469727,214.38879322446195,6.008965678821319,43.44978169911067,0.8564181953805922,0.8993830943871021
SB82478_component_332a,216.003777,5.603255,42.5620002746582,97.61927032470703,216.00405288644785,5.6027846971822575,43.496626586885775,0.9317676320060309,0.9785126713134724
SB82478_component_334a,213.958645,5.666953,44.44499969482422,56.83503723144531,213.95880899866563,5.666619419291281,42.99535218696488,0.9843341727633546,1.0337163770994493
SB82478_component_338a,215.768257,6.249319,40.01100158691406,99.0371322631836,215.7681983333494,6.248683412589068,40.379995232388275,0.9435269850147914,0.9908619690678356
SB82478_component_340a,215.532741,6.320577,39.79399871826172,60.84709548950195,215.53273742492001,6.3199437325610095,42.62280806488307,0.8890305581800124,0.9336315584295817
SB82478_component_341a,214.314715,4.839054,43.426998138427734,108.839599609375,214.31467171810786,4.838626727284805,43.168947194649704,0.9579206128935146,1.0059776983352056
SB82478_component_344a,214.750854,6.758719,40.18600082397461,24.36992073059082,214.75103973914912,6.758487890100923,46.030242641815065,0.8313285400536958,0.8730347379804729
SB82478_component_345a,211.916443,5.659862,40.5880012512207,163.0040283203125,211.91620070427916,5.659775115476131,39.90103173373717,0.9686228397992278,1.017216835947194
SB82478_component_348a,212.948552,8.15902,40.92900085449219,71.30487823486328,212.94870482490595,8.158036129145193,44.035239670014185,0.8850584326151921,0.9294601587546896
SB82478_component_349a,215.422944,4.185588,38.301998138427734,103.51891326904297,215.42263550937673,4.18529689944342,32.322638498220236,1.1283810696755696,1.1849898374025603
SB82478_component_350a,215.003844,8.768262,38.948001861572266,95.93104553222656,215.00347625475558,8.767629545983226,40.1159413545406,0.9245052039998891,0.9708859008780024
SB82478_component_353a,215.968106,4.160491,38.055999755859375,104.26300811767578,215.9677374323376,4.160094275344339,35.7033503886895,1.0149749629474565,1.065894358416155
SB82478_component_354a,217.194202,9.57501,38.91600036621094,53.67723846435547,217.19446398582136,9.574653556619129,43.64606997770406,0.8490323144632668,0.8916266776388021
SB82478_component_362a,217.791719,5.927362,38.55699920654297,84.36980438232422,217.7918789695116,5.92714583203779,38.69294771332243,0.9488828029965353,0.9964864784201319
SB82478_component_363a,217.43532,5.075369,36.47999954223633,73.84615325927734,217.43494013113923,5.074526773232695,39.7587690681329,0.8737014567303953,0.9175334246319878
SB82478_component_365a,217.24677,6.287459,38.5260009765625,108.5239486694336,217.24673304131377,6.287154429458933,39.70845550966946,0.9238726315134064,0.9702215934130447
SB82478_component_373a,212.021519,7.227079,36.952999114990234,135.3589630126953,212.0211987826189,7.226244102183519,51.73002365681549,0.6802180944179982,0.7143433639261758
SB82478_component_374a,213.361683,4.899662,37.742000579833984,134.31317138671875,213.36117494327453,4.899047063053795,35.29214303136958,1.0183288600054765,1.0694165142164034
SB82478_component_375a,213.561218,10.030169,38.270999908447266,45.237586975097656,213.56119616090442,10.029765387232692,40.75973162339071,0.8940867506860805,0.9389414106565108
SB82478_component_376a,217.798569,3.192743,37.875,28.54182243347168,217.79882028314034,3.192658877426536,33.59698704757318,1.0734788082245592,1.1273332321844567
SB82478_component_378a,214.848611,4.458711,36.07899856567383,76.92749786376953,214.84858187458133,4.458391577934817,34.15865620737898,1.0057611661990107,1.056218322718445
SB82478_component_384a,212.595236,10.084147,36.42399978637695,37.319671630859375,212.59618710127052,10.08319137952162,38.92901310539348,0.8909542555426966,0.9356517640908429
SB82478_component_385a,215.86166,8.969778,34.75699996948242,99.02278900146484,215.86159149324834,8.969634792589595,37.39526056243451,0.8850481235742592,0.9294493325284553
SB82478_component_388a,216.690313,6.751698,37.03900146484375,120.64820861816406,216.69005892002457,6.7513251250759625,38.18441560298491,0.9236645748222876,0.9700030989068843
SB82478_component_389a,217.059667,7.118136,33.465999603271484,78.19158935546875,217.05946471517385,7.117492311050639,35.909150797058174,0.8874417013436277,0.9319629916175338
SB82478_component_391a,211.024315,9.923993,35.63600158691406,27.753894805908203,211.02380355457322,9.923214416670014,44.31061130105523,0.7658123995039255,0.8042317752015624
SB82478_component_393a,216.277795,8.672349,33.643001556396484,93.4527816772461,216.27752508664628,8.672638112782305,21.931056993791096,1.460751489848251,1.534034659885347
SB82478_component_396a,216.37769,7.964339,35.17499923706055,118.83445739746094,216.37702453350198,7.963862353333643,35.00763708784244,0.9567808279606337,1.0047807325241105
SB82478_component_397a,216.077,8.379724,33.87099838256836,89.13420867919922,216.07647740012143,8.379808925621859,32.68590160006857,0.9867535441764708,1.0362571238511378
SB82478_component_398a,216.580121,4.568497,32.196998596191406,81.71826934814453,216.58010259364733,4.5682025605432095,38.91367575506676,0.787869518474263,0.8273954585747194
SB82478_component_403a,213.307079,4.211706,33.1349983215332,130.45274353027344,213.3066167253749,4.211185354335248,28.62600688287806,1.1022176148917218,1.157513811028673
SB82478_component_405a,217.175725,8.535426,33.94900131225586,88.17922973632812,217.17546666698442,8.536403070680057,37.12238615517105,0.8708277998182379,0.9145156017274728
SB82478_component_411a,216.249642,8.587511,33.540000915527344,96.1031494140625,216.24948730767366,8.587809451432127,33.17858100387035,0.9626012646647693,1.0108931696510721
SB82478_component_412a,215.716377,7.007507,33.57099914550781,67.95748901367188,215.7160510350887,7.006701982588435,31.02055630378287,1.030518637977301,1.082217830549155
SB82478_component_414a,216.624248,6.53167,32.637001037597656,89.66209411621094,216.62419794758438,6.531381272972976,34.764798751796576,0.8939468355999713,0.9387944762922306
SB82478_component_416a,214.491921,5.452015,34.858001708984375,59.18166732788086,214.4918401394746,5.451552347976556,32.819858994589545,1.0113627218671812,1.062100897957265
SB82478_component_419a,215.443886,2.950339,30.867000579833984,67.24836730957031,215.44339250182588,2.9506065369522743,27.695117871969927,1.061285860122393,1.1145285866818535
SB82478_component_420a,214.556038,5.551747,33.22700119018555,45.3920783996582,214.55587514000393,5.551266765303933,28.257867664524074,1.1196774348850775,1.1758495575340209
SB82478_component_423a,213.411153,10.296132,34.875,23.85430908203125,213.4111455075232,10.295130927965406,38.3167364450982,0.8666961558283004,0.9101766808864408
SB82478_component_427a,216.793945,5.692115,32.02399826049805,101.66349029541016,216.7938486379996,5.691427527531061,32.536998132875105,0.9372150131451014,0.9842333373754376
SB82478_component_428a,211.593243,2.975464,33.43600082397461,65.94871520996094,211.5935795466943,2.9748809882137652,33.75606334321723,0.9431997997356186,0.9905183695151784
SB82478_component_434a,211.487658,2.999294,32.595001220703125,63.78669738769531,211.48802298087773,2.9986136150082188,30.677056902846275,1.01176225969148,1.062520479846908
SB82478_component_436a,211.753591,7.444038,31.601999282836914,82.296875,211.75346220261883,7.443086351859905,34.92666359589046,0.8615859801736485,0.9048101372773341
SB82478_component_438a,212.983664,8.160416,32.90999984741211,60.94444274902344,212.9837501149771,8.159409689102262,33.92989235662231,0.9236056143741466,0.9699411805233404
SB82478_component_440a,214.86443,4.753972,30.690000534057617,79.71428680419922,214.86435997550717,4.753571441642499,33.06721313387577,0.8837724663817168,0.9281096780005688
SB82478_component_441a,216.850514,7.142857,29.71500015258789,75.03787994384766,216.85029379505227,7.14213551650446,30.790378329724692,0.9189711498538619,0.9650742135864357
SB82478_component_449a,217.470625,7.002784,30.21500015258789,85.83806610107422,217.47050535478232,7.002153223203184,29.888518476896746,0.9626299690797463,1.0109233141128593
SB82478_component_452a,217.004989,7.355176,29.08300018310547,96.30133056640625,217.00455266624905,7.3541686673069995,31.358663385280156,0.8831263204245362,0.9274311161092762
SB82478_component_453a,213.988086,5.565639,30.547000885009766,63.24430847167969,213.98817572083726,5.565298627315252,28.987955088973163,1.0034417426205147,1.0537825379972958
SB82478_component_456a,215.977978,5.795914,29.395000457763672,88.80664825439453,215.978172276794,5.795339022400526,29.444341016616246,0.9506328071613613,0.9983242770206767
SB82478_component_466a,217.600008,7.763236,30.034000396728516,62.31120681762695,217.5998526423951,7.763652241969788,31.9956406361079,0.8938477219576034,0.9386903903038083
SB82478_component_469a,217.201639,5.108456,27.01099967956543,78.97953033447266,217.20138975372157,5.107797079258401,26.974448038191365,0.9535187925227168,1.0013550468696268
SB82478_component_471a,213.030275,3.195346,29.506000518798828,73.21588134765625,213.03018838781657,3.195214539790397,28.832753269594466,0.9744630945280741,1.023350085332098
SB82478_component_472a,213.264536,10.165816,27.746999740600586,27.7747745513916,213.26461709895702,10.164972582753192,32.09451848009677,0.8232397490829876,0.8645401474961443
SB82478_component_473a,213.646632,6.033933,30.211999893188477,65.39393615722656,213.64687017658306,6.033377350384179,28.605549791942927,1.0057043788375344,1.056158686441259
SB82478_component_474a,216.92478,8.64554,28.777000427246094,79.71468353271484,216.92456743654552,8.646252625326936,30.651052384482323,0.8940077809812379,0.9388584791892821
SB82478_component_475a,210.643529,5.511193,28.420000076293945,65.18348693847656,210.6431888400365,5.510968537467151,29.176303043289078,0.9275449801126958,0.9740781768727518
SB82478_component_478a,215.029151,9.526145,27.343000411987305,59.44130325317383,215.0288815473058,9.526052887735647,26.149571903077877,0.9956868040164092,1.0456385486283604
SB82478_component_479a,215.620646,9.108583,26.608999252319336,63.810550689697266,215.62043338788845,9.108234274885296,25.288789116515137,1.001939901135152,1.0522053519336765
SB82478_component_483a,217.215005,4.67446,27.371000289916992,58.61027908325195,217.21495992054864,4.673991688550951,25.96724364760768,1.0037047562469252,1.0540587465253994
SB82478_component_484a,213.718345,8.380573,27.96299934387207,55.482139587402344,213.7186515688846,8.38027570494666,28.53052921028711,0.9332867300768759,0.980107979693191
SB82478_component_485a,211.820791,5.020653,26.523000717163086,84.73802185058594,211.82055774330473,5.020212349534742,25.60115643989623,0.9865162408680256,1.0360079154795632
SB82478_component_486a,218.034524,5.374071,27.641000747680664,33.382850646972656,218.03456709119675,5.3735967774036135,31.7464209098956,0.8290871010457737,0.87068085016994
SB82478_component_490a,217.829665,5.9722,27.718000411987305,55.43600082397461,217.82963013604495,5.971895476921519,28.274292634730163,0.9334935340351017,0.9803251586191922
SB82478_component_497a,215.289452,9.670915,26.885000228881836,53.66267776489258,215.28893826418712,9.670960971415205,29.1049141183979,0.879599326526397,0.9237271795242026
SB82478_component_498a,214.777504,2.543683,26.643999099731445,38.0628547668457,214.77728915139713,2.543824177626559,24.310134673877165,1.0436459961669393,1.096003763745586
SB82478_component_499a,217.36031,5.48166,26.454999923706055,74.52112579345703,217.36010423631464,5.481048689476943,27.053014066443907,0.9311792120098867,0.9778947313867101
SB82478_component_503a,211.80641,7.431178,27.43600082397461,76.21111297607422,211.80624500037717,7.43018212392861,27.057927457883263,0.9655337185756873,1.0139727392898008
SB82478_component_512a,214.437345,3.896667,26.534000396728516,100.50757598876953,214.43738635677914,3.8966334164194882,23.291255297651883,1.0848033091476328,1.139225862137347
SB82478_component_518a,210.661932,4.294547,26.89299964904785,45.427364349365234,210.66141844947464,4.293734083588162,24.40319912059781,1.0493820915155523,1.1020276282689712
SB82478_component_524a,217.053634,6.212933,25.381999969482422,87.52413940429688,217.05360026637268,6.212632780124228,26.577549733174898,0.9093939603124479,0.955016554359029
SB82478_component_525a,216.675916,7.119332,26.32900047302246,84.11821746826172,216.6756331684953,7.118692549524046,25.321756587294807,0.9901060366511668,1.0397778046027437
SB82478_component_527a,215.448755,2.720149,24.93600082397461,36.72459411621094,215.4483495297164,2.7203225456166917,22.810889418054547,1.0409401266400187,1.0931621458055933
SB82478_component_531a,211.294001,8.99508,25.746000289916992,54.31645584106445,211.29368466936904,8.994366144320134,27.469460642606467,0.8924847486978659,0.9372590392249528
SB82478_component_534a,212.317634,3.352422,26.194000244140625,86.44884490966797,212.31808918062552,3.3519246565407212,23.819524554183374,1.047152428942691,1.0996861076952196
SB82478_component_537a,216.598836,8.45627,25.506999969482422,76.14029693603516,216.59867469130683,8.456954796615337,23.73685164620492,1.023239818365897,1.0745738461722458
SB82478_component_541a,212.916653,7.979304,26.233999252319336,57.404815673828125,212.91678623475337,7.978291710035895,25.553565576508717,0.9775841697344022,1.0266277390438279
SB82478_component_543a,213.112449,5.363457,25.910999298095703,63.97777557373047,213.1118688293666,5.362692702318321,26.745837895847785,0.9225058317127047,0.9687862238228219
SB82478_component_548a,214.302262,3.646264,26.31599998474121,102.00000762939453,214.30216064464975,3.6462485733818135,24.042132928905257,1.0422887476173608,1.0945784245748904
SB82478_component_550a,210.9518,3.361059,26.573999404907227,44.06965255737305,210.9514352189605,3.36000643249912,25.75497856704426,0.9825098067899817,1.0318004860975103
SB82478_component_554a,217.30245,6.214892,25.239999771118164,82.21498107910156,217.30243896548703,6.214670092440256,31.88253718627387,0.7538373258698172,0.7916559345215642
SB82478_component_555a,211.877235,4.043161,25.8700008392334,103.4800033569336,211.87737286736396,4.042428978348626,25.75159425347693,0.9566068527792573,1.00459802933329
SB82478_component_557a,213.539337,8.053633,26.273000717163086,32.75935363769531,213.53941224205772,8.053176201794455,23.568986416504707,1.0614754088816194,1.1147276447477958
SB82478_component_559a,215.212947,7.168894,25.22100067138672,31.565706253051758,215.21268031778914,7.167694337083002,24.473341794614818,0.9813189915855242,1.0305499299215612
SB82478_component_561a,211.694566,2.493572,24.05900001525879,24.32659149169922,211.69487833393376,2.4931984442946944,23.848785619253555,0.9606218672849706,1.0088144696070196
SB82478_component_565a,216.457186,6.385375,25.610000610351562,93.12727355957031,216.4570477171782,6.385149287282133,26.016171123165236,0.9373620658900845,0.9843877674815872
SB82478_component_575a,215.800925,8.981635,23.902000427246094,65.12806701660156,215.8007166923886,8.981436802655004,24.73047298976234,0.920328758155197,0.9664999305569607
SB82478_component_579a,217.725749,4.358461,24.951000213623047,39.354888916015625,217.72567148238946,4.357736817399594,22.39068864658841,1.0611130966354476,1.1143471559739073
SB82478_component_580a,214.973952,10.097868,24.131999969482422,28.158693313598633,214.97363672863523,10.097787333156925,28.720147816162076,0.800106523004786,0.8402463707342863
SB82478_component_585a,213.165216,10.342593,23.183000564575195,15.465644836425781,213.16547678294705,10.341628612125863,26.090715165302782,0.8461061036565312,0.8885536643091154
SB82478_component_587a,214.467028,5.422889,24.892000198364258,44.21314239501953,214.4669645943265,5.422433131905502,23.34563159929163,1.0153022148927855,1.066238027979485
SB82478_component_589a,212.261783,4.766332,22.889999389648438,86.37735748291016,212.26205172140436,4.76586676929527,22.129584054787347,0.9849488916385492,1.0343619352708344
SB82478_component_590a,214.307401,4.932569,24.016000747680664,62.54166793823242,214.30725521036976,4.932144460145123,22.266875975484226,1.027028662309459,1.0785527693297534
SB82478_component_591a,215.729462,8.631735,24.825000762939453,76.15030670166016,215.72900153812293,8.63145814576482,24.58927356460836,0.9613570989918958,1.0095865865134943
SB82478_component_594a,215.528974,2.726039,22.761999130249023,34.69816970825195,215.5285212693219,2.7262846322969057,20.78930806580067,1.04258514647778,1.0948896932117484
SB82478_component_602a,216.426378,9.449549,21.968000411987305,45.2016487121582,216.42646857168367,9.449020201408295,25.70964648071041,0.8136461782694556,0.854465285178837
SB82478_component_603a,217.038827,3.244206,20.34000015258789,18.096086502075195,217.03877918508175,3.2442064803466293,19.846869724934876,0.9758882716738284,1.024846760949585
SB82478_component_605a,213.584364,5.542266,23.843000411987305,58.72660446166992,213.58447838811165,5.541821269365338,21.63867788531735,1.0492315713944023,1.101869556834878
SB82478_component_607a,213.691932,8.224618,23.79800033569336,41.315975189208984,213.69216435677217,8.224111985323058,24.485588699958804,0.9254886179793588,0.9719186508974317
SB82478_component_608a,213.733932,3.603754,22.082000732421875,86.59608459472656,213.7334090322598,3.603472527819897,19.61491083898303,1.0719962037019668,1.1257762481660487
SB82478_component_609a,211.968989,5.722286,22.89900016784668,93.08536529541016,211.96875296720276,5.722256188203675,22.803569287720038,0.9562134685754847,1.004184909779805
SB82478_component_610a,213.523587,8.033358,22.440000534057617,30.161291122436523,213.523656523159,8.032710091796405,21.27939865256274,1.004164070168106,1.054541103366899
SB82478_component_612a,217.271271,8.891393,22.410999298095703,52.484779357910156,217.27115467218044,8.891852462139944,23.40914356013548,0.9116263354136419,0.9573609235435865
SB82478_component_621a,213.519814,2.987634,21.464000701904297,51.970947265625,213.51962713000117,2.9873465660523775,23.586120832928444,0.8665533799079211,0.9100267421651861
SB82478_component_627a,212.150679,3.602145,21.643999099731445,83.24615478515625,212.15091267375004,3.601405359548049,22.64874141739565,0.9099857668612477,0.9556380507354594
SB82478_component_630a,214.759197,3.920137,21.51300048828125,70.07492065429688,214.75881931885064,3.919979478850526,17.604753258692114,1.1636227681064135,1.2219995459271484
SB82478_component_633a,210.82752,7.076926,22.06999969482422,61.3055534362793,210.82752000575044,7.075735113289735,23.517440553640863,0.8936211480002713,0.9384524495548238
SB82478_component_635a,212.889206,6.276005,22.240999221801758,58.994693756103516,212.88865551473194,6.275384346525167,23.344173480297858,0.9072290720770888,0.9527430577301371
SB82478_component_636a,213.202741,8.097639,20.950000762939453,43.828453063964844,213.2029885674704,8.096798582121078,24.52890322766297,0.8132930837471698,0.8540944765648006
SB82478_component_637a,216.507603,5.379985,20.500999450683594,69.73129272460938,216.50761477105937,5.379529137906027,22.438002023797537,0.8700255704554956,0.9136731260181019
SB82478_component_640a,212.687164,10.059989,20.645000457763672,21.00203514099121,212.68779317651092,10.058997218928681,25.42708977775384,0.7731422487712917,0.8119293492968268
SB82478_component_641a,216.264602,3.519652,18.850000381469727,47.964378356933594,216.26428361993618,3.519747186273965,18.245158329345017,0.9837956380136005,1.0331508250685826
SB82478_component_648a,217.363412,7.172776,20.888999938964844,37.70577621459961,217.36326473143322,7.171739561886287,19.547928713113418,1.0175554104527533,1.0686042621462901
SB82478_component_649a,211.358188,5.98443,21.593000411987305,70.79672241210938,211.3581332514526,5.984308277964816,21.314847854605674,0.9646547826463557,1.013049708788868
SB82478_component_653a,210.965388,4.764797,21.888999938964844,57.90740966796875,210.9650297056207,4.764198706590113,20.97269906674597,0.9938315062426185,1.0436901740354319
SB82478_component_655a,216.644771,5.395606,21.871999740600586,73.89189147949219,216.64468449877327,5.395096823535687,20.14977576048345,1.0336165165323083,1.0854711238769545
SB82478_component_657a,216.829889,2.598269,19.433000564575195,17.475719451904297,216.82944235513338,2.598146341303067,19.14147277488488,0.9667310751953316,1.0152301650515014
SB82478_component_663a,218.155994,8.360567,20.16699981689453,19.522748947143555,218.15567056054428,8.361573553824961,31.977054540237262,0.6005428524830126,0.6306709641289212
SB82478_component_671a,216.260635,2.761875,20.709999084472656,24.025522232055664,216.26044420799033,2.7621492751942394,19.700411046783227,1.0010273829847398,1.0512470544544439
SB82478_component_673a,215.262798,5.305286,19.790000915527344,37.69524002075195,215.26281619298604,5.304751548133946,18.17633145040328,1.0367660002706258,1.0887786113235882
SB82478_component_676a,214.731585,8.094973,20.538000106811523,36.87253189086914,214.73144777747999,8.094945185215563,20.484156005692228,0.9547314804516435,1.0026285730837206
SB82478_component_677a,213.471458,4.247086,19.45599937438965,79.08942413330078,213.47094049862255,4.2465270909959845,17.49306204848932,1.0590802586079535,1.1122123342648205
SB82478_component_681a,211.412316,4.625952,20.360000610351562,61.3253059387207,211.41218036698493,4.625448263521043,19.75353155005766,0.98146361071357,1.0307018043207639
SB82478_component_693a,214.879271,4.08079,19.340999603271484,52.414634704589844,214.8791642451604,4.080569189260587,16.343372896410695,1.1268818705804975,1.1834154262930097
SB82478_component_696a,215.640824,7.783116,19.825000762939453,39.650001525878906,215.64060234639308,7.782435146168734,18.620591305057527,1.013820130606834,1.0646815902970168
SB82478_component_697a,214.800558,8.271151,20.677000045776367,32.82063674926758,214.80032095322207,8.270763032760664,17.68562664408912,1.1132898305337873,1.1691414990198847
SB82478_component_705a,216.037431,9.269628,19.78499984741211,54.50413131713867,216.03727494015567,9.269152862875682,18.62539575590178,1.011513556267753,1.0622592994375912
SB82478_component_707a,214.482708,3.722385,18.732999801635742,64.15410614013672,214.48272022722563,3.7224258658141425,16.83882275880308,1.0593434084253694,1.1124886858163772
SB82478_component_716a,214.653382,8.434717,19.386999130249023,27.46034049987793,214.65311992588587,8.433955774531825,18.97814639475094,0.9727426639402674,1.0215433439596169
SB82478_component_717a,217.494262,3.5115,18.315000534057617,24.19418716430664,217.4945129748326,3.5115058854872947,17.739476473937245,0.9831217462536668,1.0324431254195088
SB82478_component_718a,210.729292,5.003317,19.114999771118164,44.1454963684082,210.72899549469673,5.0028305718616,20.083032947810622,0.9063295963380802,0.9517984569756935
SB82478_component_721a,210.101881,7.736606,18.551000595092773,20.77379608154297,210.1015828134968,7.736844694034146,21.732429847936256,0.8128309255469499,0.8536091327521025
SB82478_component_725a,217.883434,3.530679,19.055999755859375,15.748759269714355,217.8837229115705,3.5304656436907313,19.70159589159888,0.9210251671957913,0.9672312771365491
SB82478_component_727a,214.765846,5.497894,19.13599967956543,33.571929931640625,214.7658468751989,5.497360975312013,19.44720650304956,0.936990300012571,0.9839973508053544
SB82478_component_728a,212.414933,4.144629,18.933000564575195,71.17669677734375,212.41513889951676,4.143997269049404,17.602368886225275,1.0242111407767873,1.0755938980117163
SB82478_component_730a,213.714923,8.767579,19.64699935913086,39.451805114746094,213.71515352352114,8.76759862841309,19.294334545689832,0.9696334568410676,1.0182781537557515
SB82478_component_733a,211.735701,7.203314,18.808000564575195,65.30555725097656,211.73554604019097,7.202179785223902,18.547997488793165,0.9655766757768688,1.014017851573418
SB82478_component_735a,217.181501,7.604032,19.045000076293945,56.51335144042969,217.18094155728238,7.603123658087077,18.61352201819198,0.9743019845585845,1.0231808927767814
SB82478_component_739a,213.370746,5.912896,19.218000411987305,39.22040939331055,213.3709704279599,5.912265068366305,20.081152113164094,0.9112986737626625,0.9570168237204401
SB82478_component_746a,210.69384,5.182377,18.336999893188477,42.64418411254883,210.69361908754553,5.181919729423029,17.917197228249314,0.9745393368457091,1.0234301525842042
SB82478_component_747a,211.320181,5.600096,18.132999420166016,55.115501403808594,211.320108525481,5.599777299090348,20.7623570657411,0.8316376792037441,0.8733593860634613
SB82478_component_759a,213.746467,5.604208,19.150999069213867,41.273704528808594,213.7465108210286,5.60385296025489,17.35598122923333,1.0507113634672212,1.103423587308168
SB82478_component_760a,213.860336,5.63486,19.183000564575195,34.501800537109375,213.8603024973424,5.634467527092904,21.505301827421604,0.8493998170078558,0.8920126170986719
SB82478_component_768a,213.948416,6.275399,18.347999572753906,21.23611068725586,213.94840074114916,6.274579949986055,20.691166998291465,0.8443935382924009,0.8867551827438713
SB82478_component_775a,214.464017,9.108674,17.881999969482422,44.044334411621094,214.46385754838465,9.108226837873241,18.019651722589217,0.9449544243203671,0.992361020333471
SB82478_component_777a,213.415866,9.500772,18.180999755859375,38.35654067993164,213.41534510075863,9.50017201321867,18.20275286411739,0.9510905224503359,0.9988049550295826
SB82478_component_785a,217.563959,7.731071,16.33300018310547,32.47117233276367,217.56376918334507,7.731351554200568,20.93355164057529,0.7429579164365062,0.780230725465973
SB82478_component_787a,213.497272,9.092408,15.994000434875488,27.062604904174805,213.49735863071862,9.092380770467168,17.95593619878983,0.8481842732946329,0.8907360918309251
SB82478_component_790a,212.08351,4.040462,17.54199981689453,68.52342987060547,212.0835984467545,4.039761536368793,16.13060593212924,1.0355464551260025,1.0874978838801121
SB82478_component_799a,214.463429,8.1276,18.163000106811523,12.406420707702637,214.46285539360667,8.127721109875967,17.347249240124878,0.9970068287910533,1.047024796576957
SB82478_component_805a,212.038704,9.145651,17.381999969482422,35.32926559448242,212.0383013425194,9.145040264755233,18.709055200738206,0.8846857953664978,0.9290688269922138
SB82478_component_806a,215.950957,2.674403,16.951000213623047,22.511287689208984,215.95053630139756,2.6746159758476336,15.053418532309983,1.0722630945591936,1.126056528438386
SB82478_component_808a,214.443634,4.343287,16.020000457763672,51.84466552734375,214.4434779578316,4.342804906337334,16.435077212421554,0.9281794336078077,0.9747444597130235
SB82478_component_810a,214.911731,7.847052,17.70599937438965,19.607973098754883,214.91158437876769,7.846979698599007,19.275697610594907,0.8746846511982947,0.9185659441273621
SB82478_component_811a,216.405368,3.828306,15.552000045776367,49.6869010925293,216.4048324897075,3.8280313259053838,15.815584672874198,0.9363585124723953,0.983333867665992
SB82478_component_820a,213.300568,6.408888,16.243999481201172,17.31769561767578,213.30041332788772,6.408285466529252,15.129681512714182,1.0223611709576979,1.0736511186670108
SB82478_component_821a,214.93949,5.626182,15.576000213623047,20.685258865356445,214.93914523107102,5.625859833960441,13.72043824805321,1.0810085445766198,1.1352407213255833
SB82478_component_822a,217.632433,5.588752,15.954000473022461,35.374725341796875,217.63238350421292,5.588333113422306,14.837207104309568,1.0239025098514152,1.0752697836500855
SB82478_component_825a,215.781592,2.323299,13.49899959564209,10.203326225280762,215.78131739392407,2.3230996673807347,15.697305782378372,0.818875036378203,0.8599564653187761
SB82478_component_830a,215.49565,4.882322,15.086000442504883,39.492149353027344,215.49542901910883,4.8818023299186795,15.772742877085404,0.9107686188132891,0.9564601769056783
SB82478_component_831a,211.813389,7.50798,16.31800079345703,53.15309524536133,211.8131033002849,7.507061018161178,17.267684301349718,0.8998580697530384,0.9450022660063078
SB82478_component_834a,215.250348,5.023469,16.347999572753906,38.73933792114258,215.249992643238,5.022976301766357,17.5264843764223,0.8882004184147716,0.9327597721050228
SB82478_component_835a,212.603628,4.533414,16.0939998626709,59.387454986572266,212.60363384250118,4.532969128613065,16.888510361528837,0.9074314235532686,0.9529555608013959
SB82478_component_840a,215.226375,9.389418,14.774999618530273,36.571781158447266,215.2260833361868,9.389144276865228,16.235425606805833,0.8665726260848887,0.9100469538868537
SB82478_component_848a,216.479278,9.586947,16.298999786376953,30.23933219909668,216.47914961708958,9.586773057621858,18.479357246345486,0.8398761687194848,0.8820111851888287
SB82478_component_849a,215.321203,5.034025,15.272000312805176,33.12798309326172,215.32081670491777,5.033390069771307,15.238193346091482,0.9543410618458303,1.0022185679066977
SB82478_component_853a,210.9662,5.290548,16.884000778198242,50.250003814697266,210.96594557223472,5.290082454516616,16.289636635755866,0.9869726825838192,1.0364872560225036
SB82478_component_855a,211.17734,3.83299,15.71399974822998,45.155174255371094,211.17736107562556,3.8321529007208674,16.569790764286918,0.9030481000748325,0.9483523341826721
SB82478_component_861a,213.703489,2.747278,15.61400032043457,28.75506591796875,213.70311097116237,2.747054727334314,12.5988742996019,1.1801130332600998,1.2393170968399887
SB82478_component_866a,217.143566,4.580591,15.390000343322754,36.55582046508789,217.14368097894203,4.5802558803269005,13.517911812928755,1.0841021017761414,1.1384894765035751
SB82478_component_870a,211.927855,5.232788,15.668000221252441,61.68503952026367,211.92774340416335,5.23242752516713,16.02985865065658,0.930732848860098,0.9774259750325799
SB82478_component_871a,211.201993,4.826669,16.094999313354492,46.38328170776367,211.20172731186193,4.826221577393275,13.23533250022585,1.1579699039822604,1.216063088183077
SB82478_component_873a,213.426724,2.822222,15.814000129699707,31.439363479614258,213.4264623128236,2.8222752404904887,13.10300104388998,1.14924369073644,1.2068990971403368
SB82478_component_877a,216.396113,9.573081,14.9350004196167,22.87136459350586,216.3961656820566,9.572973917798102,13.461790809596588,1.0564369127548277,1.1094363766943915
SB82478_component_891a,215.2965,3.620334,14.944999694824219,46.41304397583008,215.29610893535406,3.620605025437803,14.082773213453372,1.010529254569086,1.0612256171637526
SB82478_component_897a,213.97961,3.535786,15.187999725341797,46.02423858642578,213.97937740917445,3.535568665936253,14.911103982074023,0.9699111403374773,1.0185697681137933
SB82478_component_900a,217.881643,5.463034,15.411999702453613,24.659198760986328,217.8817294244762,5.462640021392465,15.03362658962785,0.976194595282463,1.0251684522407132
SB82478_component_902a,215.530127,4.019067,14.664999961853027,38.89920425415039,215.52977874119964,4.0189168970884355,13.396358429260797,1.0424049693610944,1.0947004769461244
SB82478_component_906a,210.130365,8.353331,13.767000198364258,10.763877868652344,210.1304384744769,8.35226197547638,16.38468972002226,0.8000963017126789,0.8402356366590722
SB82478_component_907a,214.425334,9.91055,14.88700008392334,21.086402893066406,214.42506127440097,9.91035163814203,14.803785983513723,0.9575810844748166,1.0056211364107999
SB82478_component_908a,213.874598,3.47752,14.463000297546387,45.91428756713867,213.87428069105877,3.4773211324567934,12.38712686616131,1.1118059025184654,1.1675831251115922
SB82478_component_909a,213.110018,5.48797,14.961000442504883,46.75312805175781,213.1096283470492,5.487193196293942,15.393681783256554,0.9254635041740088,0.9718922771794405
SB82478_component_912a,213.468436,3.072231,13.82699966430664,37.370269775390625,213.46814514393878,3.071994502122695,13.308651004408318,0.9893161106630346,1.0389482495052749
SB82478_component_913a,217.403248,4.223734,14.53499984741211,26.379310607910156,217.40311668671959,4.223507673699838,14.637084935380766,0.9455872428119081,0.9930255861451007
SB82478_component_914a,212.074207,3.479483,14.217000007629395,42.95166015625,212.07434642086534,3.478640704488516,13.75048878449245,0.9845346224041809,1.0339268829238322
SB82478_component_917a,212.963334,7.029113,14.89900016784668,42.93659973144531,212.9629708147239,7.0286468577123,14.934270558842634,0.9499795923865649,0.9976382916824102
SB82478_component_921a,210.835529,6.325502,14.333000183105469,42.785072326660156,210.83520592076945,6.325373909847538,15.123784221626892,0.9024388839383751,0.9477125548121343
SB82478_component_931a,216.696567,3.056272,13.140999794006348,23.97992706298828,216.69651805797676,3.05637204202235,12.161949152010685,1.028883946219374,1.0805011293632814
SB82478_component_934a,216.829059,3.738023,13.392999649047852,33.06913375854492,216.82911434398966,3.7379798654948977,14.4292872334992,0.8838410012471829,0.9281816511320468
SB82478_component_936a,217.091157,7.838601,14.199000358581543,47.01655960083008,217.09073626123524,7.838602963264199,13.203282717809772,1.0240402174114194,1.0754143997408052
SB82478_component_937a,215.713928,7.206301,14.770999908447266,31.561965942382812,215.71368073042092,7.205149861329641,14.195595262920653,0.9908261334125779,1.0405340272717967
SB82478_component_949a,212.294752,6.202137,14.343000411987305,48.292930603027344,212.29431224184492,6.201856652225472,13.323729920472555,1.025074325143347,1.0765003867234348
SB82478_component_956a,217.548434,9.557664,12.901000022888184,15.580917358398438,217.54861582670722,9.557206225042007,17.086385166427092,0.7189759273677778,0.7550456048618909
SB82478_component_959a,218.259731,5.554651,12.659000396728516,13.283315658569336,218.26022611815128,5.5542496841358755,14.881522877351246,0.8100152641617501,0.8506522149016569
SB82478_component_966a,215.894874,7.224555,13.145000457763672,28.82675552368164,215.8946128741752,7.223690058637883,13.57777795822065,0.9218771894574646,0.9681260437614571
SB82478_component_969a,215.583444,7.365668,13.677000045776367,20.29228401184082,215.58309740287834,7.364604041139225,13.422029936482044,0.970317381423394,1.018996389555152
SB82478_component_980a,211.55795,9.210101,13.366999626159668,28.50106430053711,211.55784248607958,9.208760330326498,14.726419470780652,0.8643267115107991,0.90768836597937
SB82478_component_981a,214.414611,4.002953,13.380000114440918,42.34177017211914,214.41498464691975,4.002864202531834,12.184159032302588,1.045687036331626,1.098147199077747
SB82478_component_982a,217.662694,3.710138,13.144000053405762,17.85869598388672,217.66278338281433,3.7095781078345804,12.478998381629202,1.002972417089816,1.0532896672825547
SB82478_component_983a,215.340334,7.168727,13.854000091552734,14.738298416137695,215.3401975442503,7.167570388624317,14.066143240516375,0.9378671324492173,0.9849181722853084
SB82478_component_985a,215.950306,3.983956,12.51200008392334,35.444759368896484,215.95025911394518,3.9837179999571686,9.643910582192685,1.2354202891982045,1.2973990143610967
SB82478_component_986a,215.819568,2.598236,13.260000228881836,16.533666610717773,215.81911979198594,2.5981989200006903,13.097389391195128,0.9640508854953546,1.0124155152473382
SB82478_component_996a,215.593158,6.984076,11.87600040435791,22.198129653930664,215.592885518292,6.9832272656228245,13.942808544392461,0.8110751687778005,0.8517652929498352
SB82478_component_997a,210.390447,4.369856,13.684000015258789,15.585420608520508,210.39008723842207,4.368861728471609,14.244200497981112,0.9147789315019063,0.9606716794809423
SB82478_component_999a,217.192823,3.927722,14.076000213623047,32.06378173828125,217.19279046418688,3.9274568505707452,12.715321450748704,1.0541273624848961,1.1070109606072305
SB82478_component_1000a,214.95708,9.929058,13.543999671936035,18.03462028503418,214.95675982580917,9.929245243386923,13.685966999209368,0.9423508180680888,0.989626796025335
SB82478_component_1007a,210.951895,4.94235,13.289999961853027,31.947114944458008,210.95153736778374,4.9418739656204425,12.910777803755439,0.9801978341424741,1.0293725261066209
SB82478_component_1012a,216.151019,2.74493,13.413000106811523,17.648685455322266,216.15092400970582,2.744996276517285,12.353974225195078,1.0338568341151877,1.085723497743474
SB82478_component_1013a,211.986583,5.385273,13.052000045776367,54.840335845947266,211.98636014668605,5.385064335230612,12.851521656682916,0.9670828462519622,1.0155995838040859
SB82478_component_1017a,212.729342,6.317145,13.395999908447266,41.60248565673828,212.72875686018733,6.316568450934956,13.496814317315023,0.9451158109078265,0.9925305033841636
SB82478_component_1022a,213.154001,5.107971,12.74899959564209,43.51194381713867,213.15360653850763,5.107333088263612,12.566159450391481,0.9660835940195434,1.0145502009561809
SB82478_component_1023a,210.85369,7.214811,12.859000205993652,38.04438018798828,210.8536775661298,7.213553983800901,15.379377427469874,0.7961769750701059,0.836119684729601
SB82478_component_1032a,214.928043,4.85721,12.614999771118164,30.035715103149414,214.92790135094143,4.856823985201049,11.848828657202558,1.0138016493770008,1.0646621818984505
SB82478_component_1033a,216.909934,6.914883,11.968000411987305,32.17204284667969,216.90983657086971,6.914454132520036,12.363490785190118,0.9217680522963504,0.9680114313931013
SB82478_component_1035a,214.78855,4.747675,12.234999656677246,38.9649658203125,214.78853329757322,4.747270216497735,10.663508421521971,1.0925592820477328,1.1473709376909724
SB82478_component_1036a,211.789356,7.656738,12.836000442504883,44.88111877441406,211.78892692079796,7.656127362740062,12.417022476705549,0.9843587858366422,1.0337422249645871
SB82478_component_1037a,215.283307,7.643798,12.99899959564209,22.528594970703125,215.28260227573247,7.642936777898332,13.733364578598186,0.9013099108810176,0.9465269432881351
SB82478_component_1050a,212.178868,2.739255,12.583999633789062,19.44976806640625,212.17901696464537,2.7389742268930415,10.934333504279138,1.0958914704377591,1.150870295739958
SB82478_component_1053a,213.882573,3.655164,11.812999725341797,47.06374740600586,213.8820899031629,3.6549214070260994,10.682133325310545,1.0530363561382554,1.1058652205128114
SB82478_component_1070a,216.332838,5.817272,11.619000434875488,41.20212936401367,216.33271857672972,5.816584244418039,11.248042284047376,0.9836327801867151,1.0329797969691337
SB82478_component_1072a,211.573026,2.744302,12.097999572753906,17.457429885864258,211.57349949698397,2.7436409906839354,12.238970814734126,0.9412604946992358,0.9884817731724216
SB82478_component_1078a,216.730546,7.138588,12.16100025177002,36.96352767944336,216.73028596860104,7.137905566470516,12.631294861121265,0.9167746372575645,0.9627675060615679
SB82478_component_1081a,216.821671,9.70849,10.881999969482422,14.626343727111816,216.8217456490336,9.708268731141361,15.357249398410513,0.674739987807787,0.7085904309536523
SB82478_component_1083a,215.142273,2.800901,11.687999725341797,17.575939178466797,215.14195998770347,2.8010485858344882,9.253037610780463,1.202810002621538,1.2631527307015833
SB82478_component_1084a,213.38358,5.376561,11.819999694824219,39.26910400390625,213.38310908755284,5.375835212340679,12.505458163879617,0.9000342230935644,0.9451872566304483
SB82478_component_1086a,213.328921,3.112579,11.756999969482422,31.52010726928711,213.32892208873733,3.112409554017768,9.698340711874526,1.1543572785242764,1.2122692240629678
SB82478_component_1088a,217.293283,4.68751,11.151000022888184,20.16455841064453,217.29321402261,4.6868151610420545,10.854412162441045,0.9782473361482319,1.0273241752762443
SB82478_component_1096a,212.527855,6.021203,11.805999755859375,37.83974075317383,212.52748004772482,6.021015248354769,10.734108510595648,1.047316521095592,1.0998584320445113
SB82478_component_1097a,212.290937,7.207466,11.805999755859375,39.35333251953125,212.2905231747449,7.206792418919576,9.86701999054062,1.1393520225110707,1.1965111824216055
SB82478_component_1098a,210.692715,3.201393,11.477999687194824,12.516902923583984,210.69174196816118,3.2002418557327674,9.35513598262038,1.1683077826357955,1.2269195988725572
SB82478_component_1103a,215.187261,2.71052,10.284000396728516,17.9163761138916,215.1870308533451,2.710624380308225,9.810227442776938,0.9982151897879713,1.0482937787849564
SB82478_component_1105a,216.130804,5.548871,10.901000022888184,34.279876708984375,216.130953920094,5.548480941852189,11.002458810231873,0.9434475368481889,0.9907785351353157
SB82478_component_1114a,213.652661,4.019121,11.218000411987305,46.741668701171875,213.65243704847455,4.018686303105823,10.024456575614906,1.0656038440931956,1.119063195832058
SB82478_component_1115a,216.007745,3.137719,10.96399974822998,21.540273666381836,216.00748977077012,3.138067482487526,9.119200088411704,1.1448627834857705,1.202298407967007
SB82478_component_1119a,213.097429,4.047121,11.21500015258789,46.72916793823242,213.09724273152585,4.046670085201553,9.09024779572989,1.1748021362514087,1.2337397620619424
SB82478_component_1121a,211.270129,3.718418,11.097000122070312,31.979827880859375,211.27026087880736,3.7176327781398446,12.06944546444376,0.8755066312788169,0.9194291614110819
SB82478_component_1123a,211.587175,4.328718,11.619999885559082,39.79452133178711,211.587199954975,4.328093791991826,10.856846353820124,1.0191628810354767,1.0702923765215147
SB82478_component_1124a,215.529951,6.651398,11.151000022888184,17.23493003845215,215.52957500692008,6.6505623727725744,9.287007672940586,1.1433499526765012,1.200709681265655
SB82478_component_1125a,215.510876,9.373051,11.3149995803833,33.27941131591797,215.51070391195287,9.372698340660389,12.360846469837288,0.8716607603476577,0.9153903503286734
SB82478_component_1127a,211.643331,5.946815,11.40999984741211,39.895103454589844,211.6432197248196,5.946707832431671,11.066667413490812,0.9817704270126948,1.0310240130197423
SB82478_component_1129a,211.835078,7.265636,11.616999626159668,37.96405029296875,211.8349044233973,7.264602848835002,10.527920734278862,1.0507333932006595,1.103446722232128
SB82478_component_1130a,215.805419,2.857065,10.25,16.116352081298828,215.80501361804485,2.8570780984491226,9.44540033437402,1.0333433795385096,1.0851842841110562
SB82478_component_1131a,217.375356,7.920883,11.045999526977539,31.291784286499023,217.37535218034216,7.921618931536879,10.710740915238853,0.9820343339605652,1.0313011596855726
SB82478_component_1136a,210.830245,7.905718,10.64900016784668,24.424312591552734,210.83028749242874,7.905548681412716,11.847224379787333,0.8559204164807029,0.8988603428508575
SB82478_component_1139a,217.100437,6.400949,10.84000015258789,39.56204605102539,217.10039432801037,6.400665241435625,12.60394954243393,0.8189620892532412,0.8600478854737301
SB82478_component_1144a,211.403928,3.268567,10.9350004196167,26.670732498168945,211.4042414324679,3.2678117248439547,10.762420813826976,0.9674978324995316,1.0160353891355003
SB82478_component_1146a,214.927818,8.989984,10.765999794006348,25.51184844970703,214.92746574226928,8.9893285726501,8.90063163691353,1.151793717510036,1.2095770539875605
SB82478_component_1153a,212.204593,5.859006,10.829000473022461,41.650001525878906,212.20422713692545,5.858863816807191,11.069918018929474,0.9315048787485877,0.9782367362165604
SB82478_component_1154a,211.962333,5.450041,11.128999710083008,48.38695526123047,211.96210695471052,5.44982465332092,10.07213960972934,1.0521449135535772,1.1049290559210256
SB82478_component_1157a,216.71546,3.569059,10.480999946594238,22.834423065185547,216.7146457993627,3.568917895285978,8.52140349140448,1.1712045604127388,1.229961702572399
SB82478_component_1158a,212.424787,4.315425,10.5649995803833,45.53879165649414,212.42508210462697,4.3147121332083245,9.524750050150303,1.0562265068102508,1.1092154150771214
SB82478_component_1159a,210.676794,3.962488,10.468000411987305,17.302478790283203,210.67691324210426,3.9616643075730718,11.382569906884529,0.8757185929658671,0.9196517568195154
SB82478_component_1161a,212.42592,3.812303,10.932000160217285,42.37209701538086,212.42655748100472,3.8116394587948976,11.79958145167156,0.8822145022701927,0.9264735537436057
SB82478_component_1169a,213.928681,4.745971,10.711000442504883,38.528778076171875,213.92875686529024,4.745452006507525,10.81227309456504,0.9433094746383139,0.9906335466026045
SB82478_component_1172a,212.289677,2.90305,10.50100040435791,20.35077667236328,212.28991859159632,2.902846171971807,9.099516034115451,1.098888292324842,1.1540174625758208
SB82478_component_1173a,211.550616,4.569467,10.604000091552734,29.455554962158203,211.550383402303,4.569047564563491,9.754667990791784,1.03513834408785,1.0870692986745119
SB82478_component_1182a,212.432628,7.656978,10.446000099182129,31.944955825805664,212.4322746084207,7.6561624629844784,10.856803082907447,0.9161977704530733,0.9621616989284745
SB82478_component_1187a,216.29333,4.462044,10.383999824523926,29.75358009338379,216.29314377244356,4.46191266470365,7.071931772384102,1.3981950999906498,1.4683399329548754
SB82478_component_1189a,211.579029,7.963332,10.076000213623047,31.586206436157227,211.5783498327897,7.963262967741748,3.2228078311242294,2.977110288162082,3.126466342893359
SB82478_component_1191a,214.295155,2.559447,10.463000297546387,15.805136680603027,214.29430594598077,2.559033684713902,9.479288601988626,1.0510458400577636,1.1037748439636483
SB82478_component_1192a,213.038579,5.478844,10.880999565124512,34.00312423706055,213.0378859497528,5.478248329536,9.421241404730715,1.099769893713002,1.1549432922566663
SB82478_component_1193a,214.103638,9.926501,9.706999778747559,14.007214546203613,214.10377629127467,9.926059485405858,9.835152336055904,0.9398208906564841,0.9869699468874992
SB82478_component_1194a,218.048278,8.195468,10.269000053405762,11.486577033996582,218.0480680109863,8.196191284493608,9.898425529768751,0.9878777453192527,1.0374377240625325
SB82478_component_1197a,216.882166,7.948919,10.687000274658203,39.4354248046875,216.88159290621675,7.9492055401424135,13.644613660658596,0.7458229497925735,0.7832394921867186
SB82478_component_1198a,213.709977,7.988223,10.732000350952148,17.3376407623291,213.7100718521602,7.987826571477533,11.075942253309137,0.9226588699748939,0.9689469397283803
SB82478_component_1203a,217.22512,3.565501,8.967000007629395,14.846027374267578,217.2253797611625,3.565684298091071,9.02445305218928,0.9461662355421822,0.993633625857697
SB82478_component_1206a,211.211277,5.219212,9.932999610900879,27.515233993530273,211.21090890937336,5.218912146537498,10.338400288636599,0.9148886520556595,0.9607869045096548
SB82478_component_1211a,210.551616,3.776434,9.958999633789062,10.35239028930664,210.55117983649234,3.775744440644061,7.857992901053674,1.2068276449373811,1.267371930617762
SB82478_component_1213a,213.280177,3.285433,9.32699966430664,25.345108032226562,213.2799860912211,3.285221017684083,8.247798234843241,1.0768249227975486,1.1308472150669566
SB82478_component_1221a,216.331585,6.326183,10.359000205993652,37.9450569152832,216.33140340113184,6.325893399459548,10.767365175912813,0.9161140949292768,0.962073825560157
SB82478_component_1222a,214.812732,5.439919,10.680999755859375,20.90215301513672,214.81215443293226,5.439397874499504,10.151888730007737,1.0018581186990458,1.0521194666257176
SB82478_component_1233a,212.646794,4.156754,10.005000114440918,37.19330978393555,212.6467512413033,4.15593871897454,6.763275262983649,1.4086438395533727,1.479312866238002
SB82478_component_1234a,217.52286,5.240411,9.78499984741211,21.364627838134766,217.52258812514614,5.239388382134949,9.031071132745495,1.0317220823476922,1.0834816494726707
SB82478_component_1235a,214.041732,4.9141,10.706000328063965,35.10163879394531,214.04195817863547,4.913670698255279,8.457789712409122,1.205345456408951,1.265815383463165
SB82478_component_1255a,216.334841,5.055212,9.496999740600586,26.38055419921875,216.33508886913089,5.054982225491014,10.305257073752312,0.877543718388091,0.921568445370434
SB82478_component_1256a,212.049832,3.696456,9.83899974822998,36.712684631347656,212.04989131607792,3.6958476347644087,8.854985764345214,1.0580452648512504,1.1111254168072093
SB82478_component_1259a,216.359392,9.601735,9.418999671936035,16.789661407470703,216.3594435648855,9.601587154739196,10.304721636282842,0.8703815630665666,0.9140469781126171
SB82478_component_1260a,211.495748,8.585746,9.895999908447266,31.616613388061523,211.49525773065596,8.585452127643965,10.29241565949487,0.9155530874255371,0.9614846733592706
SB82478_component_1263a,213.590732,5.732209,9.982000350952148,26.199474334716797,213.5908402926926,5.731731328349224,8.84186119752167,1.075016310738017,1.1289478683232501
SB82478_component_1268a,214.585636,8.045527,10.097999572753906,11.46197509765625,214.58544287760816,8.04590930122011,9.253640188670026,1.0391156962047503,1.0912461871078256
SB82478_component_1276a,213.958308,8.616471,9.927000045776367,22.97916603088379,213.95857055534202,8.616269742473294,9.943736998302503,0.9506257204235454,0.9983168347544799
SB82478_component_1277a,215.224289,4.819796,10.10099983215332,27.980607986450195,215.22384491855956,4.819156608175267,7.94493597964527,1.2106403027239978,1.2713758623142883
SB82478_component_1279a,215.883605,4.791774,9.244000434875488,26.18697166442871,215.88362696000942,4.791568514567184,9.241705577803877,0.9524649312226766,1.0002483153193198
SB82478_component_1281a,216.992501,9.220644,9.993000030517578,23.792858123779297,216.99259713732744,9.220256712906085,12.099977725942912,0.7864162586307795,0.8258692914030845
SB82478_component_1282a,212.074116,4.895802,9.973999977111816,35.621429443359375,212.07409341269383,4.895430556501281,9.61773950353722,0.9875009421201854,1.0370420173517458
SB82478_component_1283a,216.164596,8.027068,9.081999778747559,29.108972549438477,216.16407525192304,8.026725853309818,8.699733323354286,0.9940694165944679,1.043940019904643
SB82478_component_1296a,212.006147,5.839793,9.824000358581543,37.63984680175781,212.00601334262063,5.839713552218568,10.353022618374549,0.9035711846806507,0.9489016609647798
SB82478_component_1299a,211.456313,8.496601,9.704999923706055,31.612377166748047,211.45554236975266,8.496466588984624,10.10241119795339,0.914769467230104,0.9606617404043258
SB82478_component_1313a,212.333065,4.937495,9.776000022888184,35.16546630859375,212.33308009276385,4.937084423842917,8.660810903007553,1.0748399578222236,1.1287626681115241
SB82478_component_1314a,217.754405,6.364895,8.951000213623047,19.759382247924805,217.7543836022997,6.364636920496557,9.75269837542104,0.8739527241197259,0.9177972976362675
SB82478_component_1316a,215.667453,9.965681,9.496999740600586,15.003158569335938,215.6672224836017,9.965525059951009,8.665618590963025,1.0435854655404102,1.095940196410741
SB82478_component_1322a,216.866086,8.054174,8.562000274658203,32.431819915771484,216.865720314525,8.054584602466933,7.735802608123984,1.053928196696009,1.1068018030432374
SB82478_component_1336a,210.611458,4.369081,8.529999732971191,14.809027671813965,210.61057081281916,4.368389637903392,9.791792982119384,0.8295220988120594,0.871137670960535
SB82478_component_1338a,213.775294,9.522132,9.13700008392334,20.86073112487793,213.775151266393,9.521758150398,7.186725067806038,1.2106365005046906,1.2713718693447502
SB82478_component_1340a,216.15874,8.697707,9.418999671936035,29.712932586669922,216.1584022282454,8.698128510056806,8.16924507682696,1.0979031281844487,1.152982874593168
SB82478_component_1341a,211.403524,4.851576,8.291000366210938,25.510770797729492,211.4034121129626,4.85103215383159,7.95594312501499,0.9923307065270467,1.0421140820052452
SB82478_component_1353a,212.055955,6.991894,8.961999893188477,32.12186050415039,212.05570937047412,6.991087002111396,8.891848864743222,0.9597409549648375,1.007889363563455
SB82478_component_1354a,211.363462,5.867897,9.038000106811523,33.97744369506836,211.3634697707641,5.867780957174216,9.405655404551782,0.9150070588866999,0.9609112515899386
SB82478_component_1356a,215.137598,10.114419,9.255000114440918,10.44582462310791,215.13746758538025,10.11437791954477,10.139624322121433,0.8691519918002023,0.9127557215556255
SB82478_component_1357a,215.812913,6.708876,8.949000358581543,20.667436599731445,215.8124506075239,6.708437289572685,8.661845794236715,0.9837964327954375,1.0331516597231378
SB82478_component_1367a,217.157858,7.760271,9.211999893188477,29.0599365234375,217.1574275117811,7.76003550510018,9.64744263663355,0.909249110963215,0.9548644381888733
SB82478_component_1372a,216.533405,3.528918,8.835000038146973,23.373016357421875,216.53336843031843,3.5291088023906494,7.482428397537742,1.1243593917863786,1.180766399455867
SB82478_component_1375a,217.04183,4.823633,8.918999671936035,23.53297996520996,217.04142836729753,4.823112305687725,7.804146190639498,1.0882581230715997,1.1428539976139507
SB82478_component_1378a,216.015592,9.888242,9.39799976348877,13.444920539855957,216.01563871963145,9.887960492212645,9.417217662302637,0.9502852471714349,0.9979592805961365
SB82478_component_1379a,213.449913,5.407407,9.439000129699707,31.781147003173828,213.44955156202167,5.406836139056585,9.328513841478111,0.9635066081213256,1.0118439324954778
SB82478_component_1383a,211.138053,8.963606,8.595000267028809,15.105448722839355,211.13757794198625,8.96289177459848,9.294131255177778,0.8805991437592355,0.9247771557175415
SB82478_component_1388a,216.943114,6.043366,8.555999755859375,27.779220581054688,216.94285487622813,6.043010359227584,8.06833578210766,1.0097827913854216,1.0604417053183581
SB82478_component_1390a,212.763445,4.889095,8.913000106811523,38.25321960449219,212.76338191641884,4.8887542679914935,7.906831147654763,1.073402526288942,1.1272531233268084
SB82478_component_1393a,212.935701,4.423041,8.376999855041504,33.37450408935547,212.93552485389506,4.4226496173631435,7.655670743053918,1.0419489150518446,1.0942215432451894
SB82478_component_1395a,215.400711,3.194164,7.784999847412109,19.269800186157227,215.4001111059314,3.194523060740888,6.426022477036028,1.1536060735532203,1.2114803325435772
SB82478_component_1398a,214.10932,9.319259,8.307000160217285,17.826181411743164,214.1093176158389,9.319022289864265,8.505980954216135,0.9299529547987243,0.9766069551448712
SB82478_component_1402a,211.588599,3.643806,8.947999954223633,29.05194854736328,211.5888431762758,3.6430156094274015,7.1748313422909975,1.1875596754521238,1.24713732314249
SB82478_component_1409a,213.961783,5.05119,8.869999885559082,28.52090072631836,213.96168546987974,5.050720900670967,8.023049965592532,1.0527500800574885,1.1055645824965268
SB82478_component_1420a,215.427463,4.412754,9.020999908447266,23.80211067199707,215.42716743545986,4.412184842809415,7.513213893067961,1.143326030359263,1.2006845588105055
SB82478_component_1422a,216.23247,3.104054,7.744999885559082,16.58458137512207,216.23243722945148,3.1044613098877045,7.319316613040561,1.007609022179879,1.0581588821776198
SB82478_component_1426a,211.568617,5.167073,8.89799976348877,33.57735824584961,211.5682756925963,5.166618390982673,8.323792357141224,1.017916883458449,1.0689838695765779
SB82478_component_1431a,215.785186,9.845329,8.307000160217285,14.497382164001465,215.78496037306314,9.84529667473214,9.55832595153395,0.8275677312056426,0.8690852563867788
SB82478_component_1439a,213.76846,5.419201,8.295000076293945,20.481481552124023,213.76859983817772,5.4186612443392175,7.878238738809537,1.0026016679680725,1.0529003183708272
SB82478_component_1442a,215.266968,4.976183,8.359000205993652,21.711688995361328,215.26668505968837,4.975589305426019,6.988281823942815,1.139003584404021,1.1961452638264485
SB82478_component_1443a,216.574767,9.173459,7.389999866485596,17.595237731933594,216.57460920005568,9.173100825649774,6.373992452382182,1.1040126545648075,1.1593989044846917
SB82478_component_1449a,213.276671,4.946564,8.697999954223633,33.32566833496094,213.27621538579461,4.946065889379933,5.7234466518342995,1.4471146084753628,1.5197136416805812
SB82478_component_1463a,214.167622,4.171769,7.560999870300293,31.635984420776367,214.16777850983405,4.171443734479565,6.288752199272689,1.1448693115600304,1.2023052635425424
SB82478_component_1467a,216.828236,6.002452,8.630000114440918,28.481847763061523,216.82796088587,6.002130175688842,8.35192986683765,0.9839320980612043,1.033294131061538
SB82478_component_1468a,214.847581,4.164596,8.625,24.295774459838867,214.84747140417306,4.164344714059676,8.269385101262724,0.9931779116343336,1.043003789808141
SB82478_component_1469a,216.059282,4.504877,7.953000068664551,18.581775665283203,216.05908121165155,4.504697317531158,6.999866050551705,1.0818882959537974,1.1361646081838557
SB82478_component_1470a,214.044942,8.043965,8.128999710083008,11.449295997619629,214.04494726891738,8.044175776497358,8.877156533907456,0.8719757271936902,0.9157211184722533
SB82478_component_1471a,212.009533,3.703983,8.553000450134277,35.197532653808594,212.00983272681827,3.7031913139726096,8.740684059269206,0.9317818317581327,0.9785275834405779
SB82478_component_1476a,213.032734,8.906631,8.050999641418457,13.351574897766113,213.032706168254,8.90699117521281,7.97086027561588,0.9618022236353608,1.0100540422277549
SB82478_component_1477a,214.478934,8.686822,8.272000312805176,17.904762268066406,214.47898449632774,8.685947808790948,7.989432953780627,0.9859065488077619,1.035367636309012
SB82478_component_1480a,211.778667,3.680968,8.723999977111816,28.983388900756836,211.77861487458162,3.6802786114188866,7.718555552137201,1.0762688908327283,1.1302632880184709
SB82478_component_1488a,211.340294,5.128941,8.032999992370605,27.51027488708496,211.34009756408315,5.128393118478479,11.399386508443305,0.6710230724509275,0.7046870449055059
SB82478_component_1492a,214.004836,4.697995,8.605999946594238,31.874073028564453,214.0048350491302,4.697404067956173,6.839512011728041,1.1981670942865175,1.258276896339551
SB82478_component_1495a,210.614549,5.036082,8.217000007629395,15.330223083496094,210.6143111334886,5.03576799660614,8.664040190992516,0.9030961584900881,0.9484028035987319
SB82478_component_1502a,211.350079,3.951035,7.938000202178955,22.111421585083008,211.35010177423257,3.9501186160402977,8.778151202840716,0.8610913253410085,0.9042906665369493
SB82478_component_1508a,215.16613,8.609835,8.298999786376953,21.782150268554688,215.16577835206027,8.60926824925756,8.876636127312478,0.8902633638109627,0.9349262116131809
SB82478_component_1511a,212.987842,2.99729,7.150000095367432,13.216265678405762,212.98723987787432,2.996833852803726,6.010904239719024,1.1326804485914739,1.1895049081170612
SB82478_component_1516a,217.360304,4.152148,7.839000225067139,16.162885665893555,217.36057879174845,4.1518208173609565,8.469389444241468,0.881352700201531,0.9255685166770852
SB82478_component_1517a,210.931639,8.314274,8.14799976348877,18.351350784301758,210.93130864891907,8.314434642387624,10.504313992455977,0.7386258085564319,0.7756812838363863
SB82478_component_1518a,212.027962,6.423677,8.22700023651123,26.368589401245117,212.0275073925118,6.4231211454740125,6.867503728290264,1.1407323863470642,1.1979607965294004
SB82478_component_1521a,216.832384,4.620703,7.989999771118164,18.410139083862305,216.83237417119636,4.620365635497104,7.337047824853147,1.0369709323591074,1.088993824471641
SB82478_component_1523a,210.882824,6.971049,7.625999927520752,23.109088897705078,210.8828385121197,6.969972619871548,7.834562915847476,0.9268793147146684,0.9733791162867745
SB82478_component_1530a,212.575979,9.471121,7.926000118255615,16.17551040649414,212.57600104971223,9.470250407323007,7.8262894648789345,0.964360322412479,1.01274047603582
SB82478_component_1534a,215.514309,3.372835,7.920000076293945,25.222929000854492,215.51378292586267,3.373087602899622,6.715720212159781,1.122984487525533,1.179322518819894
SB82478_component_1535a,216.935869,4.703466,7.718999862670898,25.64451789855957,216.93563575837177,4.703047539289333,7.436446014912834,0.9884091780563024,1.0379958177860014
SB82478_component_1536a,210.502707,7.16693,7.418000221252441,16.447893142700195,210.50306656005205,7.165560658150327,8.648742009852018,0.816723525189644,0.8576970168381014
SB82478_component_1538a,217.019332,4.530619,7.741000175476074,19.160890579223633,217.01929368003866,4.530300593459911,7.88919736321606,0.9343410334761669,0.9812151755220416
SB82478_component_1539a,215.873456,9.675864,7.269999980926514,16.598173141479492,215.87319016267094,9.67588453654302,7.507123533157549,0.9221509395085419,0.9684135273405712
SB82478_component_1544a,211.384881,3.927066,8.336000442504883,24.30320930480957,211.38499301515554,3.926320324667333,8.048159908649858,0.9862847044051463,1.03576476326541
SB82478_component_1547a,216.522279,5.907972,8.170000076293945,31.064638137817383,216.521979792265,5.907285804442528,7.755555913791619,1.0031140032861547,1.053438356593539
SB82478_component_1551a,215.702369,7.634282,7.389999866485596,13.534798622131348,215.7020575668955,7.633472593589189,6.23837107927712,1.12801374559237,1.1846040853571542
SB82478_component_1552a,213.404426,4.569626,7.198999881744385,27.688461303710938,213.40383815955718,4.5690439638127165,6.482696274584311,1.0574446823276251,1.110494704181711
SB82478_component_1554a,215.186213,2.913783,7.677000045776367,16.909692764282227,215.18593112899424,2.9140857267101485,4.9249887126637075,1.4843197615321517,1.558785307677227
SB82478_component_1561a,211.991926,9.554976,7.293000221252441,11.272025108337402,211.99238417549603,9.553109962675784,8.981237536443615,0.7732344762928988,0.8120262037006895
SB82478_component_1565a,211.295977,6.634293,8.029000282287598,29.958955764770508,211.29591695463483,6.633669591299928,7.778687047708622,0.9828705891127739,1.032179368194625
SB82478_component_1566a,215.95191,3.210076,7.413000106811523,16.045454025268555,215.95193375627812,3.2107088655744875,8.263225793517261,0.854251110615248,0.8971072910324241
SB82478_component_1569a,214.270529,2.617546,7.427999973297119,12.318408012390137,214.2696601786006,2.617169282293821,5.946703169352181,1.1894242759363352,1.2490954671454213
SB82478_component_1573a,217.631234,6.737603,7.734000205993652,16.960527420043945,217.63102161618824,6.737205106845602,6.617867869791505,1.1128259723910658,1.1686543699817493
SB82478_component_1575a,217.887318,8.054067,7.238999843597412,11.171296119689941,217.88706614131982,8.05502462581951,6.114305277267326,1.1273859404992925,1.1839447844568118
SB82478_component_1578a,211.329926,3.759706,6.4730000495910645,18.600574493408203,211.33009127441935,3.7588253400940967,7.239918786486888,0.8513596863529012,0.8940708094229929
SB82478_component_1585a,213.53631,3.110954,6.724999904632568,18.47527503967285,213.53605334512827,3.110777729752259,6.168150050612173,1.0381940084527297,1.090278260005223
SB82478_component_1590a,214.12751,4.038373,7.61899995803833,31.483470916748047,214.12765844971693,4.03826970308854,5.998585608535037,1.2094565635469943,1.2701327371568558
SB82478_component_1593a,213.990377,2.995464,5.979000091552734,13.58863639831543,213.9896226520948,2.995244589695746,4.741944496299571,1.2006412482056152,1.2608751739330801
SB82478_component_1595a,215.136612,4.304374,6.961999893188477,19.722379684448242,215.13656240739346,4.304054703687624,7.470341161153208,0.8874312994856891,0.9319520679178382
SB82478_component_1602a,216.480694,3.273807,6.618000030517578,14.355748176574707,216.48019255998636,3.274037727017748,6.636306979904628,0.949601656095524,0.9972413950345448
SB82478_component_1604a,215.364353,9.249919,7.3420000076293945,23.1608829498291,215.3640636209195,9.249632098191029,6.14545385475754,1.1376314362137345,1.194704277527939
SB82478_component_1614a,212.378091,6.487521,7.203999996185303,25.82078742980957,212.3776190588516,6.4869633121617,6.270076414107726,1.0940622571417113,1.1489493142342317
SB82478_component_1615a,216.214229,4.914554,7.10699987411499,20.247861862182617,216.21412254931766,4.914269815423779,6.328229963484444,1.0694124130263245,1.123062833544965
SB82478_component_1624a,213.914926,7.825213,6.513999938964844,10.820597648620605,213.91486826712156,7.825321751740277,6.714579342934737,0.9237832979186928,0.970127778118975
SB82478_component_1629a,215.956281,7.695508,7.060999870300293,22.559104919433594,215.95611696521564,7.6946278113284565,6.202816641059124,1.0839729030992085,1.1383537961706756
SB82478_component_1631a,213.900092,8.515247,7.39300012588501,16.80227279663086,213.90052282560475,8.5153230866164,8.018504919216321,0.8779473643648958,0.9219923415109105
SB82478_component_1633a,217.294485,6.475418,6.421999931335449,20.194969177246094,217.29442756553476,6.475123897785265,7.448817173229889,0.8209640645042791,0.862150296078592
SB82478_component_1640a,216.35381,4.520561,6.577000141143799,17.538667678833008,216.3536437700258,4.520204568173398,6.151458867498763,1.0181010669349082,1.0691772931935517
SB82478_component_1643a,213.308579,8.948677,6.565000057220459,11.61946964263916,213.30848743017614,8.948962609464665,7.180334665725791,0.8706251596311854,0.9143027954612567
SB82478_component_1644a,217.59473,6.78955,6.7230000495910645,15.744730949401855,217.59464724678995,6.789396774884736,5.618894033570565,1.1393402453599701,1.1964988144328623
SB82478_component_1647a,210.98422,5.441918,7.439000129699707,22.889232635498047,210.98410569133142,5.441471175372893,7.841455719462539,0.9033562168853116,0.9486759086372273
SB82478_component_1648a,214.344553,9.420365,7.084000110626221,16.136674880981445,214.34422891475515,9.420566604182978,6.5963514980767615,1.0226238925584659,1.0739270205190912
SB82478_component_1651a,215.425395,9.174574,6.223999977111816,18.14577293395996,215.42551295173996,9.174296056511588,6.8200740220333955,0.8690037685840865,0.9126000622579957
SB82478_component_1652a,214.055061,4.610614,6.284999847412109,22.446428298950195,214.05532381324386,4.610116095770429,7.177750040124983,0.8337927355210644,0.8756225575253762
SB82478_component_1657a,211.989926,3.996972,6.400000095367432,28.571428298950195,211.9898906835732,3.9962136304911002,5.565757767192389,1.0949564474185753,1.149888364364781
SB82478_component_1670a,210.791866,4.426972,6.752999782562256,14.01037311553955,210.79133165253666,4.426580628658877,6.73825387442988,0.954312322861346,1.0021883871411157
SB82478_component_1671a,215.548762,7.991369,6.684000015258789,15.690140724182129,215.5485434115316,7.990731405252988,6.696431349810643,0.9504607500671097,0.9981435881438244
SB82478_component_1681a,212.990018,7.514715,6.427999973297119,14.575963020324707,212.9899180649772,7.514498705519781,7.855994664124956,0.7791406301563201,0.8182286582564915
SB82478_component_1687a,216.505382,3.001646,6.235000133514404,10.768567085266113,216.50525850189263,3.0016765922274433,5.960487093595747,0.9960838092814535,1.0460554709049883
SB82478_component_1696a,212.030552,8.883806,6.485000133514404,17.574525833129883,212.02970274675215,8.884063095788248,5.859675344698753,1.053847089758053,1.1067166271219073
SB82478_component_1703a,212.902222,4.97493,6.609000205993652,23.43617057800293,212.90132568094415,4.974547849518733,7.506762076890599,0.8383478981754353,0.8804062441700814
SB82478_component_1709a,210.731908,7.077065,6.544000148773193,17.40425682067871,210.73225250752245,7.075733267444091,5.736754728032852,1.0862209731989612,1.1407146477425134
SB82478_component_1713a,216.156701,7.124721,6.551000118255615,22.512027740478516,216.15653646162062,7.123901801208419,6.942290318559143,0.8985577651945131,0.9436367276001878
SB82478_component_1714a,217.819966,5.74361,6.177999973297119,12.531439781188965,217.8201050250658,5.743387299588399,6.299026344253399,0.9339328321593606,0.9807864955086762
SB82478_component_1717a,215.912077,3.141207,6.383999824523926,14.061674118041992,215.91136797702734,3.1416100557854723,5.37257719339243,1.131491688174526,1.1882565098134679
SB82478_component_1719a,210.98533,6.871251,6.771999835968018,21.705127716064453,210.9852354497006,6.870425031114066,6.931878924260171,0.9302659739642157,0.9769356778964201
SB82478_component_1722a,217.351743,4.074413,6.2210001945495605,12.05620288848877,217.35162617242983,4.074103686353696,8.159777722359511,0.725977318297832,0.7623982424794132
SB82478_component_1725a,216.755695,4.832302,5.75,14.70588207244873,216.75615546574653,4.832067892572331,5.456068074397068,1.0035273892459968,1.0538724813537839
SB82478_component_1728a,215.909647,9.162344,6.5269999504089355,18.97383689880371,215.90956643253617,9.161983239092685,6.168831783013487,1.0075157581347092,1.058060939249746
SB82478_component_1729a,211.8325,3.740648,6.708000183105469,26.725101470947266,211.83263838007161,3.7399011205353108,4.781737950551919,1.3358215930850732,1.402837263872065
SB82478_component_1739a,210.87388,7.629367,6.168000221252441,17.87826156616211,210.87398217679362,7.628821727206268,6.341682335132455,0.9261494276249342,0.9726126121269387
SB82478_component_1742a,216.244034,6.784406,6.835000038146973,21.561513900756836,216.24403884308694,6.784228825105059,6.000507841517114,1.0846551421032848,1.1390702618295176
SB82478_component_1745a,212.193933,6.36924,6.554999828338623,26.219999313354492,212.19331073532007,6.368808956375059,6.233480561533856,1.00134386402676,1.051579412758392
SB82478_component_1767a,215.998476,5.335201,6.316999912261963,20.246793746948242,215.99869181782316,5.334893803160218,5.971824397971744,1.0072679323830824,1.0578006805436968
SB82478_component_1774a,211.687867,4.547458,5.543000221252441,17.596826553344727,211.6877690463976,4.546794625256043,4.692933249772044,1.1247129215354705,1.1811376651312244
SB82478_component_1778a,215.368667,2.985732,6.298999786376953,14.997618675231934,215.36779816027263,2.9856079174560786,5.477440331464252,1.095052911295822,1.1499896676543218
SB82478_component_1783a,215.643218,8.181385,5.664999961853027,13.08314037322998,215.64300194162217,8.181266831326877,4.466661853300404,1.2076970387363797,1.2682849402775307
SB82478_component_1785a,212.368548,6.133217,5.77400016784668,17.766155242919922,212.36807169660156,6.133066118763173,6.248997916960225,0.8798478518665193,0.9239881729157938
SB82478_component_1786a,214.731625,9.303775,6.460999965667725,13.026209831237793,214.73164206945452,9.303105628533157,5.9451579269534,1.0348502497700487,1.0867667512036419
SB82478_component_1789a,210.972268,4.084162,5.413000106811523,11.324268341064453,210.97193876301128,4.083608524405775,7.119692961347297,0.7239656095778104,0.7602856100956344
SB82478_component_1790a,213.617063,4.7172,6.755000114440918,23.454862594604492,213.61655029889636,4.71623726312545,3.776167343901091,1.7033947105936431,1.7888508371724987
SB82478_component_1798a,215.807811,6.615278,6.574999809265137,15.255220413208008,215.8076432745599,6.614467029937447,5.352321548802293,1.1697544712400163,1.2284388651381466
SB82478_component_1807a,217.437893,8.940129,6.125,14.211136817932129,217.4377140324677,8.940167787727363,6.0825282205393565,0.9588774960249924,1.0069825865036228
SB82478_component_1811a,215.107694,4.757432,6.033999919891357,17.190881729125977,215.10785095230585,4.756928863215698,4.9694574890087075,1.156212036125271,1.2142170313836413
SB82478_component_1814a,211.735223,6.503741,6.307000160217285,25.43145179748535,211.73507451118297,6.5034652657134835,6.847041408374739,0.8771241193139622,0.9211277957955797
SB82478_component_1818a,212.811279,9.523401,6.242000102996826,13.058578491210938,212.8112459146293,9.52272984610111,6.5253691740250925,0.9108772394533883,0.9565742468401257
SB82478_component_1822a,212.379848,5.192166,5.565000057220459,17.018348693847656,212.38007708468757,5.191660019310737,6.1340037434685675,0.863897669102553,0.9072377993159886
SB82478_component_1824a,217.310588,8.461298,5.853000164031982,15.321990013122559,217.3101494200076,8.46205744069939,5.153889351907964,1.0813956333086774,1.1356472295753126
SB82478_component_1828a,216.406271,7.187764,5.710000038146973,20.613718032836914,216.40613410298053,7.186914567818503,5.766056395616694,0.9429711182800652,0.9902782155387285
SB82478_component_1845a,210.56716,5.811271,5.486999988555908,10.695906639099121,210.566449521507,5.8114834386563015,4.7004582161081165,1.1115677258126693,1.1673329995259552
SB82478_component_1853a,214.777891,4.652322,5.614999771118164,16.228322982788086,214.77785431924815,4.652122722998149,4.932355297222555,1.0840181547221626,1.138401317982914
SB82478_component_1856a,212.98164,4.216878,6.288000106811523,27.823009490966797,212.98160161528295,4.21632907694365,5.488358981479205,1.0909659505674132,1.145697671750473
SB82478_component_1858a,212.516011,5.266127,5.672999858856201,17.348623275756836,212.51613102652246,5.265592817510035,5.966712700819016,0.905354806554716,0.9507747638121575
SB82478_component_1864a,214.325838,8.875143,5.464000225067139,12.589862823486328,214.32590421614037,8.874948613774352,5.601572209765084,0.9288421937502277,0.9754404692921534
SB82478_component_1870a,212.708297,4.178845,5.9720001220703125,23.147289276123047,212.70829810400042,4.178378309569421,6.052962272504074,0.9394918277456711,0.9866243755059342
SB82478_component_1872a,216.676454,6.462051,5.61299991607666,21.101503372192383,216.6772791523789,6.4620878304667535,5.054607411983256,1.0574230465723027,1.1104719830010121
SB82478_component_1875a,212.571728,3.877529,5.567999839782715,21.9212589263916,212.5717997114041,3.8770571543320953,5.392122659419389,0.9832877235037226,1.032617429437754
SB82478_component_1876a,213.059079,8.953142,6.059999942779541,11.653846740722656,213.05892873349845,8.953826668419596,5.681872526350528,1.0155990823929693,1.0665497887668882
SB82478_component_1882a,211.245955,8.213291,5.267000198364258,17.38283920288086,211.245698702099,8.213206837971116,6.3490885110668875,0.7899382053617962,0.8295679276141013
SB82478_component_1893a,211.528516,5.123001,5.783999919891357,20.294736862182617,211.5283410048986,5.122496957603711,4.102726637485755,1.3424461166644936,1.40979412740887
SB82478_component_1896a,217.208489,8.991749,5.177999973297119,12.270142555236816,217.20831778824797,8.99194822844608,4.96863228952218,0.9923533777350921,1.0421378905853935
SB82478_component_1897a,214.159033,8.760056,6.050000190734863,10.377358436584473,214.15972043361845,8.759495146778272,6.5625887180451885,0.877852128615266,0.9218923279618517
SB82478_component_1900a,211.076896,7.442544,5.550000190734863,13.058823585510254,211.07665165518807,7.441823681589029,5.218413906335691,1.0127345839305912,1.0635415837744477
SB82478_component_1902a,215.610901,5.575377,5.758999824523926,14.691326141357422,215.61109552215592,5.57517827494602,5.612981195721588,0.9770001801608659,1.026014451805689
SB82478_component_1905a,216.726806,7.853617,5.296000003814697,20.213741302490234,216.72591350812,7.853200127186464,5.624129289655622,0.8966724918657327,0.9416568736347424
SB82478_component_1906a,211.141978,8.206691,5.742000102996826,16.129213333129883,211.14162849395677,8.206521687750124,6.554363034199876,0.8342070758010234,0.8760576844821932
SB82478_component_1908a,211.138417,4.884175,5.926000118255615,17.689552307128906,211.13785695788243,4.883685228957835,5.269651816650422,1.0708309147117099,1.1245524988067224
SB82478_component_1911a,217.280871,6.069758,5.285999774932861,17.106796264648438,217.28091289778257,6.069629150647761,5.369577709992237,0.9374069608179663,0.9844349147040287
SB82478_component_1915a,217.352362,7.849254,5.7170000076293945,15.749311447143555,217.35275406896093,7.849346712777272,6.218626312085408,0.8754168436121089,0.9193348692650751
SB82478_component_1924a,216.781126,7.230334,5.711999893188477,20.042104721069336,216.78113818026478,7.229718687999774,10.188203975487633,0.5338653387240674,0.5606483642191789
SB82478_component_1931a,216.196258,9.29973,5.995999813079834,14.768472671508789,216.19631127434923,9.299328541327657,6.677451038879841,0.8550510883083914,0.8979474021101438
SB82478_component_1934a,214.304645,4.189393,5.513000011444092,17.33647918701172,214.30467295001355,4.189394178897984,4.2706276607866664,1.2292421697143359,1.2909109501783576
SB82478_component_1939a,211.791524,7.736957,5.8460001945495605,16.895954132080078,211.79107566752518,7.736336540724678,7.856666160791263,0.7085356250977963,0.7440815321547016
SB82478_component_1940a,214.835912,4.606774,5.614999771118164,11.821052551269531,214.83591342717912,4.606392784876697,4.504892462071805,1.1868790948386583,1.2464225990726137
SB82478_component_1946a,215.785897,4.367837,4.646999835968018,12.908332824707031,215.78540941898413,4.36749086823675,3.379792202941774,1.309253740106073,1.3749365514019662
SB82478_component_1947a,211.697391,4.641566,5.426000118255615,18.455781936645508,211.6972724739992,4.641137543538871,6.603726917553175,0.7824054356563844,0.8216572529419595
SB82478_component_1951a,213.548516,3.630869,5.7789998054504395,20.639284133911133,213.54821050748254,3.6304430311305382,4.758295838765948,1.1564913946776538,1.2145104048320814
SB82478_component_1958a,211.605962,6.935567,5.281000137329102,13.007390022277832,211.6055921531502,6.9344892643394145,4.144771671073399,1.2132679731884717,1.274135358091136
SB82478_component_1970a,214.323251,3.492267,5.236999988555908,14.877840995788574,214.32333689958526,3.492462037819161,4.175027038403474,1.1944402956220672,1.254363131156758
SB82478_component_1974a,212.637407,8.475273,5.294000148773193,10.870636940002441,212.6370975734608,8.475298077890205,5.863739250199058,0.859707004474394,0.9028368968817085
SB82478_component_1980a,212.904544,5.54024,5.329999923706055,14.213333129882812,212.9039596972534,5.539695560549493,5.590445957130114,0.907866341188394,0.9534122974408001
SB82478_component_1987a,213.743414,4.153234,5.078999996185303,21.251047134399414,213.7433582607205,4.15293650924215,3.4924126768799884,1.3848215789877159,1.454295487417232
SB82478_component_1989a,213.514113,4.963289,5.086999893188477,16.252395629882812,213.51380274639814,4.962717825309162,3.4819167576448407,1.3911837946120347,1.460976883499452
SB82478_component_1997a,210.896791,6.400885,5.563000202178955,17.064416885375977,210.89676333567667,6.400817092296189,5.766325058399421,0.9186522028635349,0.9647392656221666
SB82478_component_2015a,211.351227,6.967994,5.373000144958496,13.432499885559082,211.35112274347313,6.966813173902162,4.30419798038534,1.1886822528324006,1.2483162181302518
SB82478_component_2017a,212.488344,4.909672,5.3460001945495605,20.09774398803711,212.48839463378607,4.909333713618268,4.201383211839803,1.211651823600192,1.2724381293008795
SB82478_component_2025a,216.107661,5.614182,4.557000160217285,12.90934944152832,216.10758514605251,5.613864238672718,3.7452780596244115,1.1586069870150166,1.2167321324799782
SB82478_component_2026a,216.44122,5.76489,5.374000072479248,20.829458236694336,216.44119191596326,5.764289108067641,5.1502069411880465,0.9936058822215336,1.0434532308792193
SB82478_component_2028a,215.287367,3.58855,5.123000144958496,15.666667938232422,215.2867560918936,3.588696295166661,4.082416872827707,1.1949457354182826,1.2548939279221683
SB82478_component_2044a,211.701522,6.47596,5.324999809265137,20.324426651000977,211.70171035739293,6.475668244337508,5.016655834075458,1.0107562952402998,1.061464048040781
SB82478_component_2048a,211.157256,7.811494,5.2820000648498535,17.205211639404297,211.15799241846037,7.811397054149731,5.798688892976901,0.8673807091539983,0.9108955769720917
SB82478_component_2051a,211.796338,6.334868,5.171999931335449,19.74045753479004,211.79606306876514,6.334713444656229,3.102232980065835,1.5875421530395637,1.667186173498062
SB82478_component_2054a,217.038365,7.418422,5.199999809265137,17.56756591796875,217.03793003110047,7.417424632848926,4.006192184186207,1.235983616837787,1.2979906030947022
SB82478_component_2055a,216.915158,6.035775,5.14900016784668,16.99340057373047,216.91525668202837,6.035459090485331,4.573512937496637,1.0720478244234548,1.1258304586025818
SB82478_component_2057a,214.391293,3.629738,5.14900016784668,18.930147171020508,214.39127312888795,3.629711055453012,4.931088514133925,0.9943087779832605,1.0441913896066066
SB82478_component_2058a,214.749568,9.091924,5.4070000648498535,14.495979309082031,214.74961862397384,9.091300659645697,4.164465594855815,1.2363409726092316,1.298365886736797
SB82478_component_2061a,216.522929,8.41997,4.664000034332275,14.806349754333496,216.5226872275187,8.420672524745912,5.5247897603865574,0.8038665448133515,0.8441950258041938
SB82478_component_2064a,217.197865,6.556914,4.458000183105469,16.450185775756836,217.19824055691439,6.556651899390595,3.515392088053413,1.2075565468397533,1.2681374001652284
SB82478_component_2069a,217.380661,7.764653,5.144000053405762,14.95348834991455,217.3803071745532,7.7648874477554255,5.2651988399840235,0.9303092802598194,0.9769811567878737
SB82478_component_2081a,212.048448,7.025441,5.103000164031982,18.422382354736328,212.04782157110768,7.024890830365142,4.665320280870653,1.0415623769510003,1.0938156132508117
SB82478_component_2082a,211.250081,5.785522,4.9710001945495605,17.503520965576172,211.24999483786175,5.785572106006564,4.33682614709939,1.0914728398948754,1.1462299907674018
SB82478_component_2085a,211.776177,6.710326,5.10099983215332,18.024734497070312,211.7760568516333,6.710095688696438,4.62621636890592,1.049954632612473,1.1026288926818362
SB82478_component_2095a,211.247824,4.961222,4.914000034332275,15.649681091308594,211.24762426792464,4.960875728485455,4.824728033486556,0.9698475732935155,1.0185030120301326
SB82478_component_2100a,217.621317,5.405717,5.165999889373779,10.830188751220703,217.6208391005806,5.405057941387676,3.4556356327340256,1.4235332472495545,1.4949492476689592
SB82478_component_2101a,212.414707,3.844166,4.98799991607666,19.484373092651367,212.41540041608738,3.8436747774939546,5.1596972556442,0.9205415229877187,0.9667233694031719
SB82478_component_2102a,213.523376,5.527941,4.960000038146973,11.837708473205566,213.52340674686334,5.527532409616346,5.349540611858032,0.88288950984749,0.9271824251885131
SB82478_component_2127a,215.229097,3.706934,4.75,13.12154769897461,215.22871075736995,3.7069380463444817,3.9666569045783278,1.1402764042243083,1.1974819386364208
SB82478_component_2140a,212.30246,6.467523,4.540999889373779,16.045936584472656,212.30192840198268,6.467020346032447,5.561020986688338,0.7775675411022255,0.8165766502668793
SB82478_component_2143a,211.851439,4.156522,5.10099983215332,18.549089431762695,211.85144958832092,4.156178309189206,4.325470809934598,1.1229569037535287,1.1792935512216411
SB82478_component_2154a,215.883255,5.91816,4.248000144958496,12.0,215.88352688151497,5.917455500119085,3.9908814545786995,1.0135772660518958,1.0644265416816143
SB82478_component_2162a,217.422237,5.997887,4.7210001945495605,14.526154518127441,217.42193341281578,5.99755628040793,4.5181295897061835,0.9949849250829612,1.044901457741625
SB82478_component_2171a,212.019725,7.265002,4.881999969482422,18.081480026245117,212.0191428554725,7.264231217246301,4.833268372410822,0.9618293551743593,1.0100825349053177
SB82478_component_2173a,216.763923,6.55063,4.714000225067139,17.26740074157715,216.76398112263547,6.55032034502152,4.67040347798327,0.9611172315627877,1.009334685384119
SB82478_component_2174a,211.173673,7.762312,4.552000045776367,14.359621047973633,211.17381755367987,7.762347170717244,4.500641510550695,0.963094720312237,1.0114113810454075
SB82478_component_2179a,211.429289,8.01706,3.8959999084472656,13.251700401306152,211.42882302789363,8.017388504764503,4.9453182506705256,0.7501806509197524,0.7878158110287472
SB82478_component_2187a,211.287912,6.757866,4.377999782562256,15.919999122619629,211.28811883184082,6.7571701093742975,4.92358890679541,0.8467108342881442,0.8891887331454204
SB82478_component_2200a,216.819681,6.294361,3.8510000705718994,15.782787322998047,216.8194290864477,6.294772330875168,4.125856534407913,0.8887928861723258,0.933381962861814
SB82478_component_2216a,214.067042,4.442847,4.414000034332275,17.042470932006836,214.0670731655699,4.442270794822839,4.0829746753996865,1.0294299793849864,1.081074555991505
SB82478_component_2218a,217.207935,6.489027,4.801000118255615,16.67013931274414,217.2076054604244,6.488890045245468,3.5205318460670036,1.2985677269334273,1.3637144409357067
SB82478_component_2223a,216.1324,3.463691,4.169000148773193,10.608142852783203,216.1325054726845,3.4640168366459223,4.571430269760027,0.8684023234426212,0.9119684437387341
SB82478_component_2226a,216.98016,4.637816,4.414000034332275,12.831395149230957,216.98005511506545,4.637404667333757,4.343145138862088,0.9677633147271127,1.0163141901098778
SB82478_component_2229a,216.430818,4.991218,4.296999931335449,15.51263427734375,216.43117359057499,4.990963055817825,5.000305878578829,0.818295081390296,0.8593474150738811
SB82478_component_2234a,214.365629,4.386922,4.639999866485596,12.643051147460938,214.3666414967172,4.386297163956151,3.5009926701474994,1.2620249250645512,1.3253383550472013
SB82478_component_2247a,215.918735,4.477843,4.572000026702881,12.192000389099121,215.91864624570965,4.477256316775985,3.831649043370073,1.1362180040383063,1.1932199361039713
SB82478_component_2260a,211.295425,5.10161,4.559000015258789,15.454237937927246,211.29543910415543,5.1010040159365895,3.8347051573283997,1.1320843373894132,1.1888788911309673
SB82478_component_2263a,216.143006,6.308378,3.986999988555908,12.009037017822266,216.14297763242075,6.307582157433035,4.003135273699917,0.9483903671813162,0.9959693380211216
SB82478_component_2268a,216.250091,4.936514,4.067999839782715,10.538859367370605,216.25033940945062,4.936093571867568,3.8604074632647647,1.0034343094708766,1.0537747319404436
SB82478_component_2276a,213.007249,7.065644,3.9690001010894775,11.211864471435547,213.00723061049365,7.065314517959645,4.889634732642862,0.7729401342431494,0.8117170950608454
SB82478_component_2283a,211.340308,7.123615,4.541999816894531,17.0112361907959,211.3403655496576,7.122572027278857,4.33341762254639,0.9980624880454441,1.0481334162816218
SB82478_component_2290a,216.381322,3.772979,3.878000020980835,11.541666984558105,216.3809592552379,3.7731318739911157,3.4129928511371146,1.081965951851093,1.1362461599322697
SB82478_component_2300a,216.406402,9.214403,4.302000045776367,11.002557754516602,216.4062142767515,9.213621768978907,3.5857831537641767,1.1424246201149035,1.1997379265001962
SB82478_component_2306a,215.17926,8.652032,4.63100004196167,12.687670707702637,215.17921074374487,8.65091314304746,3.262666072635815,1.351584877155538,1.4193913624204935
SB82478_component_2317a,215.476193,8.586233,4.261000156402588,11.578804969787598,215.47527194949396,8.585689149379952,3.617366953265761,1.1216572018830904,1.177928645739342
SB82478_component_2319a,212.206122,5.388606,3.812999963760376,15.071146965026855,212.20610607904894,5.388338803551214,4.768498541396954,0.761423563778874,0.7996227597971205
SB82478_component_2320a,215.027428,3.906702,4.144999980926514,10.520304679870605,215.02751421310504,3.9066983725749806,3.886077993833124,1.0156736510876478,1.0666280984335046
SB82478_component_2328a,217.424795,6.136445,4.084000110626221,12.883280754089355,217.42509739148935,6.136310202589589,3.6662123555375365,1.060740850120471,1.113956234547529
SB82478_component_2343a,210.77947,7.650967,4.484000205993652,10.525821685791016,210.77949954579233,7.65018120675022,2.1281099328014434,2.0063778788192113,2.107034104244284
SB82478_component_2349a,216.451138,3.901125,4.203999996185303,12.292397499084473,216.45101242190705,3.9010068380701144,4.15207891663444,0.9641359423877472,1.0125048392849307
SB82478_component_2357a,211.527788,3.615321,3.677999973297119,10.50857162475586,211.52804064671614,3.6148303388349152,4.49789673711928,0.778652006141436,0.8177155208887095
SB82478_component_2367a,216.507819,3.838239,3.944000005722046,11.204545974731445,216.5072985961747,3.8382506529279516,3.9195533091383705,0.9581676348485079,1.006237112919648
SB82478_component_2382a,214.102306,4.633988,4.14300012588501,14.091836929321289,214.1026125294022,4.633638151414613,3.4755316159370144,1.1351019473955337,1.192047888986918
SB82478_component_2385a,216.497977,7.706769,3.7269999980926514,12.76369857788086,216.49757121215836,7.706302270172163,3.2396221188591583,1.095484413494692,1.1504428175114214
SB82478_component_2392a,213.878975,3.987985,4.235000133514404,16.351350784301758,213.87908033450546,3.9878743965458097,2.406304544202316,1.6758841861766813,1.7599601612015807
SB82478_component_2398a,214.285962,2.901844,4.205999851226807,10.868216514587402,214.28514342843278,2.902224388548634,2.6931736877513215,1.487120142416324,1.5617261784324896
SB82478_component_2404a,216.184574,6.634536,4.2829999923706055,13.46855354309082,216.18448013708507,6.633948491679444,5.63975793839046,0.7231506404821226,0.7594297555247448
SB82478_component_2407a,217.421037,5.603012,4.059000015258789,10.824000358581543,217.42114661164408,5.602983205955538,4.189804231354328,0.9225002397585789,0.9687803513308169
SB82478_component_2411a,212.05929,3.98855,4.039999961853027,15.658915519714355,212.05917733887156,3.987644526883867,4.169743457640958,0.922599448887933,0.9688845375966286
SB82478_component_2420a,211.886808,3.861445,3.4489998817443848,13.420232772827148,211.8869548721852,3.860773096447508,4.239554248617473,0.7746653814219266,0.8135288946636572
SB82478_component_2429a,216.400411,3.895455,4.214000225067139,12.654655456542969,216.40012414456913,3.895438172694205,3.8292506696833173,1.0479050258207145,1.1004764609509465
SB82478_component_2437a,211.202961,4.603014,3.9179999828338623,10.09793758392334,211.20273243160725,4.602162120107172,3.7298972112800235,1.0002503957391164,1.0504310872119946
SB82478_component_2453a,211.993203,3.667948,3.2139999866485596,11.85977840423584,211.99345306577877,3.667168786952395,3.5300773312879876,0.8669674993887059,0.9104616372457474
SB82478_component_2504a,210.925522,7.138077,3.6410000324249268,10.708823204040527,210.92513317630105,7.1365915304255605,3.19114772377639,1.0864629971682955,1.1409688136017042
SB82478_component_2508a,211.53281,4.190762,3.828000068664551,13.337979316711426,211.53288201796357,4.18968305774258,3.9541260992182408,0.9218549406031343,0.9681026787237195
SB82478_component_2516a,212.236152,7.590978,3.188999891281128,10.221153259277344,212.23579956201917,7.590502426683648,3.8198632059853685,0.7949647278018126,0.8348466212832604
SB82478_component_2518a,216.259237,7.165204,3.944999933242798,15.350193977355957,216.25888962854745,7.164769105644958,3.130297440250069,1.2000588937775696,1.2602636038726227
SB82478_component_2526a,211.144358,7.143919,3.5290000438690186,13.022140502929688,211.14433164964854,7.142890230180329,2.8467204931035037,1.180451101486499,1.239672125316979
SB82478_component_2544a,212.115983,6.637015,3.5969998836517334,12.892472267150879,212.11562447120454,6.636125454018868,2.311464424184939,1.4818163281389036,1.5561562817130943
SB82478_component_2561a,211.184766,5.603053,3.4630000591278076,11.94137954711914,211.18454431178813,5.602901188134673,3.3596161341705257,0.9815309681158448,1.0307725409179245
SB82478_component_2574a,211.052204,7.696344,3.492000102996826,10.455090522766113,211.05199721892322,7.695738929712971,3.7276190631896338,0.8920390973290269,0.9367910303604913
SB82478_component_2590a,216.856223,5.92006,3.006999969482422,12.027999877929688,216.85591544975634,5.9193291614691335,3.001143810273031,0.9540865703933029,1.001951309094001
SB82478_component_2591a,212.042691,4.323955,3.486999988555908,13.67451000213623,212.0426960241568,4.323504841457715,3.1420414010545694,1.0567717827760936,1.1097880465182794
SB82478_component_2608a,211.627985,5.50995,3.2279999256134033,12.708661079406738,211.62773786961333,5.509519635299219,3.238147484804059,0.9492444280431968,0.9968662455189964
SB82478_component_2611a,213.775563,3.72954,3.7090001106262207,15.326446533203125,213.77538754052352,3.7293280821911488,2.896910386130998,1.2191663049984816,1.2803295981757374
SB82478_component_2619a,213.622366,3.258346,3.513000011444092,10.332352638244629,213.6222028315458,3.258055412237351,2.4946408811141074,1.3409459776372536,1.4082187292125128
SB82478_component_2630a,216.989873,7.64709,3.638000011444092,13.728302955627441,216.98947971247495,7.646647744099854,3.2133329894154126,1.0780729001253142,1.1321578010830236
SB82478_component_2636a,216.906539,6.712787,3.2760000228881836,13.104000091552734,216.90637389725094,6.712257102297922,2.6054435913414475,1.197301114898687,1.2573674723855721
SB82478_component_2651a,217.109687,5.796868,2.8320000171661377,10.64661693572998,217.10942644652994,5.796527257395201,2.33538018094967,1.1547203701139872,1.2126505312786031
SB82478_component_2671a,212.10925,5.312015,3.5859999656677246,14.757201194763184,212.1090341630476,5.311467704683478,4.775160140109597,0.7150946126023907,0.7509695717943861
SB82478_component_2674a,213.936861,3.661182,3.0439999103546143,11.443608283996582,213.9368592158359,3.6610039533611882,2.216249049383275,1.30787801280779,1.3734918064383066
SB82478_component_2691a,213.137989,5.273255,3.4019999504089355,12.9353609085083,213.13752551200858,5.272460059745974,4.191674783318609,0.7728369693327003,0.8116087545598
SB82478_component_2696a,212.178621,4.028758,3.552000045776367,14.095237731933594,212.17863953673879,4.028071841284352,3.4277946141113893,0.9867322810419507,1.0362347939849297
SB82478_component_2702a,216.574871,5.361729,3.075000047683716,11.560150146484375,216.57460938951218,5.361360986752838,3.402670232614477,0.8605308231532092,0.9037020450027587
SB82478_component_2725a,212.115406,5.203655,2.9809999465942383,11.377862930297852,212.1150670929653,5.203409231966321,3.413588624607976,0.8315568614527448,0.873274513837057
SB82478_component_2727a,212.290249,7.526156,3.315999984741211,11.594405174255371,212.290071034536,7.525210910201508,4.031439553095657,0.7832412164289144,0.822534963272592
SB82478_component_2743a,211.639552,8.170011,3.302999973297119,11.671378135681152,211.63856429390654,8.169669767776721,2.961027787580109,1.0622023378515313,1.1154910423844706
SB82478_component_2764a,212.61834,6.298299,3.1440000534057617,10.274510383605957,212.61748053306258,6.297779149841634,3.0455185900507202,0.9830202305849236,1.032336516899541
SB82478_component_2782a,211.730901,4.992535,2.746999979019165,10.36603832244873,211.73068952007725,4.992451775545257,2.962632389951354,0.8829214244719537,0.9272159409099927
SB82478_component_2849a,211.958641,5.917132,3.124000072479248,10.923076629638672,211.95841963053942,5.9169881028562346,3.673138647210717,0.8098691938834167,0.8504988165506712
SB82478_component_2978a,211.627342,7.210924,2.8429999351501465,11.281745910644531,211.62755633191702,7.209763570623638,2.8877959547016516,0.9374573358130992,0.9844878169184452
SB82478_component_2995a,214.062316,3.248334,3.0350000858306885,10.501729965209961,214.06214757695102,3.247921141996528,1.5896387003499637,1.818031677730849,1.9092389265325034
SB82478_component_3029a,216.909228,7.873445,2.811000108718872,10.567669868469238,216.90890776822994,7.873533408631782,3.5025591799161133,0.7642167394019358,0.8025560638167992
