Component_ID,RA,DEC,ASKAP_flux,ASKAP_flux_SNR,RA_comp,DEC_comp,Comp_flux,Flux_Ratio_AlphaCorr,Flux_Ratio_NOAlphaCorr
SB83621_component_7a,54.290581,1.730621,556.4299926757812,1670.9609375,54.29059671603079,1.7300207107417365,536.382252492027,0.9878188227643733,1.0373758454732844
SB83621_component_9a,54.321274,1.623011,388.8429870605469,1178.31201171875,54.32132824444152,1.622368854560009,404.45969032770915,0.9154617251668508,0.9613887276269509
SB83621_component_10a,50.791143,1.764091,383.0580139160156,1097.58740234375,50.79121468740518,1.7638975115117939,387.22274427081396,0.941986892790329,0.9892446132970805
SB83621_component_11a,55.00393,-0.282836,374.5530090332031,1028.9918212890625,55.00395232168913,-0.28320963310077624,351.3218645718342,1.0151945489374847,1.0661249606245866
SB83621_component_14a,52.695445,1.0594,344.3689880371094,1350.4666748046875,52.69567434115946,1.0587642074755093,354.1264713463255,0.9259910907167911,0.9724463317522694
SB83621_component_17a,50.291448,-1.608945,332.1189880371094,1096.102294921875,50.29135596692989,-1.6094344449452156,319.13821609928436,0.9909598494968754,1.040674451641939
SB83621_component_20a,50.631984,2.696558,328.99200439453125,973.34912109375,50.63194683886413,2.696447013037279,304.7515798240849,1.0279702435000662,1.0795415878875474
SB83621_component_22a,51.439816,0.352092,282.8399963378906,1131.3599853515625,51.440064213149576,0.3515625694055101,281.58768593178746,0.9564633425823434,1.0044473194982202
SB83621_component_27a,52.416007,0.872289,266.22601318359375,1069.1807861328125,52.41623676566126,0.8716583654294989,246.89693171833508,1.0267765972400449,1.0782880586272723
SB83621_component_29a,54.391762,-1.655836,279.2869873046875,895.1505737304688,54.39199401142932,-1.656144133214904,257.5409661830737,1.032631922108304,1.0844371341922963
SB83621_component_31a,49.998952,-0.032979,284.0450134277344,966.1395263671875,49.998736325765684,-0.03334619670665707,223.20491134316492,1.2117822555001743,1.2725751047253222
SB83621_component_34a,53.205457,3.096911,239.86399841308594,711.7625732421875,53.20554111468664,3.0965543948198504,238.72062217841037,0.9567892715951029,1.0047895997599279
SB83621_component_39a,48.767746,0.913731,224.38099670410156,207.3761444091797,48.76765835599294,0.9135423146912803,229.89656734325717,0.9293830591775164,0.9760084689262875
SB83621_component_44a,56.919206,0.662429,202.39599609375,257.174072265625,56.91912145245279,0.6621289474835256,207.66877727476552,0.9280510720212012,0.974609658465706
SB83621_component_46a,55.163288,0.092704,179.43499755859375,687.4904174804688,55.16320593789697,0.09226433813892877,178.15329537081348,0.9590791701274233,1.0071943782185588
SB83621_component_48a,53.964896,1.678844,189.39300537109375,809.371826171875,53.96484904603622,1.6784276504045381,83.65969143098816,2.1557025877236344,2.263850154495564
SB83621_component_54a,52.167771,-3.484225,171.6790008544922,348.2332763671875,52.167846634075374,-3.484350084381852,166.46601960422623,0.9820480728084731,1.0313155877857827
SB83621_component_57a,51.016731,0.926709,162.97300720214844,626.8192749023438,51.01687470618617,0.9261824707877369,159.17091832189294,0.9749741993628183,1.0238868313404241
SB83621_component_62a,55.749476,-2.353683,150.7239990234375,381.5797424316406,55.74939934478732,-2.353859446087636,141.23929733195897,1.0161738761462165,1.067153418847634
SB83621_component_63a,49.26076,2.308393,151.26600646972656,235.25039672851562,49.260748852081285,2.3083604451779856,147.64790328103084,0.975562781176992,1.024504941203324
SB83621_component_65a,56.143888,2.22581,149.13099670410156,291.84149169921875,56.14398195287036,2.2253737560839326,154.60821853717752,0.9184943944319577,0.9645735402367444
SB83621_component_67a,50.946793,1.127071,148.93800354003906,549.5867309570312,50.94690072042925,1.1266273834894363,142.44199400508197,0.9956544729885659,1.0456045956133226
SB83621_component_70a,54.456984,3.275566,151.38900756835938,383.2633056640625,54.45704739748642,3.275284997909584,155.73225353899778,0.9256716000239198,0.9721108128089163
SB83621_component_73a,52.25364,0.066746,136.12899780273438,519.5763549804688,52.25400135768383,0.06613327757719034,129.0110129708556,1.0047662245705529,1.0551734667294395
SB83621_component_84a,53.40401,2.855981,123.1729965209961,504.8073425292969,53.404097473754085,2.855635319177731,128.06168863901593,0.9158776234471798,0.9618254907461027
SB83621_component_85a,55.458067,1.158798,122.22200012207031,486.9402770996094,55.457941868632204,1.1581728812612246,118.48509073293373,0.9822608774790212,1.0315390684686194
SB83621_component_87a,52.845437,4.093992,130.5959930419922,135.19253540039062,52.84541956682916,4.093444475371528,141.05314238904896,0.8816338411233694,0.9258637619131225
SB83621_component_89a,51.517062,-1.122348,125.34400177001953,572.3470458984375,51.5173369834301,-1.1227868137553996,119.7320041120143,0.9968606886287447,1.0468713248360477
SB83621_component_90a,52.374149,-1.756333,120.24199676513672,539.2017822265625,52.3743484465671,-1.756701256525739,113.883621723221,1.0053935050131704,1.0558322166585894
SB83621_component_91a,49.575496,-1.064695,116.9729995727539,328.5758361816406,49.575328325791524,-1.0650975959311113,111.09262858109966,1.0026319730521749,1.0529321438043162
SB83621_component_92a,49.449671,2.811822,117.447998046875,199.40237426757812,49.449595765296536,2.8118788328200863,116.83849333402677,0.9571959143661705,1.00521664303823
SB83621_component_94a,56.712329,2.596045,119.88700103759766,89.46791076660156,56.7124498197863,2.5958510427825865,140.03349394927795,0.8152322229981241,0.8561308988049843
SB83621_component_95a,49.723978,-1.606291,114.31700134277344,360.6214599609375,49.72380491780966,-1.6067777855113883,107.77722425687101,1.0100084223125476,1.0606786557270749
SB83621_component_97a,48.979087,1.132115,113.04900360107422,166.00440979003906,48.97903797736189,1.1319256754309706,116.35337572356084,0.9251857112301949,0.971600547883223
SB83621_component_100a,50.395811,0.651728,107.5530014038086,430.2120056152344,50.39575689904215,0.6514895103590986,109.14477873342209,0.9383410920088072,0.9854159095095031
SB83621_component_101a,48.85255,-1.594122,108.98200225830078,107.47731018066406,48.85237446277984,-1.594586070544349,102.208280813292,1.0153361875102718,1.0662737049396478
SB83621_component_102a,50.979654,0.155424,102.04399871826172,502.6798095703125,50.97978288953496,0.1550145087482139,102.53269777172062,0.9476898953335444,0.9952337248109189
SB83621_component_103a,50.340181,1.162867,101.87899780273438,381.5693054199219,50.34016306719667,1.162678359836087,103.34495786820543,0.9387210082620076,0.9858148854505261
SB83621_component_106a,56.561579,0.432406,105.87799835205078,163.3919677734375,56.561451966851244,0.43202257257571836,103.89268650436308,0.9704248551933918,1.0191092550831702
SB83621_component_115a,50.190325,0.364375,94.3010025024414,411.7947692871094,50.19021616576309,0.36411991629091384,92.05194310555989,0.9754938036720254,1.0244325032259496
SB83621_component_116a,52.694344,-3.936781,102.76499938964844,124.86634063720703,52.69450467313114,-3.9369203707173637,91.83832310107665,1.065522057540393,1.118977306200876
SB83621_component_125a,49.60731,-2.373899,90.76100158691406,219.22947692871094,49.60714355422406,-2.374449282038038,83.30694517390245,1.037431035912363,1.08947701055958
SB83621_component_131a,56.250063,1.099519,88.90899658203125,203.4530792236328,56.249938933945714,1.0990362596505323,90.76048097993987,0.9328033259492886,0.9796003240846879
SB83621_component_137a,56.616366,-1.178508,91.30799865722656,110.54237365722656,56.616326133656685,-1.1787751155394748,90.57731027424215,0.9599101182747495,1.0080670134802203
SB83621_component_139a,54.340281,3.155883,85.5199966430664,259.939208984375,54.340356936058974,3.1556095046098007,87.70564387705247,0.9284986993784432,0.9750797424502129
SB83621_component_140a,48.660522,0.77344,92.72599792480469,86.2567367553711,48.66036226859881,0.7732402367352772,92.87006843703334,0.9507512742173141,0.9984486873472443
SB83621_component_144a,55.547463,2.007282,90.55000305175781,314.4097595214844,55.54749129315168,2.0067341959531055,90.39846768894994,0.9538247032359782,1.0016763045511932
SB83621_component_148a,53.882937,-3.78424,87.15599822998047,116.20800018310547,53.88299983132894,-3.784259966453135,78.62269815447831,1.0555784209610601,1.1085348159730652
SB83621_component_149a,56.316415,-1.56971,84.08599853515625,147.26095581054688,56.31648014507468,-1.5699512302009517,78.0556865774818,1.0257943519890202,1.0772565359692081
SB83621_component_151a,54.611611,3.18312,83.35600280761719,240.21902465820312,54.61168784885338,3.1828406689343045,86.82788735253614,0.9141528388077801,0.9600141768874036
SB83621_component_153a,49.440969,-1.858727,80.71299743652344,209.1010284423828,49.44081853626443,-1.8592013348995662,77.25411014394415,0.994862468613417,1.044772857860048
SB83621_component_155a,56.414474,-0.557678,87.24700164794922,147.6260528564453,56.41431886331834,-0.5579714584655402,82.25972686118423,1.0099605576859447,1.0606283898216822
SB83621_component_157a,52.180026,0.850961,76.1500015258789,331.0869445800781,52.180279565516265,0.8502119226034093,73.27368539732625,0.989607656318083,1.0392544214605264
SB83621_component_159a,53.824314,-1.303062,79.02999877929688,285.3068542480469,53.82453374885055,-1.3034764044377827,68.29046430945577,1.101978383643212,1.1572625779958867
SB83621_component_161a,55.91334,0.356991,85.41400146484375,276.42071533203125,55.91319230641702,0.3564125752035502,60.17434523967762,1.3516332303537226,1.4194421414081904
SB83621_component_162a,55.894385,0.875299,79.7979965209961,249.36874389648438,55.894173864195835,0.8747807253339799,80.36830551683641,0.9454712813744637,0.9929038071392354
SB83621_component_163a,49.560098,-0.496941,78.60900115966797,245.65313720703125,49.55989716089178,-0.49730522254937365,51.599256442389795,1.4506745778176733,1.5234522080261828
SB83621_component_165a,55.779694,-2.202511,76.51799774169922,225.71681213378906,55.779651339293125,-2.2027138766886587,79.5265425481966,0.9162050080108892,0.9621692995810289
SB83621_component_170a,50.089302,2.715051,76.67900085449219,230.9608612060547,50.0892050818467,2.715072066530975,72.12622578679324,1.012335353819602,1.0631223250355155
SB83621_component_171a,53.448472,-1.726286,75.44999694824219,262.8919677734375,53.448673866884214,-1.7266422190505757,73.95197014179301,0.9715175355614368,1.0202567531815165
SB83621_component_172a,53.267604,0.508785,69.5510025024414,313.29278564453125,53.267860964849625,0.5080469252154806,68.55003800396797,0.9661328746978284,1.0146019539539204
SB83621_component_176a,55.03797,-0.247808,71.9280014038086,213.4362030029297,55.03790405377433,-0.24813562099573028,68.8056156397472,0.9954404257176966,1.0453798099912308
SB83621_component_177a,51.143911,-2.165621,70.04199981689453,291.8416748046875,51.143994926850226,-2.166026354374297,67.00268727392556,0.9954225661179877,1.0453610544088092
SB83621_component_178a,56.169892,-1.695223,70.97599792480469,145.1451873779297,56.169971158288774,-1.6954689271484666,66.92453991796043,1.009874204333654,1.0605377042832231
SB83621_component_182a,50.498023,2.533837,72.427001953125,262.41668701171875,50.49799420461089,2.533762967419159,66.85702877409533,1.0315602580991279,1.0833117068042342
SB83621_component_183a,49.740319,3.00572,68.24099731445312,137.03012084960938,49.74023338900899,3.0057729759509977,61.61992210705877,1.0545456535597715,1.1074502365629555
SB83621_component_187a,54.556242,1.108039,67.45500183105469,293.2826232910156,54.5561727680704,1.1073753224034215,58.053455569600246,1.1064384215780538,1.1619463676918067
SB83621_component_189a,48.819261,0.733342,72.08399963378906,93.49415588378906,48.81922427338206,0.7331207125904118,73.70983343992754,0.9312249679317424,0.9779427827975828
SB83621_component_190a,54.385696,-1.124107,68.85600280761719,268.96875,54.38591081116939,-1.1244557066657883,65.32817315374093,1.0036503947736697,1.054001657838709
SB83621_component_191a,48.776357,-2.598593,89.99800109863281,29999.333984375,48.77521560487697,-2.598950202718082,42.07356234113977,2.0368767194395168,2.139063014653082
SB83621_component_192a,53.620569,0.747515,71.5979995727539,322.5135192871094,53.62074791791075,0.7468105012496105,65.15052774901821,1.0464635750215059,1.09896269526125
SB83621_component_194a,51.955521,-0.975769,66.5469970703125,350.2473449707031,51.95581588064407,-0.9761682319838604,64.55163920213619,0.9816628444947192,1.0309110332880638
SB83621_component_199a,49.820526,-1.871945,65.55400085449219,210.10897827148438,49.82042143068637,-1.8724211710691547,61.1831935237122,1.0202538129400054,1.0714380384392004
SB83621_component_201a,54.916882,2.851543,66.40699768066406,238.0178985595703,54.9169801851129,2.8512510274307035,68.27644353277725,0.9261559489377998,0.9726194606018732
SB83621_component_202a,52.919175,-2.629713,65.96199798583984,281.8888854980469,52.91928565135341,-2.629911801268981,63.354423053568254,0.9914208028512945,1.041158530163976
SB83621_component_203a,48.920795,-0.228996,66.44400024414062,94.91999816894531,48.920537674034264,-0.22930539315690507,65.79565400290406,0.9616116779098735,1.0098539371796191
SB83621_component_208a,49.994989,3.932432,64.00800323486328,42.81471633911133,49.99482281703143,3.9323326470882733,74.19269907935181,0.8215126862337792,0.8627264411341118
SB83621_component_212a,51.103855,-1.880544,62.457000732421875,270.3766174316406,51.103931618347154,-1.880909902082943,62.382230343994735,0.9533698048132142,1.001198584725407
SB83621_component_214a,50.578454,-0.914168,61.34700012207031,278.8500061035156,50.57839212658766,-0.9146313514094382,55.56414053504277,1.0513320283954368,1.1040753898349325
SB83621_component_215a,52.9196,1.613422,59.518001556396484,274.2765197753906,52.91983927472631,1.6127694305402984,60.76616797227695,0.9326692458145498,0.9794595174003746
SB83621_component_216a,53.332135,3.274957,66.33799743652344,203.49078369140625,53.33221431131839,3.2746241145445705,69.04315024618974,0.9149195847448004,0.9608193890339528
SB83621_component_217a,49.194605,-2.270981,62.619998931884766,89.32952880859375,49.19444142332356,-2.2714806404350036,62.804795681349056,0.9494266424628426,0.9970576012952596
SB83621_component_220a,52.155849,-2.523784,58.6510009765625,264.1936950683594,52.155931187427655,-2.524036521129371,57.5351257853788,0.9706966422434159,1.0193946771811397
SB83621_component_221a,56.640745,1.620113,61.970001220703125,74.9334945678711,56.64069066985878,1.6197189570848518,73.09847651230477,0.8072616937913242,0.8477605030560607
SB83621_component_222a,55.573146,-0.616727,57.196998596191406,226.9722137451172,55.57320467854917,-0.6171452345556244,54.57852758560576,0.997912793660135,1.0479762120089922
SB83621_component_224a,55.168889,-2.366875,58.542999267578125,206.13731384277344,55.168858235946,-2.3670431670176657,55.60047254131784,1.002622973509679,1.052922692771606
SB83621_component_231a,49.154799,3.402787,57.04399871826172,58.148826599121094,49.154718666245365,3.402827140019643,75.60341302146819,0.7184717980978268,0.7545161843693965
SB83621_component_233a,55.835482,-3.713571,57.81999969482422,36.387664794921875,55.835391593955016,-3.713745290156263,54.95903747404127,1.001797936343897,1.052056265034377
SB83621_component_236a,50.217655,1.165153,52.847999572753906,213.09677124023438,50.21763262508768,1.1649833766894986,52.39301841422119,0.9604976338014457,1.0086840035619942
SB83621_component_237a,52.440272,3.524153,58.6619987487793,136.7412567138672,52.440313015060084,3.5235903493763256,62.24675810822527,0.897390121196388,0.9424105050866531
SB83621_component_238a,55.767859,-0.448926,54.10599899291992,200.392578125,55.76779625541573,-0.44937935518715455,50.276689289714454,1.0247546888232995,1.0761647148470626
SB83621_component_240a,50.584255,-0.712116,55.19499969482422,235.87606811523438,50.58415807382255,-0.712523041254274,53.27513725006244,0.9865436915290497,1.0360367432889068
SB83621_component_241a,53.897879,3.915925,58.22100067138672,76.20549774169922,53.89781626924857,3.915583500197513,69.8594876945449,0.7935886263159798,0.8334014833597615
SB83621_component_242a,51.344206,0.47278,58.07099914550781,259.2455139160156,51.34438799002296,0.4722573872641309,57.18198179691375,0.9670329256217827,1.0155471587492626
SB83621_component_247a,52.659698,-2.473544,50.71900177001953,252.3333282470703,52.65976727386262,-2.473770101768359,50.836014830996106,0.9500366627306361,0.9976982251388984
SB83621_component_254a,55.532521,-2.706592,52.23099899291992,138.17724609375,55.53239760332112,-2.7067871370976873,47.217063673921196,1.053344719502263,1.1061890538900243
SB83621_component_256a,55.026855,-1.026406,51.74599838256836,203.72439575195312,55.02713669933262,-1.02686637182719,49.275544599587484,0.9999689237035428,1.0501354942508654
SB83621_component_260a,54.404052,3.432897,52.49100112915039,119.56947326660156,54.40408605913596,3.4326341740422626,54.30814915302557,0.9203669598281811,0.9665400487364254
SB83621_component_261a,54.389316,-0.434779,52.327999114990234,183.6070098876953,54.38945106435292,-0.4351485095305926,48.80477252170245,1.020970048529655,1.0721902062287265
SB83621_component_263a,53.478934,2.377251,50.000999450683594,198.41665649414062,53.4790947096557,2.3767231317690305,48.492382323577715,0.9818526815799438,1.0311103941447803
SB83621_component_267a,53.688096,-1.884932,50.064998626708984,175.66665649414062,53.68822214252521,-1.885255386219221,48.19531076482737,0.9891692096608639,1.0387939787545908
SB83621_component_273a,50.164195,0.110671,50.02000045776367,213.76068115234375,50.164100387642954,0.11039145747101421,48.951529133200246,0.9730128918150278,1.0218271286614162
SB83621_component_276a,50.391686,3.12509,47.37699890136719,113.88701629638672,50.39161123462977,3.125146612628354,47.414556010686404,0.9514742173330133,0.999207899166856
SB83621_component_281a,53.617418,2.347569,46.198001861572266,213.879638671875,53.61756282425124,2.347068867937232,40.40746533041049,1.0886862774890218,1.143303631737669
SB83621_component_282a,50.117794,0.736049,45.70600128173828,200.4649200439453,50.117713754879794,0.7358422300967493,47.387832863473136,0.9184331382121248,0.9645092109069368
SB83621_component_284a,51.234907,1.614935,46.32899856567383,170.95571899414062,51.23501651746134,1.6144447421793926,43.37772899503992,1.0170147867949761,1.0680365164107917
SB83621_component_285a,51.800964,-0.744961,45.637001037597656,217.31906127929688,51.80136181987606,-0.7454908751936711,44.2935148309056,0.9811109418227707,1.0303314426913497
SB83621_component_294a,48.732023,1.97443,50.80799865722656,37.413841247558594,48.73180701701898,1.974199590741335,41.61717162164907,1.1625206942673663,1.2208421831049292
SB83621_component_295a,54.484059,3.195369,50.047000885009766,139.79608154296875,54.48412075692079,3.1950859892831884,49.15487289768742,0.9695107867658617,1.0181493295523163
SB83621_component_297a,53.739132,3.727909,49.547000885009766,90.24954223632812,53.73913226798063,3.7275961660186514,54.60411920504778,0.864038573355458,0.9073857724717127
SB83621_component_299a,56.745574,-2.45928,46.20500183105469,30.00324821472168,56.74579113166159,-2.4595652978722993,43.78895345616092,1.0047675295018825,1.0551748371267329
SB83621_component_300a,51.608161,-3.076684,44.29100036621094,135.03353881835938,51.60813423834374,-3.076961521969995,44.08992787101577,0.9565711244677579,1.0045605085992293
SB83621_component_305a,50.240067,2.17432,45.03499984741211,175.23345947265625,50.240104249687086,2.174258012235165,42.9126947067897,0.9993222208051635,1.0494563474776757
SB83621_component_306a,55.394871,-3.48038,42.24599838256836,60.961036682128906,55.3946860572234,-3.480522916274897,37.19559078447665,1.081521812285774,1.1357797387156832
SB83621_component_308a,51.463992,-1.541764,43.082000732421875,196.72146606445312,51.464100362413326,-1.5421183774687188,41.334364460776634,0.9924891439580636,1.0422804679458328
SB83621_component_313a,56.917439,1.087404,45.303001403808594,33.14045333862305,56.91738940313276,1.0870353583233188,48.57008403316826,0.8881765174607137,0.9327346720848045
SB83621_component_314a,53.340051,2.51979,40.66400146484375,174.52362060546875,53.34013554712588,2.519336226331655,44.034827185918076,0.8793362597549471,0.9234509151848724
SB83621_component_315a,50.038375,3.641816,38.72200012207031,46.540863037109375,50.03822522826528,3.64175571047342,41.20563853598038,0.8948336335312628,0.9397257632170565
SB83621_component_319a,50.396276,-2.329717,40.167999267578125,153.90037536621094,50.396241533724165,-2.330244495785617,36.738713607357006,1.04111192427335,1.0933425622048563
SB83621_component_321a,50.353132,4.022019,42.345001220703125,29.57052993774414,50.353075736433574,4.0219794980547015,42.03788230936968,0.9591852362930472,1.0073057655253246
SB83621_component_326a,51.725115,1.886343,42.2130012512207,166.8498077392578,51.72528486666968,1.885679647104153,39.01908290332029,1.0301734165739493,1.0818552900337037
SB83621_component_327a,54.90898,-3.648711,43.74599838256836,58.640750885009766,54.90891339874347,-3.6487845749475274,37.80660148421821,1.1018230636020532,1.1570994658387757
SB83621_component_329a,51.601534,-1.105622,40.06399917602539,183.77981567382812,51.60174467789533,-1.1059898669796007,35.37849575327749,1.0783409570664397,1.132439305939508
SB83621_component_331a,49.85839,-1.870967,41.14799880981445,137.1599884033203,49.85826667133445,-1.871460877781209,38.68355022473494,1.0128929755488538,1.0637079216039407
SB83621_component_332a,49.944209,1.046075,39.446998596191406,169.30043029785156,49.9441663133188,1.045921958778736,43.564132406466285,0.8622358204323323,0.9054925788063263
SB83621_component_337a,50.975148,2.749544,38.7859992980957,148.0381622314453,50.97512346683146,2.7492829204400144,36.807434011390306,1.003415045984931,1.0537545020414385
SB83621_component_342a,49.381554,0.924827,39.08300018310547,115.63018035888672,49.38149296881505,0.9246650130474239,40.5576545169459,0.9176059669911298,0.9636405420529363
SB83621_component_345a,53.911255,0.200898,37.858001708984375,171.3031768798828,53.911327697355084,0.20044817484495173,37.13170392806122,0.9708541097068772,1.0195600444927138
SB83621_component_352a,51.339034,-1.31738,37.15800094604492,169.67123413085938,51.33921495503985,-1.3178780639713699,36.831677321058685,0.9606650924214467,1.0088598632677437
SB83621_component_353a,56.156057,-0.946859,39.4739990234375,104.98404693603516,56.156064032403684,-0.9471689445307849,37.290999092745444,1.007971546409297,1.0585395935695574
SB83621_component_355a,50.346061,1.596115,38.915000915527344,159.48770141601562,50.346142585235334,1.5959989572181026,36.35507752879947,1.0192791385367697,1.0704144664441981
SB83621_component_360a,53.727286,-3.85558,37.90700149536133,45.235084533691406,53.72743587702974,-3.85552687433759,48.053922631373524,0.7511587894268943,0.7888430209152695
SB83621_component_362a,55.334576,0.554358,34.483001708984375,141.3237762451172,55.33442283247101,0.5538101947999784,30.32680227709933,1.0827286023985578,1.1370470712312295
SB83621_component_364a,49.999388,0.131416,34.96699905395508,143.89710998535156,49.99926648746558,0.1311168577055325,34.93548138028923,0.9530875483740117,1.000902168008586
SB83621_component_365a,49.442204,0.771188,38.64799880981445,120.7750015258789,49.44209492568781,0.7710072966689842,37.46449139094709,0.9823094810532516,1.03159011039326
SB83621_component_366a,52.364457,-0.742299,35.99399948120117,180.87437438964844,52.364710303638205,-0.7427085835472323,34.52117694162874,0.9928546588088264,1.0426643199929946
SB83621_component_368a,50.342232,-2.848051,36.534000396728516,120.1776351928711,50.34212415575654,-2.848680925593606,32.53164813424138,1.0693806677294728,1.1230294956459472
SB83621_component_370a,52.897575,0.9659,33.62200164794922,153.52513122558594,52.89779605900682,0.9653569485254347,33.313474889518965,0.961047371159553,1.0092613202151217
SB83621_component_371a,49.125451,0.788216,36.04399871826172,75.8821029663086,49.12530253266559,0.7880603094442963,36.28503082110819,0.945903070075833,0.9933572578721291
SB83621_component_390a,53.564731,-0.848528,34.9900016784668,128.63970947265625,53.5649755705301,-0.8490015231631863,32.29480185495207,1.0316978008964792,1.0834561498664668
SB83621_component_392a,51.311703,-2.599408,33.35200119018555,133.4080047607422,51.31174513353123,-2.5997737722712975,31.718308115253294,1.0012742554339322,1.0515063120326589
SB83621_component_403a,54.584624,2.193836,32.928001403808594,137.20001220703125,54.5846485665852,2.193332201927394,32.68845217592517,0.959206648928886,1.007328252393053
SB83621_component_404a,50.661931,-3.311052,34.071998596191406,82.29951477050781,50.661772799036946,-3.311634028032886,31.157753442551606,1.0412922560623206,1.0935319409023845
SB83621_component_405a,55.629363,-2.347055,32.439998626708984,88.39236450195312,55.62928888464588,-2.3472215387275286,30.01098610568116,1.0292994178771095,1.080937444456982
SB83621_component_408a,56.862074,1.302568,33.75899887084961,28.560911178588867,56.861916368653645,1.302155950171505,37.221669435215105,0.86364423228806,0.9069716480505441
SB83621_component_409a,50.931689,-1.196124,32.6609992980957,138.98297119140625,50.93169207563299,-1.1966270873057505,35.50849852563636,0.8758673262137606,0.9198079517362632
SB83621_component_410a,54.373159,-2.04662,33.22100067138672,122.58671569824219,54.373342644898806,-2.0468296708743985,36.314435890127996,0.8711131576644173,0.9148152754430582
SB83621_component_413a,54.546719,-3.070057,33.61600112915039,88.46316528320312,54.54666272278849,-3.0700960169801594,29.71908297271601,1.0770895465134116,1.131125114459689
SB83621_component_416a,49.720934,-3.469302,32.9010009765625,40.6185188293457,49.7205243895971,-3.470012410728133,32.41408720766701,0.9665325416654281,1.0150216714657423
SB83621_component_420a,49.450667,-1.777137,33.93600082397461,84.84000396728516,49.45057642514955,-1.7775419633974743,30.421351018400077,1.0622416606281564,1.1155323379112494
SB83621_component_422a,54.37392,2.622108,31.954999923706055,125.31372833251953,54.3739805930937,2.621718334723037,31.602949270315086,0.9628361166955213,1.0111398037689365
SB83621_component_423a,56.333718,-2.565473,32.79999923706055,43.10118103027344,56.333766829855435,-2.5658053344071408,28.92188251497929,1.079912185719685,1.13408936019544
SB83621_component_424a,55.294064,0.144489,29.459999084472656,116.44268798828125,55.29397346514972,0.14401774540799556,34.42809496525942,0.8148185407107925,0.8556964628510537
SB83621_component_425a,49.913472,-0.353227,31.55699920654297,137.80348205566406,49.91335258998544,-0.3535550518174374,28.197933315993925,1.065662259625371,1.1191245419622216
SB83621_component_426a,49.915219,-0.258427,32.8380012512207,130.3095245361328,49.915008415878894,-0.2587040670989873,32.026762785706126,0.976348442433003,1.025330017615038
SB83621_component_427a,50.72336,-0.694194,31.660999298095703,152.21633911132812,50.72342295762083,-0.6945792681337216,32.56272569135949,0.9258593850210228,0.9723080186280887
SB83621_component_428a,55.233482,0.111547,30.301000595092773,107.83274841308594,55.23341134751908,0.11108277907195556,30.01417052786442,0.9613284385443063,1.009556488224856
SB83621_component_430a,50.302196,2.631703,30.457000732421875,105.38754272460938,50.3021866758012,2.6316451371774416,32.59393404505927,0.8897981882470797,0.9344376990613282
SB83621_component_438a,52.39338,2.240791,31.406999588012695,130.8625030517578,52.39351984836042,2.24011155425924,32.231108411661765,0.9278811961355826,0.9744312602246439
SB83621_component_440a,54.838824,-2.121959,29.645000457763672,100.15203094482422,54.83892720709357,-2.122134613764052,27.535667199913267,1.0251726776864603,1.0766036734296762
SB83621_component_441a,51.161908,-2.504171,30.136999130249023,120.5479965209961,51.16197566233525,-2.5045680741291196,28.910041063432118,0.9926415794249923,1.04244055081502
SB83621_component_442a,53.747219,1.299455,29.025999069213867,135.63551330566406,53.747356369507806,1.2988003012831275,27.283162357100785,1.0130564251741867,1.0638795711912585
SB83621_component_443a,55.815793,2.397933,29.805999755859375,86.39420318603516,55.81591060447503,2.39754048439047,31.036802229977635,0.9144666896268862,0.9603437730150737
SB83621_component_446a,51.21686,2.486819,29.579999923706055,115.54686737060547,51.21691882555105,2.486458502354785,26.718157305828846,1.0542238371146493,1.107112275188711
SB83621_component_449a,49.37125,-1.211341,29.472000122070312,72.05867767333984,49.37100593583568,-1.2117899499083877,27.094683690377604,1.035778020128045,1.087741066065185
SB83621_component_453a,50.965617,-0.302966,28.65999984741211,130.27272033691406,50.96577703414719,-0.30331494029457107,27.665969671271725,0.9864417682505265,1.0359297067101387
SB83621_component_455a,54.038884,-3.570443,28.790000915527344,56.450984954833984,54.038935032377786,-3.570440315961369,26.535957143717596,1.0331136206501759,1.0849429986490384
SB83621_component_459a,55.940956,-0.217315,28.764999389648438,96.85185241699219,55.94086598560204,-0.21784746150365197,26.306512888118952,1.0412194012073646,1.093455431055624
SB83621_component_461a,51.91608,3.260513,28.77199935913086,85.88656616210938,51.91612590739214,3.259960394043433,28.53968236114264,0.9599797510294555,1.008140139579988
SB83621_component_462a,52.027673,2.038277,30.003999710083008,111.53903198242188,52.02776640823256,2.0376436128792137,26.68416885262822,1.0706971292513243,1.1244120015800232
SB83621_component_464a,54.222829,2.438471,31.104999542236328,126.95918273925781,54.22295177375465,2.438071371171385,29.285361817956396,1.0113949271266975,1.0621347188944141
SB83621_component_465a,52.592327,2.527767,27.006000518798828,105.4921875,52.59243641211569,2.527233531982771,32.98215302983512,0.7796908454045208,0.8188064767745648
SB83621_component_468a,52.268152,3.685064,28.009000778198242,51.8685188293457,52.26818448015719,3.6843838653551626,29.49335963885859,0.9043041727501223,0.9496714216747064
SB83621_component_472a,50.48895,-0.92224,26.725000381469727,119.84304809570312,50.48894526823752,-0.9226986705291529,27.60154774452524,0.9219883856320692,0.9682428184401587
SB83621_component_473a,52.580014,0.373335,28.742000579833984,122.30638885498047,52.580242094479374,0.3725998505559716,27.279091078331078,1.0032941125845984,1.053627501638607
SB83621_component_476a,53.771967,-1.278987,29.80500030517578,104.94718170166016,53.772142924656535,-1.2794771433199355,29.027619812914754,0.9777298403853728,1.0267807177188935
SB83621_component_478a,54.450431,3.325514,27.941999435424805,71.4629135131836,54.4504461655366,3.3252290690341715,29.014805276487518,0.917020374585378,0.9630255715714875
SB83621_component_491a,50.547808,0.771969,28.42099952697754,130.37156677246094,50.5477632395699,0.771666397071352,25.51800014289681,1.0605566650953433,1.1137628093041927
SB83621_component_494a,53.095162,-3.675914,27.76799964904785,50.213382720947266,53.095258056689644,-3.676014465849005,35.556832019534724,0.7436399293624537,0.7809469537047695
SB83621_component_495a,54.562983,-2.716252,28.565000534057617,108.20075988769531,54.56293152853523,-2.716242467537101,24.788060187576146,1.0973189021435477,1.152369339024539
SB83621_component_498a,49.802478,1.927438,25.52199935913086,89.55087280273438,49.80252916703023,1.9273811240555747,25.83388080964981,0.9407326290652969,0.9879274255069548
SB83621_component_499a,55.241406,2.491214,26.969999313354492,102.54752349853516,55.24154266757824,2.490834043731849,27.656012122220496,0.9286082640013711,0.9751948037253418
SB83621_component_500a,48.870867,1.622692,25.277999877929688,32.65891647338867,48.87083442042829,1.6224972550210512,25.672972591577494,0.9375786645846763,0.9846152325275576
SB83621_component_502a,50.191965,2.977813,25.104999542236328,66.06578826904297,50.19185688820633,2.9778456669213176,25.13691444363179,0.9510194883120645,0.9987303572414573
SB83621_component_503a,55.100018,-2.250717,25.393999099731445,78.13538360595703,55.09999015487744,-2.2508882078463897,24.35313619292259,0.9929271092327859,1.042740405119212
SB83621_component_513a,55.294695,-1.298732,25.885000228881836,93.7862319946289,55.29485419712966,-1.2989896858368046,21.4594062659212,1.1486074718661048,1.2062309603592687
SB83621_component_523a,49.015717,2.705494,24.086000442504883,24.805355072021484,49.01563946226628,2.7055667588664316,24.123211867508914,0.9507596117699245,0.9984574431792745
SB83621_component_524a,55.030597,2.582456,24.843000411987305,91.33455657958984,55.0307066358503,2.5821016624349116,25.557637170300996,0.9256024851273152,0.9720382305472226
SB83621_component_527a,56.325078,3.352818,25.523000717163086,19.19022560119629,56.325082999899294,3.3523920822319124,30.313986043028454,0.801733170298334,0.8419546238800493
SB83621_component_528a,54.250757,3.795628,26.402000427246094,36.266483306884766,54.25081192964903,3.795305114345206,27.242427839911187,0.9228522816966607,0.9691500545544683
SB83621_component_529a,51.967079,-3.91078,26.68899917602539,33.444862365722656,51.967282013687246,-3.9111089133022934,24.588578704692548,1.0335703164491512,1.0854226060220387
SB83621_component_530a,53.892381,-3.583137,25.20199966430664,50.60642623901367,53.892446850595185,-3.583186117920894,22.595118547229852,1.0620905458140788,1.1153736419495968
SB83621_component_533a,51.006682,1.269475,23.202999114990234,101.76753997802734,51.00677446398918,1.2689833418873568,22.61188710917611,0.9771213005211994,1.0261416485479553
SB83621_component_537a,54.414882,0.736278,26.451000213623047,117.56000518798828,54.414843765775856,0.7357540697476254,22.95252531509419,1.0973692583828116,1.1524222215421398
SB83621_component_539a,51.595971,-0.593889,26.082000732421875,125.39423370361328,51.59639036309489,-0.594362742046125,25.36769783398669,0.9790413001247626,1.0281579709404371
SB83621_component_544a,53.979555,-2.865989,25.454999923706055,80.55379486083984,53.97958199733478,-2.8660143882667297,22.94227284587503,1.0565202499950963,1.1095238948081296
SB83621_component_545a,50.945271,-2.085,23.363000869750977,97.34584045410156,50.94538315086853,-2.0854257514180095,21.373883410549407,1.0408457059253067,1.0930629881802298
SB83621_component_546a,56.440633,-1.739327,24.341999053955078,33.57516860961914,56.440714264207394,-1.7394088990571537,26.198876478745934,0.8847381198514316,0.9291237764986883
SB83621_component_548a,52.692087,-1.14425,23.985000610351562,115.3125,52.69251318283485,-1.144713010093212,23.2802914951807,0.9810530352699441,1.0302706310750769
SB83621_component_549a,56.607008,-0.584535,23.788000106811523,36.09711837768555,56.60689433421837,-0.5847525507399838,24.57369583064844,0.9217828404693538,0.9680269614610842
SB83621_component_555a,50.784826,2.095055,24.7810001373291,96.0503921508789,50.78495459328648,2.094864748508927,21.742745682326284,1.0852895212218636,1.1397364665619247
SB83621_component_558a,50.631873,2.963176,22.479999542236328,67.30538940429688,50.631779482023234,2.9630597464053756,30.993714359728024,0.690659257807222,0.7253083409533492
SB83621_component_563a,49.456594,-0.475622,23.110000610351562,75.52288055419922,49.4563229425773,-0.4760025484919137,27.076807270197204,0.8127250932949378,0.853497991093957
SB83621_component_571a,55.214063,0.087366,22.013999938964844,80.34307098388672,55.21408846095453,0.0868547451938982,21.697343994947193,0.966125516014631,1.0145942260993508
SB83621_component_572a,49.145669,-0.344367,22.5939998626709,47.16910171508789,49.145498070825134,-0.3448247172725015,22.9332769950314,0.9381411174989787,0.9852059026525513
SB83621_component_579a,56.78684,1.87967,23.714000701904297,19.31107521057129,56.786742672038955,1.8794090879419112,27.16173427038204,0.8313587997765656,0.873066515777041
SB83621_component_580a,50.992243,-1.035763,22.086000442504883,98.16000366210938,50.992392416695154,-1.0362057040569463,21.355331329475426,0.9848088174666111,1.0342148338396866
SB83621_component_584a,48.625127,1.29331,22.375999450683594,21.8089656829834,48.62503143880343,1.2930495670800704,22.50781302617829,0.9466518973955546,0.9941436524578648
SB83621_component_585a,52.161995,-3.593382,23.929000854492188,35.6086311340332,52.16194340608434,-3.5934403190306887,23.84057752040494,0.955760239092635,1.003708942621527
SB83621_component_587a,53.781436,-1.863805,22.18600082397461,72.5032730102539,53.78158184334837,-1.8641132040879203,20.11795105570518,1.0501139875411922,1.1027962421492699
SB83621_component_588a,53.711742,1.824924,23.604000091552734,113.48076629638672,53.71184511698178,1.8243017858616735,23.064034229962868,0.9745216671534322,1.0234115964365154
SB83621_component_589a,50.848087,-1.917755,24.06100082397461,109.3681869506836,50.84807148269382,-1.9181872786942609,19.37209387694008,1.1827100542992075,1.2420444055671263
SB83621_component_595a,50.146712,-1.072006,22.864999771118164,82.24819946289062,50.14660458026886,-1.0724818910925977,21.019858039898033,1.035815936394367,1.0877808845196693
SB83621_component_596a,52.185411,-2.368206,22.60300064086914,94.97058868408203,52.185542503514,-2.368473886399215,20.998911765148943,1.0249683957947227,1.0763891430975219
SB83621_component_597a,55.677421,-3.369118,21.29400062561035,27.54722023010254,55.677173995021256,-3.3692978682847174,22.551688986040283,0.8991235124465106,0.9442308573336369
SB83621_component_600a,52.326741,-1.532044,22.476999282836914,111.82586669921875,52.326949183974996,-1.5324829446848094,19.751671389054533,1.0836165913431033,1.137979608920217
SB83621_component_602a,51.896128,-0.664494,20.479000091552734,110.1021499633789,51.89650402132402,-0.6648959770170038,18.660280846076795,1.0450371704060966,1.097464730594251
SB83621_component_603a,54.084897,0.730545,20.645999908447266,98.78468322753906,54.0849054992827,0.7299699262776255,27.516308922102628,0.7144747913516094,0.7503186552707748
SB83621_component_606a,51.29296,-1.939994,21.35099983215332,90.85531616210938,51.29306270582555,-1.9403828355110613,20.021655458570486,1.0154520000861293,1.066395327615819
SB83621_component_608a,51.386234,1.380388,22.753000259399414,98.07328033447266,51.386387828103835,1.3797132177333842,20.705792289752782,1.046376516805945,1.098871269497849
SB83621_component_609a,50.570509,-2.909737,21.268999099731445,71.61279296875,50.57042523131029,-2.9103328755733737,23.435084305330935,0.8642147979463339,0.9075708379207001
SB83621_component_611a,54.008297,1.78046,22.67300033569336,100.32301330566406,54.008374395791215,1.7798031840457078,21.897278071230716,0.9859616587053925,1.0354255109671284
SB83621_component_616a,49.998525,1.824017,21.333999633789062,80.50566101074219,49.99854821234317,1.823901229986774,19.659409765079424,1.0333393652288745,1.0851800684110149
SB83621_component_618a,52.826343,-3.221722,22.066999435424805,79.09318542480469,52.826467837655635,-3.221891807130033,17.195547604651814,1.2219922142779436,1.2832972780381326
SB83621_component_622a,54.580784,-3.511223,22.166000366210938,35.80936813354492,54.580756464837236,-3.5113374505312502,19.683535206778938,1.0723224551418087,1.1261188670304025
SB83621_component_623a,55.347592,2.658258,21.13599967956543,75.48571014404297,55.347771454597115,2.6578907270896455,22.109726309726785,0.9102917209541694,0.9559593539729625
SB83621_component_631a,51.631196,-2.3801,22.073999404907227,105.61721801757812,51.63125596105301,-2.3803549932568364,20.193801457029252,1.0408882601003298,1.09310767721862
SB83621_component_633a,53.058735,1.482618,20.13800048828125,90.304931640625,53.05891708793768,1.4819328436729637,20.282934694245206,0.9454242125269187,0.9928543769356474
SB83621_component_634a,48.771302,1.166842,22.00200080871582,26.286739349365234,48.771243724291764,1.1666082275929597,21.755201733021117,0.9630309112660149,1.0113443708186856
SB83621_component_639a,51.420838,0.981327,19.343000411987305,92.99519348144531,51.42099648708074,0.9806051493786961,19.22277691495475,0.9581839257475505,1.0062542211026246
SB83621_component_641a,55.390783,-2.073526,19.86400032043457,67.3355941772461,55.39097944697432,-2.0737513623941557,20.97514466546462,0.9017848076777027,0.9470256647688567
SB83621_component_642a,49.603272,3.680897,19.94499969482422,17.223661422729492,49.60340375847336,3.68100164408472,20.402924986678105,0.9308565669666192,0.9775558998451014
SB83621_component_645a,51.792473,-1.914646,20.767000198364258,98.42180633544922,51.792617834549795,-1.9150050529190488,20.044010005067985,0.9865754902750377,1.0360701373185042
SB83621_component_650a,54.531995,-3.74302,21.323999404907227,20.583011627197266,54.531833408494386,-3.743191105774336,18.65069396156135,1.0887165671443357,1.143335440968336
SB83621_component_653a,50.460076,2.628979,19.986000061035156,69.15570831298828,50.46006882717547,2.6288558511919717,18.88042770465729,1.0079876750254493,1.0585565313282153
SB83621_component_657a,50.875861,1.777472,19.2549991607666,70.27371978759766,50.87596397522979,1.7772175357127409,17.929591341994648,1.022619991770667,1.0739229240360646
SB83621_component_660a,50.701977,-3.652429,20.687999725341797,31.730060577392578,50.70177665720688,-3.6529673005575494,17.579048332734583,1.1206353225010879,1.176855500580081
SB83621_component_661a,56.346926,-0.179488,20.19099998474121,35.23734664916992,56.34679400753918,-0.17979942782675618,18.620391218212905,1.032547864628158,1.0843488597055935
SB83621_component_662a,54.554436,-2.355204,18.3700008392334,53.24637985229492,54.55450250072653,-2.355290049961668,17.389455275548066,1.0059221331782344,1.0563873651099418
SB83621_component_671a,49.189865,0.799525,19.614999771118164,45.09195327758789,49.189862997049076,0.7993914891264584,20.45539679532259,0.9131067742600111,0.9589156332378459
SB83621_component_673a,50.069597,0.35318,19.051000595092773,82.11638641357422,50.06948212331478,0.35291767934846086,16.695019037743307,1.086605847278287,1.1411188302345254
SB83621_component_674a,51.857274,2.779297,18.743000030517578,67.17920684814453,51.85737748268789,2.7788173318988756,19.11305968029197,0.9337917997668984,0.9806383877848731
SB83621_component_676a,54.181022,0.193042,17.731000900268555,80.9634780883789,54.181013029760756,0.19254261385935798,15.108983036526253,1.1174785202453834,1.173540327459732
SB83621_component_677a,52.885167,-2.666809,18.804000854492188,80.01702880859375,52.88533106234852,-2.667047064900539,17.67239842287548,1.0132017562779216,1.0640321932846386
SB83621_component_684a,54.620564,-1.528544,18.711999893188477,65.88732147216797,54.620834941984654,-1.5288994224780774,17.598667928945346,1.0124686286630602,1.063262286028591
SB83621_component_691a,55.000599,2.971674,17.97599983215332,59.5231819152832,55.00069922951226,2.9714219173294785,18.208978614326565,0.9400449815838152,0.9872052800375118
SB83621_component_692a,55.945202,-1.085543,19.624000549316406,56.553314208984375,55.94525384620562,-1.0859167164298833,17.407417463764077,1.0734810157917691,1.1273355505011844
SB83621_component_694a,54.002089,-3.883765,18.591999053955078,21.419355392456055,54.002189055119885,-3.8838916045333165,18.15253674836172,0.9752813732425157,1.0242094155591241
SB83621_component_697a,53.648716,-1.84868,19.729000091552734,70.4607162475586,53.64887889793888,-1.8490440068544005,19.052579262062082,0.986035301427523,1.035502848206886
SB83621_component_698a,49.405497,-1.596333,19.141000747680664,48.704833984375,49.40541227107496,-1.5968414450700275,20.681197079403724,0.8813129116849748,0.9255267320450743
SB83621_component_702a,56.339285,1.375778,18.14699935913086,37.034690856933594,56.339205229613796,1.375361471666531,19.320413526190134,0.8943954311384119,0.9392655770297758
SB83621_component_703a,51.632912,-0.949318,17.27199935913086,81.85781860351562,51.63313494310003,-0.9497593869895692,18.49974660796837,0.8890332400514644,0.9336343748455083
SB83621_component_710a,52.691645,-1.905303,18.38599967956543,94.28717803955078,52.6918766770703,-1.9057059251873738,16.55366227701788,1.0576313690582793,1.1106907566364608
SB83621_component_716a,54.760847,-0.440426,17.07699966430664,63.95880126953125,54.760943545971585,-0.4407177602325533,16.615765851712908,0.9786612034295512,1.0277588055049647
SB83621_component_718a,56.344172,-1.590749,18.73900032043457,33.22517776489258,56.34409925685223,-1.590935042859819,19.560069913620318,0.9122569519877202,0.9580231769716728
SB83621_component_719a,51.452307,-2.801756,16.889999389648438,66.23529052734375,51.45238219403912,-2.8019904493094088,17.074527346285116,0.9419375477389111,0.9891927926967287
SB83621_component_721a,52.578312,3.271582,18.025999069213867,53.648807525634766,52.57839706513748,3.271153261472982,20.04075180252941,0.8564982907188537,0.8994672079586727
SB83621_component_722a,53.772641,-0.413811,17.246999740600586,68.44047546386719,53.77286813281152,-0.41428732676022495,15.888932033436433,1.0336178846848518,1.0854725606671523
SB83621_component_727a,50.394188,-1.042437,17.06800079345703,75.1894302368164,50.393995046837475,-1.042869456245113,16.245453344018454,1.0004421593583666,1.0506324712533452
SB83621_component_731a,53.892503,-2.601653,17.37299919128418,68.94047546386719,53.892691818956195,-2.60175112557777,16.26239925022253,1.017258544016324,1.068292502476008
SB83621_component_732a,50.899808,-0.299857,16.54199981689453,78.02830505371094,50.89987711356536,-0.3001575440085899,14.55531917983218,1.0821997868361752,1.1364917259811858
SB83621_component_734a,55.738661,-1.792372,17.136999130249023,54.92627716064453,55.73870677119837,-1.792715673461883,21.093026506400435,0.773636661364966,0.8124485656455701
SB83621_component_742a,49.916632,0.696496,17.57900047302246,75.77155303955078,49.916644540056126,0.6962997831854,17.772881595561785,0.9418407915749544,0.9890911824570001
SB83621_component_751a,52.346516,-3.658959,18.013999938964844,25.01944351196289,52.3465915923551,-3.6592532314850126,16.616406401778786,1.03231970471142,1.084109253432586
SB83621_component_752a,52.604695,1.569645,16.097000122070312,68.20762634277344,52.604939545258986,1.5688207692067988,15.54313690762181,0.9861601311626057,1.0356339404162944
SB83621_component_755a,54.949144,-2.731872,15.668000221252441,45.94721603393555,54.9493106405262,-2.7320608385673273,15.626182620043803,0.9547767597194804,1.002676123927734
SB83621_component_757a,54.534491,-1.56705,16.04199981689453,60.996192932128906,54.53488164390412,-1.5673709348110707,14.247485236077496,1.072164583537441,1.1259530753029288
SB83621_component_760a,55.336619,3.16675,17.07200050354004,41.137351989746094,55.33675532588545,3.166399349602743,17.59420070307104,0.923966103117937,0.9703197543131442
SB83621_component_761a,52.11393,4.002096,15.887999534606934,16.212244033813477,52.11389296570798,4.001283466889655,16.482331123922545,0.917892348259855,0.9639412905342621
SB83621_component_766a,51.012939,3.28096,16.434999465942383,46.2957763671875,51.0128094351352,3.280684482412091,15.36028946723002,1.0188528390542058,1.06996678031395
SB83621_component_770a,50.42588,2.157457,16.334999084472656,65.07968139648438,50.425947905794736,2.157290592526091,13.13048023830641,1.1846216618891345,1.2440519149343445
SB83621_component_773a,53.24128,-3.785216,16.236000061035156,22.0,53.24127547081441,-3.785320476061656,16.144883186551162,0.9576025700044796,1.0056436998292992
SB83621_component_775a,54.062937,3.174176,17.091999053955078,54.4331169128418,54.06308426317083,3.1738777406615224,18.141205591050387,0.8971558239960973,0.9421644536340564
SB83621_component_776a,54.452787,-1.847925,16.0049991607666,57.36558532714844,54.45304593695267,-1.8482141109706867,21.231635503384638,0.7178163921325972,0.7538278979127712
SB83621_component_777a,51.969624,-2.65218,16.850000381469727,78.00926208496094,51.96969961522844,-2.652334684832634,15.627367999546463,1.0267276116576225,1.078236615529803
SB83621_component_785a,51.64032,-3.593486,16.548999786376953,24.998489379882812,51.640413789267164,-3.5935173636539033,19.988955399211605,0.7883567985076818,0.8279071845359999
SB83621_component_787a,51.453212,-3.959817,16.725000381469727,14.853463172912598,51.45313758767349,-3.9600191997611898,17.08321841699986,0.9322611977514017,0.9790309983291168
SB83621_component_793a,53.098344,-3.955329,16.05500030517578,18.369565963745117,53.09837380639569,-3.955475239461908,15.759717061976056,0.9700699860059048,1.018736582772299
SB83621_component_795a,52.850065,1.306566,15.520000457763672,71.52074432373047,52.85036684516119,1.3058862329957386,14.361149877917875,1.029067069475962,1.0806934395711363
SB83621_component_799a,54.987648,-2.901756,16.3799991607666,40.147056579589844,54.98750018400803,-2.9017278075385846,13.777420652729704,1.1321060791148605,1.1889017235981143
SB83621_component_801a,50.044434,3.526491,14.670000076293945,20.234481811523438,50.04414429603369,3.526668448150241,14.384745447455883,0.971111508395853,1.0198303563924735
SB83621_component_802a,54.029821,2.420771,15.010000228881836,67.30941772460938,54.02980476033068,2.4202996888586066,13.885953583172242,1.0293099131925763,1.080948466302795
SB83621_component_803a,56.220581,-0.977327,16.716999053955078,36.34130096435547,56.22053300365093,-0.9776110913453051,15.108300870406689,1.0536196431021243,1.10647776989267
SB83621_component_804a,49.189997,-0.991981,15.144000053405762,32.63793182373047,49.18983588623025,-0.9923821871646542,14.324512677104446,1.006704273391418,1.0572087438346955
SB83621_component_805a,51.100563,1.876642,14.894000053405762,63.37872314453125,51.10067378256213,1.8763014451504592,14.87358839722796,0.953535261830818,1.0013723424121113
SB83621_component_807a,54.2913,2.748105,16.56599998474121,67.0688247680664,54.291382492956686,2.7477469499488913,16.941739747003034,0.9311096258484945,0.9778216542177558
SB83621_component_808a,56.040535,-0.113128,15.623000144958496,49.75477600097656,56.0401113665111,-0.11343957973942863,14.635277076625396,1.0164936117497543,1.0674891949883636
SB83621_component_809a,49.736224,-1.791514,15.371000289916992,53.186851501464844,49.736108703178616,-1.7919792231685585,12.265238119902307,1.1933485573613072,1.253216622429457
SB83621_component_811a,49.598922,-1.973496,16.17300033569336,45.5577507019043,49.59880560712298,-1.9739248351876806,14.656607772502678,1.0507473310543556,1.1034613593218747
SB83621_component_814a,54.48383,1.09129,15.23799991607666,69.57991027832031,54.48387220817809,1.0908057757569498,12.850703279246929,1.1291255550126433,1.1857716721764997
SB83621_component_819a,50.859549,1.978095,15.324000358581543,60.56917190551758,50.859563067130686,1.9778010328003466,13.500417104801318,1.0808517566314946,1.1350760676225093
SB83621_component_821a,48.785887,-2.399923,15.609000205993652,10.496973991394043,48.78570223111823,-2.40067269910652,15.869328671218906,0.9366076424491153,0.9835954960276679
SB83621_component_826a,50.272536,-0.673902,14.619999885559082,61.17155075073242,50.27245106670568,-0.674293635097411,13.796382392321958,1.0090746869685643,1.0596980766273547
SB83621_component_828a,52.156642,-2.556077,15.694999694824219,73.6854476928711,52.15678398812296,-2.5562448120411627,18.534299066925556,0.806355051379002,0.8468083760897079
SB83621_component_838a,52.236023,2.752616,14.142000198364258,57.722450256347656,52.23606167878665,2.752143718847682,9.60704708207761,1.4017226327729553,1.472044435458926
SB83621_component_846a,52.834599,-1.087351,14.550999641418457,73.12059783935547,52.83487430845299,-1.0876935497881415,13.389615607008874,1.034822556003573,1.0867376680927008
SB83621_component_848a,50.342558,1.358811,14.300000190734863,60.33755111694336,50.34255137600455,1.3586879047811558,12.785971220238336,1.064984989158833,1.1184132941031526
SB83621_component_849a,52.690266,1.944729,13.628000259399414,57.99148941040039,52.69043873903565,1.9439095757026537,13.844975923833154,0.9373053460494482,0.9843282021126356
SB83621_component_850a,49.966539,-0.176077,15.361000061035156,62.190284729003906,49.96639085443491,-0.17639748156969445,10.264421327658871,1.4250371498228123,1.4965285982213985
SB83621_component_853a,54.32257,-0.542229,15.550999641418457,64.26033020019531,54.32277245264868,-0.5425727372850784,14.342687270994874,1.032449808384278,1.0842458841633635
SB83621_component_854a,51.749642,-0.076323,13.89799976348877,69.83919525146484,51.749928969536775,-0.07679132572854697,11.9662344143174,1.105951187987945,1.16143469050381
SB83621_component_862a,55.028195,-0.726382,13.255000114440918,53.232933044433594,55.02865455881625,-0.72685006415208,11.049982206734477,1.142245150512666,1.1995494532436966
SB83621_component_865a,54.971077,-1.32252,14.020000457763672,44.367088317871094,54.971263917758826,-1.3229094123630778,13.333799399438861,1.001233279561699,1.0514632804775574
SB83621_component_866a,51.997274,-1.095603,15.59000015258789,80.7771987915039,51.99752205279721,-1.095937515316237,15.22330292965685,0.9751656516758848,1.0240878884579423
SB83621_component_871a,50.3458,-2.316771,14.14799976348877,58.22222137451172,50.345717143630836,-2.317308940124973,13.30088425118683,1.0128746353559506,1.0636886613178633
SB83621_component_873a,51.646957,1.26245,13.614999771118164,59.19565200805664,51.647186346707905,1.261675267428722,12.832096300580142,1.0103252197051635,1.0610113462523365
SB83621_component_874a,51.450248,-0.194377,14.411999702453613,72.42211151123047,51.45053707291322,-0.19486011839067943,13.28456089730216,1.0330425410426922,1.0848683531105958
SB83621_component_878a,54.725504,3.409537,14.538000106811523,30.47798728942871,54.72564571451113,3.4092420390183777,15.717157845040894,0.8807888713582375,0.9249764015953164
SB83621_component_879a,55.045065,0.041769,13.425000190734863,57.61802673339844,55.04502187878965,0.04135105336687432,12.868387491409585,0.9934164254370266,1.0432542694021958
SB83621_component_880a,49.905993,-0.644905,13.845000267028809,54.50787353515625,49.9059044341237,-0.6452419733268834,16.36104959403695,0.8057920404566582,0.8462171199624531
SB83621_component_885a,53.300186,-2.440784,14.560999870300293,66.18636322021484,53.300339240153484,-2.4410121491922068,12.080404641800376,1.1477594633795893,1.205340408873111
SB83621_component_888a,53.184385,2.78807,13.77299976348877,58.36016845703125,53.18449606309367,2.7877240309052675,13.95404895507056,0.9398736272673653,0.9870253291955091
SB83621_component_889a,49.849221,-0.592466,13.890000343322754,54.4705924987793,49.84908818080047,-0.5928390401788712,17.232527381253256,0.7675283838488612,0.8060338472714841
SB83621_component_894a,53.272696,-0.731719,13.039999961853027,49.207550048828125,53.272956246970644,-0.7321958923911214,11.675232109588618,1.0635385407508893,1.1168942800840382
SB83621_component_895a,55.131397,2.575091,13.326000213623047,49.355552673339844,55.131451130783155,2.5747464216527094,13.080892156262392,0.9700712117882855,1.0187378700498888
SB83621_component_896a,51.17413,0.292893,12.637999534606934,64.4795913696289,51.17426509495493,0.2924588803351318,12.332220784423194,0.9758390865695614,1.0247951083206333
SB83621_component_899a,54.478075,-2.149214,12.788000106811523,46.842491149902344,54.4782188372288,-2.149343571750573,12.768763309808534,0.953663059358831,1.0015065513030703
SB83621_component_901a,56.050546,-2.205385,13.510000228881836,31.3457088470459,56.050432030718554,-2.2056106855630397,13.41568514689571,0.9589228443402986,1.007030209859088
SB83621_component_902a,56.048097,3.010779,13.052000045776367,19.95718765258789,56.04834907487566,3.0104043073500195,14.811928045904484,0.8390863163725764,0.8811817074270261
SB83621_component_906a,49.528972,1.36408,12.777999877929688,37.47214126586914,49.52900006376832,1.3641090758294117,16.80297719743387,0.7241321128132088,0.7604604664869229
SB83621_component_908a,50.047608,3.10812,14.04800033569336,30.275863647460938,50.04747241660396,3.108227075389005,14.239297752233545,0.939435793508384,0.9865655301357695
SB83621_component_910a,53.766301,-3.861721,14.810999870300293,16.77349853515625,53.766348719223906,-3.8618592365607496,16.14102265091106,0.873764703369712,0.9175998442369018
SB83621_component_911a,50.061377,3.471302,14.404999732971191,21.694276809692383,50.061257196985544,3.4713351462872217,14.74860131921586,0.9300441905515062,0.9767027680247217
SB83621_component_916a,48.646367,0.988908,12.970000267028809,10.963652610778809,48.64618993719848,0.9883924774002347,16.001435562964765,0.7718309753695184,0.8105522917611094
SB83621_component_917a,48.702053,1.481504,11.555999755859375,10.789916038513184,48.701957493453946,1.4812968117408754,12.552473539180998,0.876636148919664,0.9206153448393057
SB83621_component_919a,53.458257,-4.07256,14.119000434875488,12.965106010437012,53.45844049041919,-4.072824016383537,10.485684796479267,1.2821779941153206,1.3465024658776854
SB83621_component_923a,56.121944,1.864056,12.751999855041504,32.040199279785156,56.12194617406418,1.8634838244052512,8.256800413978896,1.4706444153283984,1.5444238949329772
SB83621_component_926a,49.372848,0.191825,13.630000114440918,39.054439544677734,49.372739228725685,0.1916248432506204,13.652320582830061,0.9506716597748728,0.9983650787971377
SB83621_component_928a,55.181707,2.627022,13.303999900817871,48.554744720458984,55.18179648180386,2.626687126134387,13.458275789436614,0.9413128233600402,0.9885367270642622
SB83621_component_930a,54.788113,0.122742,13.03600025177002,55.94850158691406,54.78811150249421,0.12237877893220418,11.622506265231344,1.0680356198256453,1.1216169692045797
SB83621_component_931a,53.394852,1.68858,12.862000465393066,57.67713165283203,53.39504110938956,1.6878707593758056,9.577557569916731,1.2787772917780893,1.3429311566649127
SB83621_component_935a,53.213835,-0.477389,13.128999710083008,50.88759994506836,53.213992295679645,-0.47788924847145686,11.071035105555534,1.129235640244043,1.185887280178054
SB83621_component_937a,55.846317,-0.702502,13.909000396728516,48.80351257324219,55.846402091529306,-0.702928289959125,12.597127911080946,1.051394125390787,1.1041406021203923
SB83621_component_940a,55.684613,-2.723969,12.715999603271484,30.939170837402344,55.68448080319323,-2.724037785464698,11.436527842407486,1.0587598892942314,1.1118758926218517
SB83621_component_946a,51.385905,-3.993732,14.015000343322754,10.992156982421875,51.38625753986481,-3.9941557726467707,12.836805297231372,1.039626460115501,1.0917825750886394
SB83621_component_947a,49.379144,2.837655,13.130999565124512,19.686656951904297,49.378904005426506,2.837622845506963,13.068890604839485,0.9567538754880298,1.0047524278963684
SB83621_component_951a,55.855121,2.541238,12.409000396728516,32.231170654296875,55.855331963560175,2.5408558864938318,12.588382802400057,0.9386593775014497,0.985750162789986
SB83621_component_958a,50.177085,3.508892,11.82800006866455,17.786466598510742,50.17680080109093,3.5089821133127215,12.371765250351425,0.9103760279030817,0.9560478904438129
SB83621_component_959a,54.973669,-3.328076,12.845999717712402,24.943689346313477,54.973495465033466,-3.3280191759390854,12.288638550548614,0.9954175731651794,1.0453558109688974
SB83621_component_964a,52.902434,2.553084,12.223999977111816,53.379913330078125,52.9024880694102,2.5525840331870775,12.248457447197149,0.9503270878944191,0.9980032203899334
SB83621_component_965a,52.316352,-2.244594,13.371999740600586,53.70281219482422,52.31654717884873,-2.244931782979199,10.936328795067935,1.1643028664807775,1.2227137635648893
SB83621_component_968a,53.315931,2.801465,12.569999694824219,53.03797149658203,53.315970579942544,2.80115451151622,12.227032169825305,0.978938430474048,1.028049940511755
SB83621_component_974a,53.122051,-2.265766,12.630000114440918,56.13333511352539,53.12224358418533,-2.266036370454694,11.845034732911238,1.0153322519635886,1.0662695719539486
SB83621_component_975a,54.766559,-1.967794,11.857999801635742,38.5,54.76669517631869,-1.9680784689806357,12.123004126656454,0.9314131207802544,0.9781403749225811
SB83621_component_978a,52.246254,-1.19817,12.369999885559082,64.09326171875,52.24652726457271,-1.198550872801843,19.41333200253935,0.6067513895144888,0.637190971850738
SB83621_component_979a,49.670158,-1.316844,12.12399959564209,41.098304748535156,49.669992571452234,-1.317266022408554,10.214136307490895,1.130278404200465,1.1869823576517704
SB83621_component_981a,53.856148,0.845501,12.614999771118164,56.31696319580078,53.856192135511485,0.8448606475705009,10.915662897393913,1.100470227852616,1.1556787608501509
SB83621_component_982a,53.355875,-2.190806,12.413999557495117,55.66815948486328,53.35598773965448,-2.1912013350177215,11.7529850301132,1.0057839670528803,1.0562422674485064
SB83621_component_983a,51.119947,2.423906,12.045000076293945,46.68605041503906,51.11987424880614,2.4235657522047305,12.116192916444612,0.9466333338299844,0.9941241575929316
SB83621_component_985a,54.364781,1.893569,13.357999801635742,54.52244567871094,54.364939087737575,1.892932775852697,12.37456734607974,1.027904044526185,1.0794720678349659
SB83621_component_987a,50.454618,3.523535,13.305999755859375,22.901893615722656,50.45457919689696,3.523506767935424,12.333583481467718,1.02730499362768,1.0788429636733554
SB83621_component_988a,48.77011,-0.0411,12.366999626159668,14.037457466125488,48.77016483215797,-0.04139470323833023,12.311890219936164,0.9564907601381684,1.0044761125415387
SB83621_component_989a,56.025735,0.759912,12.277999877929688,38.977779388427734,56.02547192527393,0.75945020355106,11.959578727293302,0.9775813518996721,1.0266247798436
SB83621_component_990a,50.642929,-3.143685,13.597999572753906,38.41242980957031,50.64283029341414,-3.144217432042266,12.961026499868886,0.9990259985405608,1.049145264296116
SB83621_component_998a,54.799721,0.892173,12.163999557495117,57.377357482910156,54.799605517053024,0.8914857747867206,11.486982166543983,1.0083507243930232,1.0589377942035079
SB83621_component_1000a,52.928581,-0.040512,12.168999671936035,57.9476203918457,52.928853499676585,-0.04109178552526316,9.3195938102367,1.2433662105919057,1.3057435677689655
SB83621_component_1007a,55.795615,2.594468,12.626999855041504,32.96866989135742,55.79581638528731,2.5940418342623746,11.749450602163996,1.0233490283619513,1.0746885350295343
SB83621_component_1008a,52.542947,-0.074934,11.868000030517578,52.513275146484375,52.5433458711286,-0.07551340800949062,11.282583955559717,1.0016364738861985,1.0518867023071772
SB83621_component_1010a,55.014718,-1.216216,12.428000450134277,43.00345993041992,55.01493901828966,-1.216562757692054,12.879527491440358,0.9188455061614678,0.9649422665849999
SB83621_component_1012a,51.777509,-1.753074,11.880000114440918,53.27354049682617,51.77767808691849,-1.7535136701716307,11.192675277333272,1.0107033529450293,1.061408449729581
SB83621_component_1014a,56.02711,-0.283135,11.574999809265137,33.550724029541016,56.02691934496776,-0.28367896990285457,11.18408810745503,0.9855112324623823,1.0349524876819893
SB83621_component_1015a,53.202222,0.353978,11.569999694824219,51.65178298950195,53.20249086490056,0.35326124865105435,10.074498425719518,1.093581311726058,1.1484442406866415
SB83621_component_1016a,51.530877,-3.949211,13.404000282287598,13.484909057617188,51.531046077755946,-3.9494579416260227,12.519481503922753,1.0195047445048044,1.0706513906416728
SB83621_component_1017a,54.332044,0.334543,11.109999656677246,49.1592903137207,54.33221321273295,0.3339559822360048,13.008596768453959,0.8132512872326731,0.8540505831973485
SB83621_component_1025a,50.71625,-2.755116,11.838000297546387,44.840911865234375,50.71627179932573,-2.755659175376291,11.80755807686443,0.9546835117061415,1.002578197835978
SB83621_component_1030a,52.030247,1.228364,11.916000366210938,55.94366455078125,52.03040611221767,1.227495251585465,9.69356420485168,1.1705451840416026,1.2292692465220292
SB83621_component_1032a,55.538516,-2.486687,10.991999626159668,30.115066528320312,55.538477888221244,-2.48697066977952,9.444074946333846,1.1083028392949807,1.1639043197583603
SB83621_component_1037a,51.61812,0.506732,11.602999687194824,53.224769592285156,51.61812865538181,0.5061071801296444,11.747937580788115,0.9404805447696596,0.987662694613707
SB83621_component_1038a,54.470963,-1.186335,11.510000228881836,43.598487854003906,54.47119212076812,-1.1867359305391194,8.402626643982009,1.3043718907916475,1.3698097888385103
SB83621_component_1041a,50.664897,3.006417,11.663000106811523,32.30747985839844,50.664939536302974,3.0063552449445146,8.619402932819838,1.288469854667242,1.3531099773051185
SB83621_component_1044a,52.493753,0.754283,11.095000267028809,47.82327651977539,52.49398652219311,0.7536043301963097,12.643567678979586,0.8356007963337934,0.8775213253672592
SB83621_component_1045a,50.719106,-3.947365,12.258999824523926,10.486740112304688,50.71883037651832,-3.94788568376982,13.413266079510208,0.8702853338805863,0.9139459212883645
SB83621_component_1046a,54.415741,-2.319978,11.218000411987305,37.64429473876953,54.415860388652376,-2.320060889007772,11.619429567267808,0.91933079847674,0.9654519051080322
SB83621_component_1047a,51.384584,-0.470909,11.175000190734863,56.15578079223633,51.38497681665508,-0.4713567027315469,10.636039786638284,1.0004807842143226,1.0506730338460804
SB83621_component_1050a,54.413077,0.870478,11.468999862670898,50.30263137817383,54.41296557054017,0.8698515618723344,10.926545295818915,0.9995024036626786,1.049645569772136
SB83621_component_1061a,50.507362,-3.013669,10.72599983215332,32.113773345947266,50.5072307377597,-3.0143784668249864,10.70167405619216,0.9543929711212602,1.0022730813733842
SB83621_component_1063a,54.902694,-3.176548,10.718999862670898,25.52142906188965,54.90250574720732,-3.1765643495785634,12.15475241515906,0.8397486497085966,0.8818772687876776
SB83621_component_1064a,52.17746,3.718495,11.972000122070312,22.461538314819336,52.17736278210328,3.717973866398006,12.04922590627165,0.946125464587796,0.9935908095007878
SB83621_component_1065a,49.996082,2.090836,10.932000160217285,36.56187438964844,49.99603114722931,2.0908567632897257,7.773543360982441,1.3391270099080543,1.4063085072745602
SB83621_component_1068a,55.464614,-0.625793,11.70300006866455,48.76250076293945,55.464716761403324,-0.6262506036441386,10.501377269337956,1.0611874672396049,1.1144252576121711
SB83621_component_1073a,53.420895,-0.400765,10.418999671936035,44.525638580322266,53.420844981292376,-0.40125232947300554,10.36501161072006,0.957188334723777,1.005208683139355
SB83621_component_1074a,52.677263,0.892108,11.269000053405762,55.5123176574707,52.67758201175204,0.8915198647936313,10.55292773048273,1.016842249555673,1.0678553233009087
SB83621_component_1078a,52.20195,1.244967,10.423999786376953,50.84878158569336,52.20242256007689,1.2441034425815543,9.396919359403915,1.0563067612674308,1.1092996957503092
SB83621_component_1085a,56.077607,2.642314,11.463000297546387,21.834287643432617,56.07772952327125,2.6420180977877648,9.85386318158908,1.1077275104169726,1.1633001277066453
SB83621_component_1086a,51.072688,-0.730401,10.937999725341797,49.71818161010742,51.07274413454177,-0.7308091387750135,11.127190542373231,0.9360381485774925,0.9829974317136945
SB83621_component_1091a,54.806627,-3.130172,11.11299991607666,29.3218994140625,54.80632402137037,-3.1302257497014154,10.553560894461146,1.0027056370170029,1.0530095033524776
SB83621_component_1093a,56.716329,0.72178,11.741000175476074,12.859803199768066,56.716267253253825,0.721525228410696,11.468932549648684,0.9748173757638238,1.023722140194793
SB83621_component_1097a,56.583312,-2.026546,10.993000030517578,10.777451515197754,56.58306684114242,-2.0267516450390657,8.486887641035242,1.2334141953809266,1.2952922785692302
SB83621_component_1098a,52.011121,-2.592748,10.354999542236328,47.718894958496094,52.011198755012835,-2.5929949169105924,9.804437144115415,1.0057003081365732,1.0561544115208448
SB83621_component_1099a,53.374268,0.012658,11.444000244140625,49.5411262512207,53.37450845107116,0.012178943325167706,9.966590178158723,1.093383267837155,1.148236261306256
SB83621_component_1103a,56.001549,1.255147,10.71500015258789,33.694969177246094,56.001344212788695,1.2545438842145014,10.308931742645905,0.9897367200636226,1.0393899600927772
SB83621_component_1106a,55.530783,1.436963,10.081999778747559,40.0079345703125,55.53069882449185,1.436365764972317,8.17135101978671,1.1748812753645304,1.2338228714363466
SB83621_component_1108a,53.107304,2.974403,10.347000122070312,39.6436767578125,53.10750740790817,2.9740132621372366,11.209324030685538,0.878974339066186,0.9230708376120975
SB83621_component_1109a,49.760157,-2.457876,10.20300006866455,29.234956741333008,49.7598458208709,-2.4584095982534295,10.33362718241941,0.9401913827556494,0.9873590258823064
SB83621_component_1111a,54.22316,1.867782,11.114999771118164,43.081398010253906,54.22319250327616,1.8671234267717713,10.033272365549026,1.0548920564285142,1.1078140178157065
SB83621_component_1113a,53.447065,-0.868308,10.310999870300293,42.432098388671875,53.44728173695489,-0.868822491759608,10.580010635379798,0.9280168096859904,0.9745736772532225
SB83621_component_1115a,56.303032,2.219975,10.015999794006348,17.982046127319336,56.30299574904836,2.2194290551099503,11.22214426527164,0.8498839452683862,0.8925210331685131
SB83621_component_1116a,51.735073,-1.13891,10.677000045776367,55.609375,51.73523411739977,-1.1392948155463982,15.288357660949147,0.6650121440062124,0.6983745594236384
SB83621_component_1118a,52.283731,-2.243783,10.774999618530273,44.34156036376953,52.28401514828639,-2.2441801004835606,7.824798623929549,1.3112492708888237,1.3770321942316206
SB83621_component_1121a,55.20144,-1.876156,10.04699993133545,35.0069694519043,55.20150354575047,-1.8763911552506984,9.596953497751175,0.9968829648260751,1.0468947185885327
SB83621_component_1125a,55.76248,1.6062,9.970000267028809,33.68243408203125,55.76248000252637,1.6055994610597368,9.87374410909526,0.9615114669842754,1.0097486988593194
SB83621_component_1126a,51.172493,3.40616,10.168999671936035,23.323394775390625,51.17269463535095,3.405790000697335,10.722304733295369,0.9030904571675727,0.9483968162515297
SB83621_component_1129a,51.893217,-0.385065,10.187000274658203,51.974491119384766,51.89367729922972,-0.385466611004517,11.35208756833165,0.8544993783417434,0.8973680138863946
SB83621_component_1130a,50.7456,2.426631,10.079999923706055,38.47328186035156,50.74562584067492,2.4262803742345485,7.876474629386952,1.218624250098339,1.2797603493951213
SB83621_component_1136a,49.197523,1.202774,11.031999588012695,24.570154190063477,49.19738351639854,1.2027018995495238,10.819082090678132,0.9709681553664481,1.0196798116097128
SB83621_component_1137a,52.810848,3.634565,11.059000015258789,23.5799560546875,52.81090499670579,3.6340348030365357,11.77555102602505,0.8942846693815196,0.9391492585627104
SB83621_component_1140a,52.269894,-1.652792,10.4350004196167,48.310184478759766,52.27020077313802,-1.653148361015449,9.381984575135244,1.059104765212236,1.1122380703196024
SB83621_component_1142a,50.279362,1.764357,10.633999824523926,42.36653518676758,50.27937846010527,1.7641358061144423,8.869275625940706,1.1416938539575097,1.1989704991715202
SB83621_component_1146a,51.68685,3.571117,9.901000022888184,22.605022430419922,51.6870226698511,3.570535115026403,15.433021300845528,0.61089879950897,0.6415464496472728
SB83621_component_1149a,54.579176,-1.070439,10.786999702453613,42.30195999145508,54.579268248994765,-1.07105308950588,10.038855727539376,1.0231931398272052,1.0745248258585758
SB83621_component_1153a,52.337139,-1.071789,10.331000328063965,49.9082145690918,52.337324911642405,-1.0720882866068933,10.11320739956868,0.9727351900417127,1.021535495109551
SB83621_component_1158a,54.727425,1.652495,9.717000007629395,46.492820739746094,54.7275726222389,1.6517960857943188,10.102607452845103,0.9158827732477443,0.961830898902529
SB83621_component_1159a,49.569607,-2.306913,10.163000106811523,28.074586868286133,49.56923520091039,-2.307492639059275,7.4696134013455815,1.2955821950530173,1.3605791305050343
SB83621_component_1160a,52.116074,-0.959171,9.557000160217285,50.036651611328125,52.11633449911631,-0.9595429826588412,9.156807245358094,0.9938450680315817,1.043704416193981
SB83621_component_1168a,49.470426,-0.904883,9.479000091552734,28.637462615966797,49.47024092583804,-0.9053021183945491,9.298851935868694,0.9706761539245564,1.0193731610016448
SB83621_component_1170a,52.622917,-3.873493,9.324000358581543,12.077720642089844,52.623021562271276,-3.8737214992911833,8.73282162282135,1.0166907165441235,1.067696188161599
SB83621_component_1171a,50.521592,-3.534221,10.428999900817871,17.676271438598633,50.52117482298356,-3.5348791497658434,9.282622052888152,1.0698260307494443,1.123497201695618
SB83621_component_1174a,55.645597,-0.880932,10.625,40.246212005615234,55.645591586637465,-0.8814188993629282,9.53786471106581,1.0607644256310336,1.1139809927973605
SB83621_component_1176a,49.004065,0.981841,9.456999778747559,16.53321647644043,49.00389912837866,0.9813122662587255,6.933050085000013,1.2988835214275303,1.3640460782489128
SB83621_component_1182a,56.243946,-0.092577,10.598999977111816,27.176923751831055,56.24359317990612,-0.09299321706839765,10.058694560593578,1.0033776807667534,1.0537152622801536
SB83621_component_1185a,56.201281,1.409853,10.111000061035156,24.363855361938477,56.20101573997064,1.409400982229117,11.037961995136559,0.8722608581632699,0.9160205539292642
SB83621_component_1186a,55.983115,-1.1544,9.607000350952148,29.20060920715332,55.98317548244616,-1.1547337148552312,9.36700596914319,0.976625760183021,1.0256212478778757
SB83621_component_1187a,52.658591,0.649679,9.984999656677246,41.60416793823242,52.658833154699124,0.6489598181786455,7.594486745371756,1.2519609748135159,1.314769515235815
SB83621_component_1188a,53.585147,2.270797,8.640000343322754,38.91891860961914,53.585092874060926,2.2702769106148244,9.097152713122773,0.9043768571237147,0.9497477524873722
SB83621_component_1194a,56.31082,-2.49476,8.77400016784668,12.01917839050293,56.31077405894825,-2.494858677453199,8.715181776003924,0.9586550278815561,1.0067489575495379
SB83621_component_1196a,54.237593,-2.698257,9.416999816894531,34.119564056396484,54.23761673286196,-2.6982767662614733,9.22340669049625,0.972215116034124,1.0209893299617547
SB83621_component_1198a,52.799145,3.78727,8.73799991607666,14.710437774658203,52.79923947652347,3.7869356289255367,10.376384396281074,0.801875879471896,0.8421044925059238
SB83621_component_1199a,54.37965,2.279703,9.581999778747559,40.77446746826172,54.37942680519425,2.279165844404336,9.646603850097959,0.9458513286345436,0.9933029206595081
SB83621_component_1200a,56.643963,-0.24667,10.239999771118164,13.837837219238281,56.64360792980395,-0.24687539686060453,10.882466842925641,0.8960118639115437,0.9409631032117387
SB83621_component_1202a,53.238184,-3.072558,9.713000297546387,34.56583786010742,53.2381985014948,-3.072669760344635,8.63621721944905,1.070954476720439,1.1246822596903174
SB83621_component_1203a,51.289092,-1.736093,9.336000442504883,36.901187896728516,51.28905320458101,-1.7365483202980312,9.262273887322591,0.9598080992811036,1.0079598763844808
SB83621_component_1204a,53.779395,-1.496243,9.190999984741211,31.584192276000977,53.77967230250073,-1.4966847531237806,9.91655505026938,0.8825576911736766,0.9268339597924725
SB83621_component_1205a,54.353141,-0.90287,9.604999542236328,41.94322967529297,54.35323862922173,-0.9031359331702191,9.429142621459947,0.9699878838823195,1.0186503617387381
SB83621_component_1206a,50.789843,-3.237248,9.45300006866455,24.74607276916504,50.79008151599996,-3.237790773863655,9.465203044128529,0.9510008215170861,0.9987107539682893
SB83621_component_1207a,54.821836,-2.257726,9.26099967956543,30.166122436523438,54.82158946198276,-2.257777172587286,7.899320803756376,1.1163728947750928,1.1723792348275732
SB83621_component_1208a,54.965583,-3.370777,9.538000106811523,18.592592239379883,54.9656975231908,-3.3708032315841043,7.317993325576776,1.2410991543309304,1.3033627775357086
SB83621_component_1216a,51.715679,2.370469,8.892999649047852,30.986061096191406,51.71569391388139,2.3700292836527317,8.691893658305926,0.974260369059957,1.0231371895064258
SB83621_component_1218a,54.859923,4.101508,9.583999633789062,11.016091346740723,54.86015965740066,4.101916075376223,5.790015914361785,1.5761886534218972,1.6552630900403107
SB83621_component_1220a,51.758604,3.779641,9.168999671936035,15.488175392150879,51.75879606294911,3.778942877834777,8.630346955107099,1.0116606725771402,1.062413796297052
SB83621_component_1227a,49.706839,3.253863,9.586999893188477,15.538087844848633,49.70640796392483,3.253677221544437,7.961985804171752,1.1465750560630807,1.2040965820568639
SB83621_component_1231a,51.113338,-2.379984,10.194999694824219,41.10887145996094,51.11351603593922,-2.3803659196856977,8.752213397653087,1.1092015933153125,1.164848162586851
SB83621_component_1234a,49.872861,-2.039373,8.699000358581543,24.713069915771484,49.872748462369444,-2.039916837885564,7.753079677455387,1.0684058746751997,1.1220057990474068
SB83621_component_1237a,53.609943,1.941892,9.336000442504883,45.1014518737793,53.610384415901116,1.9411840409147456,9.739030209560918,0.9128224580394745,0.9586170534043137
SB83621_component_1238a,54.037101,-2.26009,10.255000114440918,38.992393493652344,54.03716143272741,-2.2603166377950075,9.46755124368214,1.031428603092913,1.0831734469126064
SB83621_component_1240a,51.620612,-1.681633,8.868000030517578,44.787879943847656,51.620929731105626,-1.681942335091663,7.811086991916919,1.0810738868224328,1.1353093416696518
SB83621_component_1243a,49.769963,3.054476,9.788999557495117,18.970930099487305,49.770093398207884,3.054454507115223,7.216442841911829,1.2916840550049773,1.356485428061916
SB83621_component_1247a,51.792609,2.270459,8.82800006866455,36.329219818115234,51.79253559527427,2.26986277508923,5.622681598314998,1.4950647524432876,1.5700693546848041
SB83621_component_1249a,51.308526,-1.569441,8.920999526977539,35.827308654785156,51.308737027485265,-1.569868593225874,8.485861117346676,1.0010568977094978,1.0512780498777383
SB83621_component_1250a,50.283305,0.467529,8.835000038146973,30.570934295654297,50.283191756648186,0.46720726972106164,9.069523042726512,0.9276054101750796,0.9741416385983362
SB83621_component_1251a,56.095162,0.505336,8.958000183105469,26.34705924987793,56.09490774016587,0.5047896460862823,8.577373589412364,0.9944842432344211,1.0443756576212255
SB83621_component_1252a,54.308306,-3.77228,9.982999801635742,11.856294631958008,54.30812530323765,-3.7724626373297987,6.7003910654739505,1.418737595631448,1.4899130071790216
SB83621_component_1255a,50.480676,-1.949745,9.277999877929688,42.36529541015625,50.48061546569019,-1.9502688837558921,9.431011184168183,0.9367792628956692,0.9837757263510243
SB83621_component_1259a,52.770909,1.947934,8.774999618530273,40.81394958496094,52.77088996741928,1.9473382636584153,9.091127539731943,0.9191164129370278,0.9652267642467822
SB83621_component_1261a,49.837468,0.354856,8.392000198364258,35.71063995361328,49.83730130639198,0.3545388716287812,8.95407114911349,0.89245455455272,0.9372273302960206
SB83621_component_1262a,51.690879,-2.201431,9.350000381469727,39.787235260009766,51.690989832894836,-2.20174442165546,8.24822995438844,1.079423910902478,1.1335765895439291
SB83621_component_1265a,50.891838,-2.136158,9.67199993133545,39.966941833496094,50.891538149574664,-2.136675402419139,7.833815661612548,1.1756663897394204,1.2346473735309367
SB83621_component_1268a,54.816454,2.448678,7.959000110626221,29.153846740722656,54.81639633970797,2.4481413299023544,6.6107237768097304,1.146438244893752,1.2039529073270636
SB83621_component_1270a,51.283588,0.899228,8.83899974822998,42.70048141479492,51.28377507834264,0.8985565585119424,8.523398084572857,0.9874872904529437,1.037027680805893
SB83621_component_1273a,55.774862,-3.216855,9.45300006866455,14.770313262939453,55.77481216373412,-3.216852897357906,4.601182122136956,1.9563267942568792,2.0544720503856593
SB83621_component_1274a,56.236309,2.597994,8.157999992370605,14.725630760192871,56.236401500589146,2.5977832832596413,7.986543412793604,0.972671094017383,1.0214681835075667
SB83621_component_1288a,53.094093,1.856146,8.685999870300293,40.588783264160156,53.09430734762489,1.8553856703937903,6.930374874934889,1.1934500785749604,1.2533232367725127
SB83621_component_1289a,55.496717,-2.798465,8.366000175476074,21.287532806396484,55.49675146332842,-2.7987259125058865,9.272322775006916,0.859152966294232,0.9022550636423282
SB83621_component_1292a,53.489871,1.539703,8.718999862670898,38.579647064208984,53.49007738686135,1.5390531585289684,7.73147533601724,1.073854550487512,1.1277278247339488
SB83621_component_1294a,54.041819,1.166314,8.888999938964844,43.57352828979492,54.041865344279735,1.165625356736201,8.540183026318124,0.9911214852703477,1.0408441963798407
SB83621_component_1295a,50.330175,0.211625,9.354999542236328,43.51162338256836,50.33017999502101,0.21139019549479485,9.234031764316082,0.9647028736746274,1.013100212454078
SB83621_component_1296a,50.991835,0.049267,8.444999694824219,40.02369689941406,50.99186180229463,0.04888565934224659,8.45796429715715,0.9507688760737953,0.9984671722559425
SB83621_component_1302a,52.995766,-0.669899,8.776000022888184,38.83185958862305,52.99596409704866,-0.6703471760304764,8.4809520743561,0.9853560159429792,1.0347894842401268
SB83621_component_1303a,52.336801,-1.716475,8.76200008392334,39.827274322509766,52.33715004230213,-1.7168712776235415,7.3845973006740655,1.129841705254861,1.1865237503368729
SB83621_component_1305a,54.017982,2.501744,8.581000328063965,34.600807189941406,54.018019742474216,2.5010968724756464,9.181011940423494,0.8899969783006022,0.9346464620400164
SB83621_component_1306a,51.178471,2.160617,8.835000038146973,36.8125,51.178687918663314,2.1601293385377285,7.575081894831655,1.1106069556661378,1.1663240293382093
SB83621_component_1307a,51.940744,3.235971,8.694999694824219,26.18975830078125,51.9408411051917,3.235464066857677,7.6729262492916055,1.0790702346475445,1.1332051700128063
SB83621_component_1310a,52.424122,3.589697,7.906000137329102,17.41409683227539,52.42412509800643,3.5893729713408913,9.813374076653487,0.7671488339724585,0.8056352560876973
SB83621_component_1315a,53.41114,0.601131,9.142999649047852,39.409481048583984,53.411379350060784,0.6004530955552805,8.542698507939427,1.0191422107259938,1.0702706692212671
SB83621_component_1317a,50.576037,3.320793,9.322999954223633,23.54292869567871,50.57607252343702,3.320900062454882,7.186847990092408,1.235260029414464,1.2972307146437583
SB83621_component_1323a,53.000467,-2.506245,8.776000022888184,38.83185958862305,53.00066568285769,-2.5064791316773696,8.257595979206924,1.0120084790335637,1.0627790515528526
SB83621_component_1324a,56.583695,-1.065644,8.376999855041504,12.070605278015137,56.583530612396,-1.0659211755807079,9.160913914831635,0.8707447639917901,0.9144284001489235
SB83621_component_1328a,49.975013,-0.644182,8.527000427246094,36.4401741027832,49.9749276255773,-0.6446292302897256,7.681857944015629,1.0569907306942212,1.1100179786439364
SB83621_component_1333a,52.470649,-1.401611,7.9720001220703125,36.907405853271484,52.470853915487474,-1.4021089843681598,6.676105370557457,1.137064968859924,1.1941093915665155
SB83621_component_1336a,51.28136,-2.724126,8.609999656677246,36.3291130065918,51.28161485350771,-2.724549788899456,8.6185465053056,0.9512841714352631,0.99900831902188
SB83621_component_1337a,49.422315,-2.792713,8.673999786376953,15.271125793457031,49.421754087117854,-2.7932378297325147,8.612958208890753,0.958977092082614,1.0070871791091696
SB83621_component_1338a,53.125258,1.78403,8.717000007629395,42.521949768066406,53.12541781023051,1.78330434356123,6.706883813316944,1.2376203142448599,1.2997094105493876
SB83621_component_1352a,50.767295,2.605879,8.675000190734863,33.365386962890625,50.76694689969839,2.605560725667414,7.132336166512692,1.1581874491131159,1.2162915471462483
SB83621_component_1354a,54.864657,-2.673223,8.461999893188477,27.927392959594727,54.864458012970765,-2.673401696169861,7.3247724513288865,1.100069297065711,1.155257716115573
SB83621_component_1358a,53.185697,0.322301,7.494999885559082,36.20772933959961,53.185993630968674,0.321695088713313,6.255794691331318,1.1408546296770967,1.198089172578655
SB83621_component_1360a,48.973212,1.19662,7.5289998054504395,11.636784553527832,48.97333990665255,1.196382109836764,8.437759659539166,0.8496719884395122,0.8922984428619813
SB83621_component_1364a,55.439959,-2.597782,8.204999923706055,24.41964340209961,55.43971473000221,-2.598048413852316,7.097043693258457,1.100885795483674,1.1561151767319757
SB83621_component_1367a,54.371051,0.286179,8.236000061035156,36.60444641113281,54.3710659273212,0.2856662934986332,9.957493461836222,0.7876032091298124,0.8271157889885662
SB83621_component_1371a,49.330613,2.874698,7.552999973297119,10.883285522460938,49.33068900547012,2.8744986821310334,9.386745422005669,0.7662061074269844,0.8046452347147247
SB83621_component_1375a,55.436895,-2.337455,7.39300012588501,24.480133056640625,55.436745930204125,-2.3376440254870845,7.024635091959179,1.002162413821485,1.0524390276652924
SB83621_component_1376a,54.339445,-0.750529,7.800000190734863,32.91139221191406,54.33997907689334,-0.7509641558367164,8.585837685718047,0.8650736927800856,0.9084728219017731
SB83621_component_1382a,50.395392,1.486515,7.841000080108643,33.084388732910156,50.39538907813235,1.4863502687978374,7.687487337017671,0.9712436908624724,1.0199691702062077
SB83621_component_1386a,53.630316,3.430229,8.437999725341797,23.054643630981445,53.6303201359856,3.4298654438569813,9.040618158771135,0.8887560006719861,0.9333432268849136
SB83621_component_1388a,52.869534,0.599916,7.515999794006348,32.96491241455078,52.8698834765952,0.5992224142099543,6.742232983206964,1.0615101947093761,1.1147641757154674
SB83621_component_1391a,56.432555,0.211226,8.211000442504883,13.61691665649414,56.43244035442138,0.21066027831315878,8.615643646755657,0.9075060178080057,0.9530338973103711
SB83621_component_1392a,48.948426,0.386774,7.64300012588501,12.170381546020508,48.94840432288632,0.3865895087886106,7.257922745564211,1.002750047731896,1.0530561420698705
SB83621_component_1393a,50.689385,-0.11849,7.625999927520752,36.31428527832031,50.68937663573463,-0.11880360610482442,7.416993272958527,0.9790617355694436,1.028179431593155
SB83621_component_1394a,55.21864,-3.610038,8.62600040435791,10.293556213378906,55.21857670081462,-3.6098363694444635,5.827446194872018,1.4095236513928893,1.4802368165918953
SB83621_component_1397a,52.050217,-0.003729,8.020000457763672,39.31372833251953,52.050459810547245,-0.004179222992040033,7.091653622256131,1.0768818161009208,1.1309069626009451
SB83621_component_1399a,56.221609,-1.015427,7.9079999923706055,17.972726821899414,56.22154494419071,-1.015836796877987,7.277861839632118,1.0346751511765317,1.0865828682411949
SB83621_component_1400a,52.357314,0.549831,8.031000137329102,33.185951232910156,52.35763752430298,0.5492475337763637,6.777696793156254,1.1283105859427274,1.1849158176326748
SB83621_component_1404a,51.182562,-2.903324,8.182000160217285,30.529850006103516,51.18262363709378,-2.9038909415506358,7.63576691007244,1.0203472229841877,1.0715361346905838
SB83621_component_1407a,49.421024,1.902806,8.076000213623047,21.196849822998047,49.420985747097234,1.902573072061624,8.073877436540728,0.9524788374166983,1.000262919161085
SB83621_component_1409a,55.109865,1.859255,8.02299976348877,36.80275344848633,55.10988170321885,1.8586819387277145,6.998061528747224,1.09169215286795,1.1464603062621297
SB83621_component_1420a,50.075449,0.789463,7.642000198364258,36.04717254638672,50.075342200752225,0.7893134933726348,7.4236901659156596,0.9802308632838624,1.0294072122582545
SB83621_component_1423a,55.501685,3.230155,8.33899974822998,18.952272415161133,55.50184667614615,3.229815902353675,7.863788326883481,1.0097719713141904,1.0604303424243913
SB83621_component_1424a,54.012328,-3.519342,7.48799991607666,14.97599983215332,54.01250348812894,-3.519286555701027,7.6436649595781,0.93283612028174,0.9796347636474595
SB83621_component_1436a,52.846652,-3.641973,8.08899974822998,12.312024116516113,52.84700835365449,-3.6422307283854,8.066107469757245,0.954930981286623,1.002838082502442
SB83621_component_1442a,55.119229,-0.483517,7.511000156402588,30.40890884399414,55.11941350088574,-0.483917234831771,6.355910647621396,1.1252814342424875,1.181734699057399
SB83621_component_1445a,50.784145,-2.388943,8.133999824523926,32.5359992980957,50.78431859713537,-2.3893866763284173,7.568373658107678,1.0233937468367789,1.0747354969466019
SB83621_component_1446a,51.830146,-1.231666,7.8470001220703125,38.4656867980957,51.830394660517435,-1.232143731109379,8.919000045134242,0.8377774355508503,0.8798071625026217
SB83621_component_1447a,50.018498,-0.453352,7.415999889373779,31.965517044067383,50.018440987199895,-0.4536793761246704,5.781396219649317,1.2214568975155846,1.2827351054350695
SB83621_component_1448a,50.550115,-3.53011,6.859000205993652,12.033333778381348,50.54975220040603,-3.5307267529157964,6.194252723359691,1.0544186071403596,1.1073168164623108
SB83621_component_1454a,54.342065,-2.671416,7.209000110626221,25.031251907348633,54.341994892144115,-2.6715334463233344,6.6560641229634845,1.0313324929896843,1.0830725151452645
SB83621_component_1455a,52.556475,-1.363436,7.063000202178955,32.54838943481445,52.55684258333869,-1.3638177689989521,6.6209569407430084,1.0158033038086955,1.066764255589063
SB83621_component_1458a,49.775908,-1.83027,7.190000057220459,24.79310417175293,49.7757877714888,-1.8307227977969271,8.08991782092111,0.8463031349697104,0.8887605803147469
SB83621_component_1461a,52.863625,3.482567,7.177000045776367,18.032663345336914,52.863712153447686,3.482319648209536,8.862498069161463,0.7711306427425991,0.8098168247562088
SB83621_component_1462a,50.437687,-2.010472,7.728000164031982,32.20000076293945,50.43773083197298,-2.0108774541061947,9.12872342251732,0.8061172954783361,0.8465586924202074
SB83621_component_1463a,52.134118,-3.43333,7.86899995803833,18.25754165649414,52.1342828826042,-3.4332393073969385,7.8216788932184125,0.9579894493385476,1.0060499881759333
SB83621_component_1464a,55.480804,-1.391263,7.388000011444092,28.972549438476562,55.48089435691409,-1.391597141080988,8.630175365347243,0.8151704583959445,0.8560660355882385
SB83621_component_1465a,55.538388,0.715074,7.8429999351501465,32.5435676574707,55.53811809581632,0.7145340196481218,7.5716947976915945,0.9863482474047228,1.0358314940984237
SB83621_component_1467a,53.510482,3.765802,7.796000003814697,13.946331977844238,53.510414589152106,3.7653164442488265,7.554736204754064,0.9826383104970745,1.031935436595233
SB83621_component_1469a,56.256286,-1.032639,7.986999988555908,17.47702407836914,56.25615277126038,-1.0329887572602372,6.3063223092061715,1.2060038279702499,1.2665067842942677
SB83621_component_1472a,55.624731,-0.434866,7.381999969482422,29.527999877929688,55.62465160830805,-0.4353776203094905,7.472480930390298,0.9406983655444974,0.9878914430494037
SB83621_component_1474a,51.779633,-1.099932,7.486999988555908,40.690216064453125,51.77980399974381,-1.1005745717468973,6.090556211569684,1.1705555877838973,1.2292801722006153
SB83621_component_1479a,54.982034,1.018392,7.960000038146973,37.37089157104492,54.981957721572385,1.0180008792902029,6.814343824695877,1.1123211447234138,1.1681242160542473
SB83621_component_1481a,50.652927,-3.07345,8.090999603271484,24.370481491088867,50.652732625988214,-3.0741016446567913,6.601796093308625,1.1670279013904514,1.225575508379041
SB83621_component_1490a,52.903834,-1.575182,7.984000205993652,35.96396255493164,52.90410793645748,-1.5756111803897952,7.824381312131526,0.9716541236486879,1.0204001936376288
SB83621_component_1491a,52.143353,3.304145,7.160999774932861,23.869998931884766,52.14351364011602,3.3036564545451044,7.122358584955192,0.9573946379537217,1.0054253362164736
SB83621_component_1493a,51.177229,-2.041723,7.684999942779541,33.41304397583008,51.177409995520264,-2.0420675666384973,6.19102042435321,1.1820144822158245,1.2413139379333271
SB83621_component_1496a,49.039651,0.018714,6.333000183105469,12.3450288772583,49.03930508681037,0.01859700952301121,10.475436234450168,0.5756765630079876,0.6045571794211655
SB83621_component_1499a,52.87771,-3.44927,7.372000217437744,19.870620727539062,52.87788677967387,-3.4494053995285747,7.006805880826715,1.0018585741495392,1.0521199449253105
SB83621_component_1500a,54.63872,-2.630096,7.10699987411499,26.51865577697754,54.6386928989125,-2.6301981840923765,6.509794842771188,1.039585399983896,1.091739455047031
SB83621_component_1503a,54.062117,3.737487,6.046999931335449,10.425862312316895,54.061972697723135,3.7369249312480086,7.139700483973666,0.8064939917080861,0.8469542867952264
SB83621_component_1507a,55.797887,-0.760617,7.103000164031982,25.55035972595215,55.79808819368209,-0.7609151393813783,6.460783117144001,1.0468822300568548,1.0994023534366641
SB83621_component_1509a,55.903715,-1.043472,7.27400016784668,22.731250762939453,55.90376503985713,-1.0437031179934415,7.483309550633945,0.9255944932045559,0.9720298376846467
SB83621_component_1513a,54.429919,0.013263,7.672999858856201,33.95132827758789,54.42989369554909,0.012906511369025113,6.6868448712826725,1.0926601589045217,1.1474768753509852
SB83621_component_1515a,55.476425,1.360699,6.765999794006348,27.06399917602539,55.4762800245645,1.3599455218268923,6.98039909966324,0.9229812788731249,0.9692855232779978
SB83621_component_1521a,56.423044,1.964385,7.061999797821045,11.086341857910156,56.42289205726585,1.9641601041086931,5.78959980972596,1.1615029608723058,1.2197733919290203
SB83621_component_1522a,49.018905,-1.06033,7.934000015258789,12.553796768188477,49.018683157923135,-1.0606027670104172,5.117868818789824,1.4761966413942622,1.5502546657956093
SB83621_component_1524a,49.377878,-2.718056,7.585000038146973,12.988014221191406,49.37791379079702,-2.718633732961846,5.613589812858943,1.2866371225977078,1.3511853004956218
SB83621_component_1526a,52.911956,-0.087652,7.28000020980835,31.515151977539062,52.912373864789615,-0.08824273208723335,6.650722187027144,1.0423264311597185,1.0946179986300844
SB83621_component_1528a,55.305603,-2.80323,7.098999977111816,18.98128318786621,55.30549080963559,-2.8033905538919495,6.360726201742649,1.0627512851965653,1.116067529391047
SB83621_component_1529a,54.063156,0.590512,7.473999977111816,33.36606979370117,54.06318552704206,0.5899519187847316,6.535643495067408,1.0889448958500867,1.1435752244981854
SB83621_component_1532a,53.857068,-2.291214,7.182000160217285,29.55555534362793,53.857319007664394,-2.2913423822067776,6.617391453059065,1.0334744638057458,1.0853219446307978
SB83621_component_1533a,52.450079,-1.198507,6.943999767303467,34.89447021484375,52.45002730506727,-1.1988635478333192,9.118080469185362,0.7251827129744141,0.7615637732931596
SB83621_component_1534a,55.601637,2.502707,7.0289998054504395,23.35215950012207,55.601856423458514,2.5023672920259608,8.544482104231838,0.7833375630137228,0.8226361433853524
SB83621_component_1535a,53.092447,-3.472321,6.875,16.176469802856445,53.092912756640885,-3.4723698779514955,7.710660482304505,0.8490285369669858,0.8916227106325982
SB83621_component_1541a,55.322962,-2.113254,6.642000198364258,22.90345001220703,55.32303973751114,-2.1133674885891374,7.079875035277451,0.893335222764359,0.9381521799846241
SB83621_component_1547a,52.303835,1.633619,7.1539998054504395,27.83657455444336,52.304024586321496,1.6327656974012785,5.974412377345836,1.1402363811313792,1.197439907659779
SB83621_component_1548a,53.617081,-0.805338,6.86299991607666,24.865942001342773,53.617301711863604,-0.8057818141886515,5.44369139494337,1.2004986125328085,1.2607253824953564
SB83621_component_1549a,50.146716,-2.968882,6.995999813079834,20.698225021362305,50.1466664643876,-2.9694078584596384,9.365616112264844,0.7113029379348795,0.7469876759008035
SB83621_component_1550a,54.961665,-1.958406,6.9070000648498535,23.177852630615234,54.961802402219526,-1.958528217991766,6.39595750500513,1.0283123607764617,1.0799008685477989
SB83621_component_1555a,53.613542,-1.899178,7.492000102996826,26.94964027404785,53.6136442931185,-1.8996340001332552,6.379518725118211,1.1182812003421223,1.1743832765155808
SB83621_component_1556a,55.01245,-0.241619,6.39900016784668,20.980327606201172,55.01290833589012,-0.24204526417796768,5.752318019347521,1.0592790892300108,1.112421139847291
SB83621_component_1558a,52.087499,2.292972,6.841000080108643,28.26859474182129,52.08765271301956,2.2922291616192307,5.4456765905842985,1.1962140953472586,1.2562259190964242
SB83621_component_1561a,51.824026,2.112508,7.017000198364258,29.48319435119629,51.824214575505685,2.111966394457548,6.359009960620389,1.050759074529824,1.1034736919455423
SB83621_component_1564a,53.811502,-3.439133,6.926000118255615,16.18224334716797,53.811646250922266,-3.4391425206847495,5.40025991056658,1.2212624322832035,1.2825308842457102
SB83621_component_1566a,52.881208,-0.483588,6.947999954223633,27.79199981689453,52.88144886692934,-0.4840305270438235,6.155201391234146,1.074876840437584,1.1288014010587113
SB83621_component_1568a,51.53621,-2.117066,7.071000099182129,32.58525466918945,51.53625354438462,-2.117341625373188,5.605916656710836,1.2010895054016668,1.2613459193542316
SB83621_component_1569a,55.975097,0.850532,6.6529998779296875,20.855798721313477,55.974837328341856,0.8500877959514376,6.985932413755375,0.9068475866505376,0.952342433893271
SB83621_component_1572a,52.987959,1.79868,7.110000133514404,32.76498031616211,52.988158441820296,1.7979072614655736,6.657618379923344,1.0169319149163614,1.0679494870050317
SB83621_component_1573a,56.227586,0.850619,5.991000175476074,15.128787994384766,56.2274704313276,0.8499864788234311,6.6434712528688165,0.8587078597125308,0.901787626895956
SB83621_component_1579a,55.732921,-1.442599,6.675000190734863,24.36131477355957,55.73314433725209,-1.4430292299805079,6.436224936380866,0.987554869062206,1.0370986497075818
SB83621_component_1583a,53.62484,-0.253617,6.7210001945495605,28.72222328186035,53.625231443392295,-0.25409554184262667,6.782486460016972,0.9435961023534347,0.9909345538940807
SB83621_component_1587a,54.385911,0.387575,6.284999847412109,29.09722137451172,54.38581621036,0.3869465652528052,6.549073235431658,0.9138324806727827,0.9596777469839756
SB83621_component_1589a,50.791979,-2.284199,7.145999908447266,28.583999633789062,50.791958832862505,-2.2844506161940488,7.020988979139297,0.9691832075223674,1.0178053162708844
SB83621_component_1591a,53.271655,0.561324,6.435999870300293,29.93488311767578,53.271813633903115,0.5605307426320436,5.744383305798752,1.0668755959711778,1.1203987491230571
SB83621_component_1596a,56.112517,-0.814925,7.340000152587891,19.015544891357422,56.112605554803444,-0.8152814701563936,6.430892749335134,1.0868408864030044,1.1413656608325096
SB83621_component_1599a,50.493409,2.357276,6.867000102996826,26.209924697875977,50.49333197538054,2.3571086717795917,5.9870227256254225,1.0921877798463087,1.1469807979189655
SB83621_component_1601a,56.184145,1.11783,7.28000020980835,18.860103607177734,56.18399197183567,1.1172571074749376,6.67382883343002,1.0387176079665708,1.0908281275273264
SB83621_component_1606a,55.377708,1.061535,7.304999828338623,31.623374938964844,55.377564142046545,1.0609833535180073,6.62185913126062,1.0504646403170748,1.1031644865190529
SB83621_component_1610a,51.560403,-0.927174,6.375999927520752,30.50717544555664,51.56057024599604,-0.9276638369676271,5.814834805588617,1.0441240227176234,1.0965057719942106
SB83621_component_1615a,54.126021,1.589415,7.044000148773193,27.84189796447754,54.12604275763504,1.5887524929773058,6.61575865581885,1.0138667221392756,1.0647305192394958
SB83621_component_1617a,53.451073,-0.455647,6.421999931335449,27.44444465637207,53.45109337561257,-0.4560495882181401,6.363960429416112,0.9609128293786625,1.0091200287247326
SB83621_component_1618a,55.967688,1.393344,6.9070000648498535,21.057926177978516,55.967650384631256,1.3929689402761003,7.741563147464076,0.8495754715315099,0.8921970838812311
SB83621_component_1622a,51.96273,-2.224171,6.640999794006348,29.647319793701172,51.96278508404648,-2.2245430280063934,7.294033616835567,0.8669755940893881,0.9104701380424223
SB83621_component_1630a,52.388181,-2.592443,6.554999828338623,28.254310607910156,52.38823457242977,-2.5925892257486423,6.831552626499293,0.9136806598854434,0.9595183096317031
SB83621_component_1640a,52.024606,-2.476948,6.6539998054504395,26.196847915649414,52.02462610295378,-2.4772165163334137,5.433625286003584,1.1660958891847935,1.2245967388642727
SB83621_component_1641a,55.946466,-2.658877,7.129000186920166,13.527514457702637,55.946088788710654,-2.6590899785972164,6.678715915689008,1.0164284700107276,1.067420785210132
SB83621_component_1643a,52.594242,-1.973305,6.373000144958496,31.864999771118164,52.59485280837674,-1.9735656021376786,5.828973223723912,1.0411014079745877,1.0933315183230548
SB83621_component_1651a,50.124858,0.237427,6.1539998054504395,26.187232971191406,50.12493496823797,0.23702781240020468,5.992452733029277,0.9778990559121169,1.0269584224721113
SB83621_component_1652a,56.005127,-0.415101,5.986999988555908,17.871641159057617,56.00517215482004,-0.4155609897510295,6.207427926388302,0.9184145118259668,0.9644896500698242
SB83621_component_1654a,55.016726,0.305497,6.318999767303467,26.004114151000977,55.016617620169164,0.3050077332799872,5.8943413766299155,1.0208318704918877,1.0720450960572543
SB83621_component_1655a,53.91451,-0.660594,6.583000183105469,25.12595558166504,53.91480736191547,-0.6611221175716001,6.069940178911522,1.0327153254017245,1.084524721672949
SB83621_component_1661a,53.58434,-0.026446,5.978000164031982,25.878787994384766,53.58419493711069,-0.027052728039056728,6.054739763981989,0.9401596470520575,0.987325698057824
SB83621_component_1662a,53.356886,-0.714947,5.821000099182129,25.530702590942383,53.35711770525452,-0.715524700928866,4.72191741150486,1.1738710323790362,1.2327619464498416
SB83621_component_1663a,56.409226,1.000419,6.057000160217285,11.92322826385498,56.409062343679246,0.9997656437529563,5.1404292540051015,1.122016812342496,1.1783062971828762
SB83621_component_1666a,50.524723,-3.041035,6.084000110626221,18.54878044128418,50.52479695234242,-3.041747301876548,6.075285301236094,0.953594420687432,1.00143446915791
SB83621_component_1667a,50.564174,1.466238,6.504000186920166,28.6519832611084,50.56433100420715,1.4660243212237833,5.540298757600058,1.1178628575551521,1.1739439462534622
SB83621_component_1675a,50.931534,0.036096,6.980999946594238,32.62149429321289,50.93201026729142,0.03570273702349946,6.529001563854932,1.0181506147872608,1.0692293267689819
SB83621_component_1679a,51.552293,2.545521,6.193999767303467,23.1119384765625,51.55243617200827,2.545116268363805,5.77010993536925,1.0221820795616092,1.0734630425905551
SB83621_component_1690a,52.202897,-0.540175,6.442999839782715,32.054725646972656,52.20322907700619,-0.5403811028796341,5.7572313913236695,1.0656524840039088,1.1191142759161148
SB83621_component_1692a,51.939885,-1.721568,6.103000164031982,30.66834259033203,51.94009984108803,-1.722188751529537,5.789550627916978,1.0037826651455104,1.0541405639677048
SB83621_component_1693a,49.986893,-2.82497,6.334000110626221,21.544218063354492,49.98655935681417,-2.825565962429278,6.316559800173518,0.9548576246762397,1.0027610457281229
SB83621_component_1695a,50.099356,-2.535794,6.263000011444092,22.05281639099121,50.09942657179531,-2.536415782832841,5.522181438429815,1.0799730209899139,1.1341532474573892
SB83621_component_1698a,55.726047,-1.895871,6.067999839782715,20.02640151977539,55.72610811355012,-1.8961268067794723,8.521047693852541,0.6780999780055136,0.7121189855750294
SB83621_component_1700a,55.721048,2.017075,6.525000095367432,22.57785415649414,55.72095116535983,2.016646509220074,5.928063923601783,1.048114695087539,1.1006966489327195
SB83621_component_1705a,50.118168,-1.443485,5.940000057220459,22.758621215820312,50.118171189496955,-1.4440052956663165,6.127323191442486,0.9231171653410457,0.9694282269158503
SB83621_component_1706a,51.89133,-2.481752,6.889999866485596,29.82683753967285,51.89150655151076,-2.4820649149672347,5.562068848278458,1.179570815706312,1.2387476772456982
SB83621_component_1708a,51.125294,-1.030845,5.620999813079834,27.55392074584961,51.12562399967412,-1.0312077303454839,5.141673550703029,1.0409988198928628,1.0932237835891518
SB83621_component_1712a,54.938687,-0.294771,6.260000228881836,24.169885635375977,54.93870003400508,-0.2951752638822931,5.382220500234266,1.10752625089803,1.1630887713740758
SB83621_component_1713a,51.153266,-2.73294,6.260000228881836,25.551021575927734,51.153410520856234,-2.73322030715537,6.035556808297223,0.9876388677075024,1.0371868624078007
SB83621_component_1717a,50.372564,-0.765457,6.230999946594238,27.94170379638672,50.372437045261194,-0.7658612920977819,6.108927827736256,0.9712564569053921,1.019982576697623
SB83621_component_1723a,54.115106,-2.731058,6.739999771118164,24.688644409179688,54.11522145775108,-2.730965633597252,5.399843522805696,1.1885566125602418,1.2481842747206382
SB83621_component_1725a,53.081466,-2.98937,6.289000034332275,23.64285659790039,53.081494201436314,-2.9894312842937643,5.685555822650257,1.0532945449042588,1.1061363621262854
SB83621_component_1728a,49.788579,3.153834,6.10699987411499,11.744231224060059,49.788225194378235,3.1537140401066313,4.845045634869079,1.200248591113323,1.2604628179688986
SB83621_component_1730a,53.463628,2.905949,5.99399995803833,26.060869216918945,53.463967930995445,2.90536776531477,6.516163711804447,0.8759229680889418,0.9198663850602489
SB83621_component_1736a,55.625098,1.091446,6.4079999923706055,22.484210968017578,55.624873880973595,1.0909503578305486,5.782455730168196,1.0552402588873353,1.1081796889406041
SB83621_component_1744a,51.91034,1.880562,5.855000019073486,23.234127044677734,51.91042062495042,1.8798857352799145,5.617762717167149,0.9924409483503068,1.0422298544545805
SB83621_component_1750a,55.250368,-1.83248,5.966000080108643,21.933822631835938,55.25043055486622,-1.8328263043359057,5.243171724722827,1.0835035501614894,1.137860896673955
SB83621_component_1756a,53.866387,2.525903,6.099999904632568,27.232141494750977,53.86667781701621,2.5254212874746154,6.6287944573610424,0.876266968934707,0.9202276437850224
SB83621_component_1759a,52.384674,3.014394,5.505000114440918,22.020000457763672,52.38506227773936,3.0138625673367443,5.331207138529533,0.9832703449379394,1.0325991790218305
SB83621_component_1767a,53.94821,2.012193,5.579999923706055,24.15584373474121,53.948261851230164,2.0114933150353655,4.871888724171034,1.0906314033663134,1.1453463409420355
SB83621_component_1769a,52.17819,2.838321,6.298999786376953,24.32046127319336,52.17803776209734,2.837924198507415,5.739304796145895,1.0450894654430911,1.0975196491754384
SB83621_component_1776a,49.408203,-0.39335,5.7210001945495605,16.487031936645508,49.40792894588074,-0.39351785677130524,3.861611104663743,1.4107322467178647,1.4815060448837527
SB83621_component_1787a,52.617712,0.668964,5.900000095367432,25.54112434387207,52.617957095388455,0.6683245823894525,4.739704400798114,1.185337235769234,1.2448033878175897
SB83621_component_1793a,54.952359,-0.231296,5.702000141143799,21.040590286254883,54.952825860636686,-0.23128667099397915,5.689131978937218,0.9543823096023472,1.0022618849860088
SB83621_component_1796a,51.222831,2.238701,6.303999900817871,25.419355392456055,51.22298493451795,2.2382704148720016,4.9058858507074445,1.2236012853660003,1.2849870732130495
SB83621_component_1802a,53.389288,2.534295,5.826000213623047,24.174274444580078,53.38933062506139,2.533891113819921,4.454399605024814,1.2454390737101981,1.3079204225527925
SB83621_component_1804a,55.263404,0.010375,5.349999904632568,20.18868064880371,55.26317428632127,0.010034423418848889,6.104051819891028,0.8345968249342086,0.8764669866003986
SB83621_component_1805a,49.89478,1.514098,5.513999938964844,21.968128204345703,49.89417529408253,1.513890945719643,5.153333733525834,1.0188720627756793,1.0699869684535737
SB83621_component_1813a,52.749609,1.379903,5.5920000076293945,25.30316734313965,52.75017346921719,1.3791253688712761,5.915462606585336,0.9001598035651783,0.9453191372394358
SB83621_component_1815a,53.90058,0.744772,5.364999771118164,25.070093154907227,53.90055426008663,0.7440050411514816,5.097948201053133,1.0021101366031764,1.052384127796721
SB83621_component_1818a,55.857818,2.212939,5.603000164031982,17.675079345703125,55.85803259558696,2.21244778108782,4.977449537983779,1.0719016394678602,1.1256769398211912
SB83621_component_1819a,49.827122,2.226394,6.127999782562256,20.843536376953125,49.82729795228912,2.2260754747640816,5.671984898122495,1.0287855156187353,1.0803977606835147
SB83621_component_1821a,50.087083,-0.52794,5.747000217437744,25.4292049407959,50.08693256874634,-0.5284464283422088,5.473675194721693,0.9997774944959751,1.0499344613980055
SB83621_component_1824a,55.534925,-1.070019,6.020999908447266,24.475608825683594,55.53494095057485,-1.0703100954315425,4.28264855343546,1.3387434222428063,1.4059056757336141
SB83621_component_1837a,52.216406,-2.769065,5.659999847412109,23.983049392700195,52.21612567852039,-2.7690368152957623,3.7905151995917152,1.4218682047450313,1.4932006730963012
SB83621_component_1843a,50.530734,1.160827,5.480000019073486,23.51931381225586,50.53077018525576,1.1606088531552756,5.167178262815274,1.0098765349011347,1.0605401517709154
SB83621_component_1847a,55.681188,-2.601694,5.136000156402588,13.271318435668945,55.680898817012476,-2.6020206052222434,5.083154028469015,0.9621281562804532,1.010396326304023
SB83621_component_1849a,52.6283,-2.697198,5.4670000076293945,25.07798194885254,52.62836358064205,-2.6972720937761574,5.279443861773069,0.9860570989014484,1.035525739219308
SB83621_component_1853a,56.05644,-1.024568,5.591000080108643,14.559895515441895,56.0566147265829,-1.024913980140957,5.7741398377778115,0.922026422645218,0.9682827636991121
SB83621_component_1855a,50.89319,1.394115,5.964000225067139,25.378725051879883,50.89316653447384,1.3936979153145566,5.5478541740440575,1.0236553955384162,1.0750102720742092
SB83621_component_1856a,54.945297,2.531017,5.822999954223633,22.225191116333008,54.94545170106686,2.5307869016112416,5.762663201909355,0.9621985861914639,1.010470289551936
SB83621_component_1857a,53.200665,3.227887,5.538000106811523,19.229167938232422,53.200831860937356,3.2275902393013047,5.436285683609094,0.9700449390392709,1.018710279246197
SB83621_component_1858a,56.012748,1.346169,5.47599983215332,17.384126663208008,56.012532221953116,1.3454131108194853,4.385549362214892,1.1889965330890573,1.2486462652395511
SB83621_component_1859a,51.318743,1.873441,6.084000110626221,27.405405044555664,51.31889741055444,1.8730926135256116,4.989476848622902,1.1611153519916768,1.219366337435839
SB83621_component_1860a,51.492209,-2.875899,5.568999767303467,22.823768615722656,51.49181884070237,-2.8762245673166875,5.421566239700791,0.9781232838699934,1.0271938995272356
SB83621_component_1862a,55.667161,-2.392531,5.195000171661377,14.11684799194336,55.66706473933761,-2.392622560830722,4.4918832857049,1.1012813097778316,1.1565305332384963
SB83621_component_1869a,55.248383,0.285502,5.506999969482422,23.138654708862305,55.24819883766913,0.2849666858871801,4.8279233544461375,1.086165172057112,1.1406560471617488
SB83621_component_1870a,55.404038,-0.725685,5.636000156402588,22.101961135864258,55.40398391066435,-0.7263295640150575,5.337709752643315,1.0054424278118086,1.0558835938225295
SB83621_component_1871a,49.928418,2.531223,4.750999927520752,13.420903205871582,49.928131035935294,2.531213731935229,4.912366887908827,0.9209486047430517,0.967150873688759
SB83621_component_1873a,51.747796,-2.299056,5.86899995803833,31.385025024414062,51.747932274321464,-2.2995355928045482,5.3823963933642185,1.0383161125217837,1.0904064898070365
SB83621_component_1874a,51.204851,1.5785,5.742000102996826,22.695653915405273,51.20492672750056,1.5780039333461418,5.277124229972505,1.0361128111108897,1.0880926528854415
SB83621_component_1875a,55.339556,-2.826923,5.519000053405762,14.447644233703613,55.33938307308142,-2.8273110163019632,3.876200968696438,1.3557989033736166,1.4238167984519634
SB83621_component_1878a,50.758635,3.306365,5.5320000648498535,13.795511245727539,50.75858406760405,3.306288040195745,5.479430335187544,0.9613641713631579,1.0095940136923942
SB83621_component_1880a,51.668642,-1.252495,5.635000228881836,27.22222328186035,51.66914325242756,-1.2529700879282444,5.405106496067279,0.9927293194121319,1.0425326925532044
SB83621_component_1885a,54.960621,0.915552,5.447000026702881,25.815166473388672,54.9607650239949,0.9149931175371606,5.885568956258094,0.8812722415280112,0.9254840215424058
SB83621_component_1886a,52.036927,-0.363575,5.831999778747559,27.63981056213379,52.03734383208349,-0.36423591984345616,5.974988585535566,0.9294404826529723,0.9760687732301013
SB83621_component_1889a,53.317817,2.251255,5.520999908447266,25.67906951904297,53.31817494522151,2.2508171966830886,6.324328871925929,0.8312745032717448,0.8729779902742426
SB83621_component_1891a,54.083536,3.488207,5.771999835968018,13.942028045654297,54.0834782221293,3.4877992392283104,6.453113361589258,0.8517226201681477,0.8944519509489142
SB83621_component_1892a,54.141807,1.908693,5.857999801635742,23.910202026367188,54.141895959776484,1.9082755474310527,5.645695631585406,0.9880366567778331,1.03760460781176
SB83621_component_1893a,50.104483,2.807985,4.7129998207092285,15.452458381652832,50.10427540109797,2.8081346292628466,5.123919979577137,0.8758631409953136,0.9198035565532348
SB83621_component_1898a,54.378008,-2.110407,5.520999908447266,21.65097999572754,54.3782096108028,-2.1105537860349655,5.386808660472407,0.9759495227878273,1.0249110849174083
SB83621_component_1902a,54.019684,-2.523073,5.550000190734863,19.892473220825195,54.01966079324157,-2.5230347930945483,5.174654159910734,1.021298829427792,1.072535481449567
SB83621_component_1905a,52.601157,0.699714,5.132999897003174,22.22077751159668,52.60118859208152,0.6991535682913833,6.0561284276695115,0.8070814117359999,0.8475711765872225
SB83621_component_1906a,51.398759,-2.917368,5.861000061035156,20.564912796020508,51.39878416779501,-2.917562778594727,4.337110471176811,1.2868040153805347,1.3513605659772046
SB83621_component_1908a,49.570127,-3.033038,5.752999782562256,10.895833015441895,49.56973794121955,-3.0340547450767117,5.609806366243348,0.9765346379149844,1.025525554176088
SB83621_component_1910a,50.223253,-1.460773,5.920000076293945,23.215686798095703,50.22303629875642,-1.4613057840919563,5.484171277424536,1.027902371943496,1.0794703113419322
SB83621_component_1911a,50.443478,1.330113,5.285999774932861,22.58974266052246,50.443618606743556,1.3300522895259743,4.713260498687548,1.0679400222842208,1.1215165757133088
SB83621_component_1913a,53.806879,-1.05627,5.3420000076293945,22.16597557067871,53.80695406919655,-1.056614543607782,3.7747424783199586,1.3475898203866388,1.4151958811259047
SB83621_component_1914a,54.213641,1.997673,5.72599983215332,23.088708877563477,54.213496519399676,1.9970337518706638,5.316268564513361,1.0256178823124493,1.0770712131390345
SB83621_component_1915a,51.282534,-1.893634,5.21999979019165,22.403432846069336,51.28248150977672,-1.8944602800708792,5.802505052225528,0.8566356103481615,0.8996114166569386
SB83621_component_1916a,50.879239,-3.394114,5.275000095367432,10.571142196655273,50.879217312256344,-3.394641969036363,5.6815065639965825,0.8840974233306049,0.9284509374317789
SB83621_component_1917a,55.821584,-1.239546,5.124000072479248,18.106008529663086,55.82162675724061,-1.2400868977991255,5.311929678415621,0.91853979386676,0.964621217276275
SB83621_component_1920a,55.388755,-2.970782,5.327000141143799,13.15308666229248,55.38830268278995,-2.970711745222381,4.399359422531784,1.1530135983768939,1.2108581339958278
SB83621_component_1926a,52.094682,1.672104,5.339000225067139,24.15837287902832,52.095028718552356,1.6710922345105081,4.355165469484594,1.1673375203771907,1.2259006603712292
SB83621_component_1927a,53.701512,1.673519,5.256999969482422,24.225807189941406,53.701737067854395,1.6727569330712309,5.131416040267263,0.975532882561557,1.0244735426302751
SB83621_component_1933a,51.886595,-3.394347,5.288000106811523,12.045557975769043,51.886883941423925,-3.3941644824710995,5.849021662434471,0.8608934255314108,0.9040828384640586
SB83621_component_1938a,50.874102,1.324157,5.835000038146973,24.012346267700195,50.874118811378686,1.323822969701732,5.323997118826447,1.0436243828120904,1.09598106608915
SB83621_component_1940a,51.693502,2.900582,5.809000015258789,19.825937271118164,51.69362241392094,2.9000977095432336,5.3352356373566465,1.0367855556870031,1.0887991477986285
SB83621_component_1941a,54.603953,-3.126682,5.736999988555908,14.940103530883789,54.604202309210876,-3.126424027849942,5.36226111248371,1.0187744786270658,1.0698844886907466
SB83621_component_1942a,52.427261,-1.561686,5.77400016784668,30.072917938232422,52.427311554496825,-1.56220907132163,5.478181391501553,1.0036482913992697,1.0539994489419495
SB83621_component_1948a,51.080372,-1.004633,5.802999973297119,28.87064552307129,51.080533384977535,-1.004950151793849,4.5642324690645415,1.210670550114097,1.271407627159374
SB83621_component_1949a,50.053948,-0.073953,5.427999973297119,21.37007713317871,50.053717424369765,-0.07417854087637164,5.185905669253353,0.9966814833234623,1.0466831291357874
SB83621_component_1954a,51.257267,3.185014,5.617000102996826,16.002849578857422,51.25735315437967,3.184298883191013,5.98797674560175,0.8932345077390068,0.9380464122748287
SB83621_component_1955a,52.457931,3.264849,5.164000034332275,17.80689811706543,52.45810574030478,3.264344757646239,6.0873358887571625,0.807793094469458,0.8483185631122776
SB83621_component_1957a,55.668395,-2.05432,5.630000114440918,18.102895736694336,55.66825029664058,-2.05430442604959,5.884136289324021,0.9111016771573499,0.956809944163904
SB83621_component_1958a,50.108437,-0.322453,5.110000133514404,21.837608337402344,50.10819967319665,-0.322832581703332,4.887830867447395,0.9955106433154698,1.0454535502745483
SB83621_component_1975a,50.985994,-1.141555,5.164000034332275,25.69154167175293,50.986060593988945,-1.1419928062562879,5.754321443249751,0.8545417462596752,0.8974125073235235
SB83621_component_1977a,52.944659,2.525576,4.901000022888184,23.907318115234375,52.944903351245905,2.5250249866114425,4.982816179979535,0.9365932086184156,0.9835803380786792
SB83621_component_1979a,53.826022,-0.071294,5.23199987411499,24.91428565979004,53.826340221091066,-0.07170346369557858,4.6371123012337625,1.0743883164722599,1.1282883687597884
SB83621_component_1981a,50.579092,-1.394586,4.955999851226807,20.564315795898438,50.57905467852073,-1.3950169101146837,4.771059290948269,0.9891397086098017,1.038762997690976
SB83621_component_1987a,55.275649,-1.387951,4.988999843597412,17.69148826599121,55.275769274057794,-1.3884850995161118,4.422631052136264,1.0741722909563185,1.1280615056477692
SB83621_component_1994a,52.339845,0.615925,5.49399995803833,25.55348777770996,52.3399901272478,0.6151966895213697,4.757612315641168,1.099615284466523,1.1547809265534745
SB83621_component_1999a,52.502142,1.138326,5.11299991607666,22.23043441772461,52.50237419836477,1.1377856259637518,3.7834325802745807,1.2868589637458057,1.3514182709991853
SB83621_component_2006a,55.607277,-1.200686,5.178999900817871,19.110700607299805,55.60734974986549,-1.2011847620301748,3.020623658005685,1.6326400614727614,1.7145465596456384
SB83621_component_2010a,50.127523,0.592113,4.861999988555908,21.139129638671875,50.12724295578138,0.591874866012719,4.339462032217333,1.0668914294547034,1.120415376942836
SB83621_component_2014a,50.672849,-0.482207,5.493000030517578,28.025510787963867,50.67281527884653,-0.48250014854868456,3.84338247383289,1.3609343061731207,1.4292098348045945
SB83621_component_2015a,51.427967,-0.158108,4.765999794006348,23.711441040039062,51.428336617942264,-0.1585235453672892,4.568082858537438,0.993484766363668,1.0433260388653014
SB83621_component_2016a,51.469764,3.143061,5.170000076293945,15.572290420532227,51.46998603354969,3.142395797894951,5.1815969154937065,0.9500973128111392,0.9977619179204996
SB83621_component_2017a,54.000292,2.720547,5.4629998207092285,24.60810661315918,54.00044355643372,2.720398306138689,3.253437652396567,1.5989315186099058,1.6791469222362507
SB83621_component_2019a,54.289022,-0.008337,5.093999862670898,22.147825241088867,54.289148818183264,-0.008851726647262581,4.604490824447505,1.0534610497989287,1.106311220260088
SB83621_component_2022a,55.28908,-0.028983,4.98199987411499,19.16153907775879,55.28952750768506,-0.029419772859716635,4.58610199636492,1.0344301462984424,1.086325571926632
SB83621_component_2025a,50.383117,-2.87432,5.390999794006348,17.733552932739258,50.383071446077196,-2.874842065912143,4.905306469779049,1.0465122947996326,1.099013859219519
SB83621_component_2030a,49.506425,1.11637,4.678999900817871,15.807432174682617,49.50642871738047,1.1162894110351165,5.088882116597437,0.8755315712676637,0.919455352592521
SB83621_component_2032a,53.708551,2.814677,5.493000030517578,24.198238372802734,53.70867542117642,2.814249205207973,4.656306253897522,1.123334844224534,1.1796904522591718
SB83621_component_2036a,55.050051,2.046689,4.804999828338623,22.453269958496094,55.04985881717605,2.0459361181748075,5.009063021874334,0.9134358371633918,0.9592612046116057
SB83621_component_2039a,51.590739,2.008639,4.449999809265137,17.450979232788086,51.59075983608114,2.008168677485376,4.584791748290687,0.9242331559354969,0.9706002046710619
SB83621_component_2040a,51.912523,-3.071369,5.175000190734863,20.535715103149414,51.91260460250533,-3.0713583163346514,4.428264613090037,1.1128021894355313,1.1686293938798196
SB83621_component_2047a,51.355618,-3.274275,5.176000118255615,12.150235176086426,51.35589615596153,-3.27483679787735,6.425078440886055,0.767108878382546,0.8055932960005723
SB83621_component_2049a,50.198464,-3.176709,5.014999866485596,12.475123405456543,50.19850410044279,-3.1773618274790056,5.210889978661059,0.9164318784534187,0.9624075516893187
SB83621_component_2053a,54.892551,0.001913,5.127999782562256,24.188678741455078,54.892587555987134,0.0014286540792067723,4.495584801699444,1.0861829205950475,1.1406746861106354
SB83621_component_2056a,53.343937,-2.376466,4.86299991607666,20.605932235717773,53.34420260858139,-2.376722386658172,4.774319741448266,0.969915560928386,1.0185744104774797
SB83621_component_2059a,56.052455,1.70687,5.438000202178955,15.318310737609863,56.052228082524636,1.7064347780590634,4.745749925468653,1.091127585494608,1.1458674155996411
SB83621_component_2060a,53.86693,2.433338,5.046000003814697,21.472339630126953,53.86705007020054,2.432920722113833,5.144015189563854,0.9340845094903292,0.9809457822076402
SB83621_component_2061a,49.874343,-2.523207,5.291999816894531,16.641510009765625,49.874502192746846,-2.5236157202617573,6.7572166323740275,0.7457497971403957,0.7831626696028068
SB83621_component_2063a,49.628238,2.201579,5.168000221252441,14.516854286193848,49.62824800200945,2.2015891609831244,3.385810057145411,1.4534533548840216,1.526370391140489
SB83621_component_2064a,52.548468,-0.949805,5.184999942779541,25.668315887451172,52.54852497665474,-0.9501566774580853,4.5775099853694945,1.0786005101681635,1.132711880334874
SB83621_component_2065a,50.191912,2.718406,5.091000080108643,16.63725471496582,50.19189066943718,2.718513145565931,4.336112390384934,1.1180049830067122,1.174093201873094
SB83621_component_2067a,52.415839,2.517176,4.761000156402588,20.610389709472656,52.41580117156122,2.5167433310098692,4.511249404467975,1.0049455323056118,1.0553617699981868
SB83621_component_2068a,50.093615,-3.021752,4.164999961853027,11.765536308288574,50.09348908027261,-3.02209076084791,4.298876710153169,0.9225739287764559,0.9688577371888919
SB83621_component_2071a,51.285203,-0.963795,4.375,21.135265350341797,51.285406055174775,-0.9641596857346411,4.392686553568264,0.9483944601501264,0.9959736363265216
SB83621_component_2072a,50.562829,0.218087,4.646999835968018,23.9536075592041,50.562668983348715,0.21791650732948553,4.361508159181791,1.0145585932626073,1.0654571002430004
SB83621_component_2080a,55.803469,1.53822,4.901000022888184,16.228477478027344,55.80330434887977,1.5375975297144007,4.412679190926907,1.0576050494580567,1.1106631166311236
SB83621_component_2082a,50.788005,-2.859865,4.946000099182129,17.233449935913086,50.78771088060466,-2.8601654531660157,4.878578411885553,0.965388223885377,1.0138199454030128
SB83621_component_2086a,50.959797,0.246744,4.697000026702881,22.05164337158203,50.96003518429331,0.24628671553768192,3.940187294639538,1.1351280671621988,1.1920753191334217
SB83621_component_2087a,51.266424,-0.629662,4.98799991607666,21.877193450927734,51.26670036501754,-0.6303092361921824,4.787189182016105,0.9921721054412019,1.041947524199573
SB83621_component_2089a,55.641874,1.316333,4.816999912261963,18.04119873046875,55.641897563632234,1.3156985780914723,4.713095390419612,0.9732212307367362,1.022045919557147
SB83621_component_2090a,49.71463,-1.992092,4.894999980926514,16.316665649414062,49.71494266902721,-1.9924569033779973,4.5339919283409325,1.028047349180321,1.0796225618155613
SB83621_component_2092a,52.949152,-0.744998,4.986000061035156,22.061946868896484,52.949309051244896,-0.745344555006896,5.786363461751585,0.8205172872956824,0.8616811048930978
SB83621_component_2096a,49.571762,-0.725407,5.140999794006348,16.637540817260742,49.57123399670825,-0.7257444352044384,5.085358713363395,0.9626472165953046,1.0109414269040133
SB83621_component_2101a,50.730537,0.715123,4.580999851226807,19.917390823364258,50.73054994138408,0.715017968481323,4.338477387467967,1.0054583965437016,1.0559003636758335
SB83621_component_2116a,52.599512,0.611519,4.828000068664551,22.77358627319336,52.5997256865553,0.6107135849837689,4.760397332506959,0.9657511416625925,1.0142010700863051
SB83621_component_2124a,50.571513,2.815135,4.788000106811523,16.74125862121582,50.57194519827248,2.815004600564089,5.250782229270523,0.8683030178652137,0.9118641561862503
SB83621_component_2131a,54.745013,-2.130032,4.704999923706055,16.058019638061523,54.74512196966154,-2.1302809658169806,4.509037084114914,0.9936123465373062,1.0434600194976231
SB83621_component_2132a,55.8371,1.425451,4.581999778747559,15.854670524597168,55.83667227904166,1.4243302307855554,3.9896493773918578,1.0936075489817692,1.1484717942163971
SB83621_component_2133a,50.78481,-1.081638,4.703999996185303,22.94634246826172,50.78485789770459,-1.0819881793555213,3.49203169347729,1.282715379323857,1.3470668106970016
SB83621_component_2136a,54.299985,-0.558022,4.02400016784668,16.09600067138672,54.30013342035896,-0.5585350515260274,4.025997824899111,0.9517559927195918,0.9995038106975427
SB83621_component_2137a,54.768372,2.436273,4.882999897003174,17.886445999145508,54.76844041976893,2.4360041224924496,4.4393490915692455,1.0473903866475192,1.0999360032930197
SB83621_component_2140a,55.55385,1.692218,4.9720001220703125,18.762266159057617,55.55385199717079,1.691592586100861,4.963463860551491,0.953866139329636,1.0017198194161674
SB83621_component_2141a,53.317882,1.4156,4.682000160217285,18.007694244384766,53.318119200297744,1.4148108635982135,6.820069482888721,0.6537079862849886,0.6865032932529843
SB83621_component_2142a,51.866989,-3.238383,4.909999847412109,17.167831420898438,51.867051360446986,-3.2388945709928163,4.453269601509213,1.0498896544663956,1.102560654703706
SB83621_component_2143a,53.107907,-2.725889,5.013999938964844,20.979080200195312,53.10819081817891,-2.7261653551060707,4.5474605383447075,1.0499208276439218,1.102593391781242
SB83621_component_2153a,50.055602,-0.155517,4.232999801635742,17.41975212097168,50.05556027367149,-0.1559305587863785,3.6832677567386667,1.094349698687631,1.149251176184876
SB83621_component_2154a,52.495746,2.481015,4.659999847412109,17.453184127807617,52.49601706300974,2.48025070602294,2.433031243895218,1.8238091166038914,1.9153062087076096
SB83621_component_2156a,54.724813,1.830687,5.040999889373779,23.23041534423828,54.724679262119956,1.8298319524801936,4.151004984051947,1.156390722784317,1.214404682418154
SB83621_component_2159a,51.046472,1.891929,4.489999771118164,17.335906982421875,51.046476041061155,1.8917090289433984,4.008470828816146,1.066617628573331,1.1201278399833663
SB83621_component_2161a,51.483833,1.475155,4.461999893188477,19.399999618530273,51.48397224678047,1.4744687120732687,4.377533897440522,0.9706020485570206,1.0192953379064273
SB83621_component_2164a,55.315521,-1.711068,5.000999927520752,19.535154342651367,55.31565557209991,-1.7113236082630763,3.5109891158799877,1.3563398785382006,1.4243849133287076
SB83621_component_2167a,53.73195,2.430145,4.498000144958496,19.059322357177734,53.73196251164786,2.4298510641248394,4.32051847679247,0.9913448713277727,1.0410787892979425
SB83621_component_2168a,55.650282,2.680809,4.788000106811523,13.64102554321289,55.650290982437554,2.6805712823983883,4.3209218561298695,1.0551614233339182,1.1080968983549273
SB83621_component_2169a,52.975013,-0.006593,4.070000171661377,20.45226287841797,52.975336363794085,-0.0070664372681726725,3.1331811108837107,1.2369441577110485,1.2989993325069669
SB83621_component_2170a,55.574037,-1.477544,4.570000171661377,17.310606002807617,55.57415937507176,-1.477880970226282,3.6801779566984414,1.18246572869922,1.2417878226087773
SB83621_component_2171a,54.006764,-2.277554,4.206999778747559,15.242753028869629,54.00699636076672,-2.2776801939685734,3.8566096913435275,1.0387426569336247,1.0908544331542054
SB83621_component_2174a,54.833847,2.800931,4.789999961853027,18.007518768310547,54.83390006863908,2.8003796000888563,4.148150509015678,1.0995681966790443,1.1547314764597718
SB83621_component_2175a,56.137172,1.054537,4.4070000648498535,11.975543975830078,56.13711467704076,1.0539562300782843,5.041762852759012,0.8323419978671265,0.8740990390768189
SB83621_component_2184a,53.745453,-0.16909,4.164000034332275,18.02597427368164,53.74556508147563,-0.1696132056778135,4.216975889715658,0.940266086419923,0.98743747728969
SB83621_component_2185a,54.746402,-2.369493,4.0980000495910645,13.751677513122559,54.74632278054823,-2.3697217866119793,3.8519066747019344,1.0130651339349657,1.0638887168542766
SB83621_component_2189a,54.394937,3.187022,4.827000141143799,14.627272605895996,54.39469956545582,3.1867949783200094,7.195245347384753,0.638811712076685,0.6708597008298351
SB83621_component_2192a,50.268645,2.760489,4.370999813079834,13.876190185546875,50.26852083725179,2.7602901312370083,4.484107650252882,0.9282093172855573,0.974775842598991
SB83621_component_2202a,53.466324,-0.530339,4.422999858856201,19.147184371948242,53.466381961409404,-0.5306425202865132,4.018890425486064,1.0479774214367035,1.1005524885195799
SB83621_component_2204a,50.583454,0.820158,4.261000156402588,18.770925521850586,50.58320072021905,0.8201728194004914,5.961578973398869,0.6805991689599585,0.7147435562651396
SB83621_component_2205a,53.500457,-3.538166,4.810999870300293,10.368534088134766,53.50053231222249,-3.537967395317113,2.5758136668715483,1.7785335735022123,1.8677592762924842
SB83621_component_2209a,53.612256,-0.361701,4.414999961853027,19.798206329345703,53.61261292392888,-0.3621989386401842,4.519020072779651,0.930309807807887,0.976981710802041
SB83621_component_2210a,54.483588,-2.11556,4.629000186920166,17.0811824798584,54.4837211639532,-2.11560366741008,3.6197795568940396,1.2177166412427058,1.2788072075008043
SB83621_component_2214a,50.387377,2.41624,4.46999979019165,18.170730590820312,50.38707109038204,2.416123369660186,3.626842396215822,1.1735996862379794,1.2324769873804173
SB83621_component_2217a,54.903399,-0.46434,4.15500020980835,16.23046875,54.90371407522039,-0.46450693954606453,4.312045572251872,0.9175481707797659,0.963579846313751
SB83621_component_2218a,55.39464,-0.56721,4.178999900817871,18.995454788208008,55.39462907171256,-0.5675268196103284,4.441982380838629,0.8958528817120542,0.9407961451726632
SB83621_component_2220a,53.518729,-0.983575,4.723999977111816,17.115942001342773,53.51917048492249,-0.9840612374283584,4.157804670472826,1.0818996240152536,1.136176504552967
SB83621_component_2229a,53.816342,-0.712983,4.2129998207092285,17.927658081054688,53.81714744991603,-0.7136455770240228,2.594309966973783,1.5463604809908995,1.6239384939894514
SB83621_component_2233a,50.551431,-1.445336,4.414999961853027,17.802419662475586,50.55128245202212,-1.4459809236910963,3.701271783804366,1.135849767580816,1.1928332259121628
SB83621_component_2235a,50.357544,0.233298,4.289000034332275,20.136150360107422,50.357246729651756,0.23284677416937408,4.601465854942516,0.8875667243626952,0.9320942868076234
SB83621_component_2240a,51.952193,-2.90365,5.03000020980835,20.282258987426758,51.952310330261916,-2.9038356073038463,4.352000727605931,1.1005764349422729,1.1557902961508444
SB83621_component_2252a,51.88924,-1.218604,4.2870001792907715,21.328357696533203,51.889437488053744,-1.2194160703678345,4.228670387195546,0.9653634082183536,1.0137938847803907
SB83621_component_2255a,53.593164,2.402366,4.681000232696533,20.712390899658203,53.593306502068195,2.402066585269507,3.842383936131714,1.160056309471463,1.218254164733233
SB83621_component_2256a,50.666136,0.845871,4.031000137329102,20.566328048706055,50.66648989683235,0.8454170739354958,3.1556184088402244,1.2163806359029703,1.2774041772720561
SB83621_component_2258a,52.569699,0.612691,4.142000198364258,17.930736541748047,52.569819695786784,0.6117837078069084,5.044395925415665,0.7818836198307235,0.8211092585923362
SB83621_component_2259a,55.324538,-1.413072,3.9489998817443848,14.256317138671875,55.32503915839735,-1.4136034912549533,4.87730489776645,0.7709893531442455,0.8096684469229758
SB83621_component_2263a,52.418307,0.48729,4.4720001220703125,21.094341278076172,52.41856763285567,0.48672063570861285,3.20080714070306,1.3304037650575404,1.3971476335459667
SB83621_component_2267a,53.160775,-2.445573,4.839000225067139,19.591094970703125,53.16094211020196,-2.445735208269026,2.862269824250563,1.6098530550085304,1.6906163716882106
SB83621_component_2269a,54.91276,1.57099,4.447999954223633,18.767932891845703,54.91299666338974,1.5703020895543411,4.504824559250349,0.9402169101589963,0.9873858339477325
SB83621_component_2270a,53.960772,0.873657,3.7339999675750732,16.377193450927734,53.96066465570688,0.8729007724154155,3.6788421939643055,0.9665054709182168,1.014993242629777
SB83621_component_2271a,53.120579,-2.143387,4.423999786376953,19.575220108032227,53.1206111639996,-2.143730690893415,3.495509824762425,1.2051628505679735,1.265623616628694
SB83621_component_2275a,52.459728,3.359073,4.275000095367432,12.5,52.45977113620899,3.3585635246412218,2.9344382476099433,1.387242290369158,1.4568376413609507
SB83621_component_2277a,53.219862,-1.813037,3.9110000133514404,18.190696716308594,53.21985336068091,-1.8132775730102633,3.628909524866678,1.02624922606674,1.0777342302286046
SB83621_component_2282a,54.66105,-2.649875,4.7779998779296875,16.03355598449707,54.66106170197082,-2.6502609879472354,4.491836765399968,1.012892451512018,1.063707371277157
SB83621_component_2284a,51.911844,2.998519,3.7209999561309814,13.78148078918457,51.91211160093704,2.9980232774335884,4.431875624343935,0.7994904248966718,0.8395993641364459
SB83621_component_2292a,55.981429,0.381129,4.363999843597412,13.595014572143555,55.981503551198564,0.38077243750392215,3.5625120415193825,1.1664591956341719,1.2249782717186835
SB83621_component_2296a,49.819118,1.329188,4.360000133514404,17.79591941833496,49.81898345156145,1.3290114914317586,3.5854262572904156,1.157942178869213,1.2160339721529654
SB83621_component_2298a,50.274972,-2.285121,4.3979997634887695,17.733869552612305,50.275012930484905,-2.2855413525625123,3.118406719320728,1.342961646542563,1.4103355204566679
SB83621_component_2299a,55.819373,0.710593,4.357999801635742,15.676258087158203,55.818745684988386,0.7102643979061172,4.4049456209047015,0.942080079233425,0.9893424747297295
SB83621_component_2304a,50.427265,-1.058456,4.002999782562256,17.870534896850586,50.427137075144245,-1.059191037310122,3.870653361445001,0.9847873306271907,1.0341922690457217
SB83621_component_2308a,56.029204,-1.798041,4.691999912261963,11.118483543395996,56.029543198873526,-1.798200747117957,4.306523751001068,1.037462276997135,1.0895098189511412
SB83621_component_2312a,49.521104,0.166558,4.348999977111816,15.313379287719727,49.52100588666486,0.16618942419615398,4.20797977409676,0.9841400987337975,1.033512566738828
SB83621_component_2319a,49.800754,2.055055,4.079999923706055,13.076922416687012,49.80108206010674,2.0551762525261337,5.449025213557076,0.7129884642789137,0.7487577619488874
SB83621_component_2324a,49.790537,-0.32141,4.561999797821045,17.960628509521484,49.789959162054735,-0.3216640780237135,4.148821141563261,1.0470603521523603,1.0995894115845397
SB83621_component_2325a,53.073155,2.290338,4.186999797821045,18.77578353881836,53.07322535146005,2.2896213834067356,4.128342506355325,0.9657581559671156,1.0142084362853665
SB83621_component_2327a,49.375343,0.406275,4.360000133514404,12.899408340454102,49.3752358664601,0.40609258239362334,2.4702850754117676,1.6806628246538342,1.7649785350331049
SB83621_component_2330a,54.535518,2.065619,3.8589999675750732,16.562231063842773,54.53555683453203,2.0651240264825677,5.4590255515135935,0.6731328938148,0.7069027120609667
SB83621_component_2334a,49.836813,2.689264,4.421999931335449,11.309462547302246,49.83656053675306,2.6894873376753163,4.266364214110728,0.9869654943544766,1.0364797071731398
SB83621_component_2337a,49.585346,-2.566148,4.519999980926514,10.917874336242676,49.58533758064076,-2.5668973514259035,4.842194626161514,0.8888681757064705,0.9334610295310642
SB83621_component_2338a,49.933511,-2.376396,3.6419999599456787,11.863191604614258,49.933473211135656,-2.377008781871012,3.274721893945448,1.059026137839158,1.1121554983582826
SB83621_component_2339a,54.383447,0.155468,3.819999933242798,18.01886749267578,54.38347105965302,0.15509791679981447,3.6908552866884947,0.985547370733383,1.034990438942453
SB83621_component_2341a,50.976504,-1.487812,3.4839999675750732,15.764705657958984,50.976830964684616,-1.4882819069663593,3.61437974658124,0.9178791992383425,0.9639274818509345
SB83621_component_2342a,49.636325,-0.198535,3.924999952316284,14.068099021911621,49.63637874162829,-0.1987435469020038,5.045832560176319,0.7407096227162342,0.7778696390549928
SB83621_component_2344a,54.652016,-2.986505,4.020999908447266,10.609498023986816,54.65182995839521,-2.9863590414343038,4.635841924412606,0.825936407347733,0.8673720920621673
SB83621_component_2350a,54.473986,1.052454,4.043000221252441,18.211711883544922,54.47421198401417,1.0519008568417179,3.836193141559168,1.0035625961474168,1.0539094545195968
SB83621_component_2351a,51.95172,-2.410499,3.763000011444092,17.5023250579834,51.95190553512782,-2.4107189454583513,3.0190553324263383,1.1868731706469475,1.2464163776752857
SB83621_component_2361a,51.538744,1.972442,4.307000160217285,16.89019775390625,51.53884150905277,1.971895094861324,3.8191419310253165,1.0738664031576928,1.1277402720304228
SB83621_component_2363a,52.636442,3.408292,3.8540000915527344,11.302053451538086,52.63626830431948,3.4076352655186852,3.8709304209411863,0.9480637065211093,0.9956262894065826
SB83621_component_2367a,50.128722,0.788514,4.432000160217285,20.518518447875977,50.1283535603725,0.7884607291621075,2.7670616431656234,1.5251835024458391,1.6016991060404817
SB83621_component_2369a,50.452969,0.304336,4.388999938964844,19.165939331054688,50.453037984392545,0.303894122786857,2.5242644132590235,1.6556628185242654,1.7387243253563522
SB83621_component_2370a,51.328469,0.667716,4.006999969482422,19.738916397094727,51.32871119847447,0.6670781043033848,4.012068438527169,0.9510255226117744,0.9987366942706969
SB83621_component_2373a,51.207986,2.614173,4.2789998054504395,16.649805068969727,51.208087593257694,2.6137846199351893,2.9723947307907346,1.3708090083726292,1.4395799323436809
SB83621_component_2375a,49.902863,-2.451765,4.0929999351501465,13.332246780395508,49.90255932751599,-2.4522782817747992,2.683993587760621,1.4521163976395044,1.5249663612516764
SB83621_component_2384a,50.026352,0.603363,4.364999771118164,18.49576187133789,50.02590396256631,0.6031899777726423,3.422548420337531,1.2144392363160021,1.2753653812990289
SB83621_component_2387a,51.334421,-0.217451,4.375999927520752,22.213197708129883,51.334649024765106,-0.2178246355119335,4.730375813902241,0.8808923256784833,0.9250850460253066
SB83621_component_2388a,49.455684,1.226978,4.057000160217285,11.862573623657227,49.45530724130672,1.2267662016257426,2.8864113519358447,1.338406283100269,1.405551622950885
SB83621_component_2390a,55.988943,0.285449,4.366000175476074,13.559006690979004,55.9888581384801,0.28463400801624117,3.6928401947224563,1.125808181277428,1.182287872005848
SB83621_component_2393a,54.757925,2.486687,4.1529998779296875,17.020490646362305,54.75798892171703,2.4863387862281736,3.102125634797883,1.2748048337556876,1.3387594078536647
SB83621_component_2394a,51.368345,3.405433,4.440999984741211,10.232719421386719,51.368254836740874,3.404996246642708,4.554144737379133,0.9285709834624111,0.9751556528914723
SB83621_component_2396a,51.001216,-0.006158,3.5959999561309814,15.982222557067871,51.00115030631106,-0.0065885522653985765,3.155028831865394,1.0853192628935133,1.1397677003176119
SB83621_component_2397a,49.54435,-1.058765,4.28000020980835,12.228571891784668,49.544556014178504,-1.0584708468201742,4.333615020240399,0.9404476558004485,0.9876281556664268
SB83621_component_2401a,53.254766,0.379317,3.6519999504089355,17.990148544311523,53.25575974676771,0.37856788089817306,3.8395613489560794,0.905712408134787,0.9511503055946381
SB83621_component_2402a,49.55844,-0.093425,3.635999917984009,12.985713958740234,49.558203823737465,-0.09369962850910449,4.434074892867942,0.780839916480539,0.8200131945972293
SB83621_component_2406a,52.818629,2.315889,4.230000019073486,20.336538314819336,52.818932067630755,2.3153992715322187,3.895352952386921,1.0340337655205725,1.085909305466532
SB83621_component_2410a,53.312534,-1.722271,4.191999912261963,15.468634605407715,53.31303467877877,-1.722822693043738,3.9620185610875187,1.007502018468112,1.0580465102897745
SB83621_component_2417a,54.011845,-1.620744,4.11899995803833,16.47599983215332,54.012025306418856,-1.621072408313937,4.149932015750775,0.9451309195646153,0.992546370014004
SB83621_component_2419a,54.750188,0.129314,4.01800012588501,16.00796890258789,54.75012991292901,0.12889643356264283,4.723932642548814,0.8099298688629244,0.8505625354804137
SB83621_component_2429a,55.626913,1.948812,4.2729997634887695,16.00374412536621,55.62771677070357,1.9481387744859548,3.206335582354072,1.2690100452907096,1.332673905690046
SB83621_component_2431a,53.86441,1.785494,4.453999996185303,20.06306266784668,53.86448080398444,1.7847066055959107,3.1869419297462667,1.3308135925373825,1.397578021303926
SB83621_component_2439a,54.001352,1.868551,4.361999988555908,18.64102554321289,54.00140779012049,1.8678768742045222,3.8041357274302148,1.0918697199772684,1.1466467815811987
SB83621_component_2440a,51.469235,2.770899,4.070000171661377,15.8984375,51.46913696054379,2.770639414791302,3.917529918249306,0.9892892080043542,1.0389199971905276
SB83621_component_2444a,54.185195,1.376187,4.3429999351501465,17.371999740600586,54.18542927843605,1.3756592620525574,2.287453995270738,1.807917548537633,1.8986173903952628
SB83621_component_2450a,50.962491,3.074279,3.9709999561309814,11.889222145080566,50.96245244773317,3.0742594302715625,3.8935726081591104,0.9711644358828964,1.0198859391525457
SB83621_component_2451a,50.099833,2.96216,4.223999977111816,11.700830459594727,50.09951498804453,2.9621142115487284,3.4369953723210256,1.170270144368911,1.2289804086233964
SB83621_component_2453a,55.377183,-0.71304,3.927000045776367,15.708000183105469,55.37741990601688,-0.7135003165677647,3.953006224112386,0.9459639236285553,0.9934211643337703
SB83621_component_2454a,53.7611,-0.524102,4.073999881744385,15.914061546325684,53.761414514443885,-0.524309770840139,3.566888889158954,1.0876085094198007,1.1421717940602865
SB83621_component_2455a,49.917048,3.044834,4.290999889373779,10.216667175292969,49.91748859767057,3.045081263119369,3.69424955850135,1.1060466355496283,1.1615349264911365
SB83621_component_2457a,51.827149,2.408323,3.61899995803833,12.267797470092773,51.827041683377516,2.4079191864803584,3.031391246260958,1.136809650445397,1.1938412643046827
SB83621_component_2458a,53.208758,1.369964,3.7639999389648438,18.183574676513672,53.209050728299886,1.3695425402846002,3.960569988417524,0.9049677053299625,0.9503682424429971
SB83621_component_2462a,55.781391,-1.738855,4.234000205993652,14.75261402130127,55.78146248520678,-1.739283793929431,4.1269520897263865,0.9769281265292201,1.0259387833781135
SB83621_component_2471a,55.37261,2.980995,3.9130001068115234,10.69125747680664,55.372873839175654,2.980551481305019,3.30415294277622,1.1276929978253023,1.1842672462745436
SB83621_component_2472a,53.394221,-2.996504,4.0920000076293945,16.770492553710938,53.39430803816312,-2.996761976094421,4.006737546142525,0.9724916832240095,1.021279772010262
SB83621_component_2476a,49.704955,1.245452,3.9860000610351562,14.44202995300293,49.70520730194601,1.2453438698680097,3.447840164509326,1.1008581000098088,1.1560860918279887
SB83621_component_2477a,55.094415,-1.030912,4.228000164031982,17.39917755126953,55.094483531307226,-1.0313982263324402,2.771384147268782,1.4527116951408556,1.5255915237152184
SB83621_component_2479a,55.783723,-0.165098,3.5450000762939453,10.677711486816406,55.78347992472651,-0.16587517649386588,3.836268544599493,0.8799305859307203,0.9240750575932488
SB83621_component_2483a,51.098025,2.530224,3.8529999256134033,14.594696998596191,51.09815088249709,2.52980684855153,3.47629173033114,1.055416674055393,1.1083649545276741
SB83621_component_2490a,55.513329,-1.34362,4.078999996185303,16.447580337524414,55.51304458377685,-1.3438009389984675,3.517148339656957,1.1043435147658507,1.1597463633231762
SB83621_component_2491a,54.138331,3.328942,3.9649999141693115,11.232295036315918,54.13902724278292,3.3287591046083964,5.154189204048467,0.7325275975083346,0.7692771369461794
SB83621_component_2492a,53.075158,1.113487,4.181000232696533,19.537384033203125,53.07539067039687,1.1129785484381252,5.305334085100076,0.7504272917610767,0.7880748253797605
SB83621_component_2494a,50.46314,-0.4047,4.10699987411499,19.74519157409668,50.463333753093785,-0.4050061137210098,3.521064719246387,1.1106874063253096,1.1664085160564759
SB83621_component_2496a,54.667839,2.496404,3.7279999256134033,15.154470443725586,54.66788883589975,2.4962745456864504,4.93838151393667,0.7188403095763491,0.7549031833795277
SB83621_component_2498a,53.230489,2.815946,4.269000053405762,18.165958404541016,53.230413989944125,2.8154760620864305,3.9921709798722578,1.0182588484385078,1.0693429903000702
SB83621_component_2499a,54.912491,0.632503,4.203999996185303,18.199132919311523,54.91224215843038,0.6318409179025434,3.5306201638158985,1.1338428755901664,1.1907256519040594
SB83621_component_2503a,51.611795,-1.232535,3.6459999084472656,17.528844833374023,51.61226652567705,-1.2327724219325513,3.6206752543108425,0.9588887985973672,1.0069944561049133
SB83621_component_2504a,53.273652,-1.480275,4.138000011444092,16.48605728149414,53.273962755852835,-1.480914500688287,3.330016521404013,1.18327384527753,1.2426364808843093
SB83621_component_2505a,51.924335,1.581876,3.7720000743865967,15.848739624023438,51.924598657740525,1.5811243635023813,3.422864356972685,1.0493567715235255,1.1020010380203034
SB83621_component_2508a,52.454212,0.40506,4.107999801635742,19.561904907226562,52.454676001813084,0.40458277527800013,3.0931011497654377,1.2646707012091953,1.328116864832328
SB83621_component_2511a,50.742502,2.111842,3.941999912261963,15.64285659790039,50.74267790840641,2.1115299619861645,4.13754458392087,0.907225167437515,0.9527389572020991
SB83621_component_2514a,55.616801,-2.60829,4.144000053405762,11.169811248779297,55.617000898587044,-2.608603464300504,2.5707057911989177,1.5350005739497758,1.6120086816597927
SB83621_component_2515a,56.140249,0.923543,3.8239998817443848,10.957019805908203,56.139805162416955,0.9229080568030522,3.365275684098619,1.082027723801039,1.1363110308654056
SB83621_component_2517a,55.459608,2.448522,3.871000051498413,14.444029808044434,55.45995029436722,2.448065336228827,3.7095544981551765,0.9936709355223841,1.0435215477824968
SB83621_component_2518a,53.318168,-2.1255,3.875,17.69406509399414,53.3181436585311,-2.1257931687666347,4.407438736254897,0.8371949275382247,0.8791954311525332
SB83621_component_2520a,50.801095,2.432473,3.566999912261963,13.666666030883789,50.8010755229907,2.432044143477357,3.299002138945044,1.0295837212309151,1.0812360107782832
SB83621_component_2523a,53.310083,0.410412,3.5739998817443848,15.14406681060791,53.31016478709659,0.40965140793819077,2.3373339833202498,1.456045431734909,1.5290925076387312
SB83621_component_2525a,55.582913,1.112969,4.2210001945495605,16.48828125,55.5823942180447,1.1119745460005224,4.012823848572004,1.0016279667016101,1.05187776833305
SB83621_component_2529a,54.665168,2.985579,4.076000213623047,12.898734092712402,54.66553518570611,2.985439707040114,3.9149660556373242,0.9913964580602982,1.0411329640403504
SB83621_component_2532a,54.322872,-2.692574,3.7669999599456787,13.648550987243652,54.322924332236845,-2.6924346756717568,3.666825585574517,0.9782425032000441,1.0273190998680857
SB83621_component_2536a,54.324043,2.253965,3.7039999961853027,16.104347229003906,54.32412777511695,2.2534522821448353,3.1584605168051882,1.1167004498676716,1.172723222746483
SB83621_component_2537a,51.752509,-1.194066,3.677999973297119,18.57575798034668,51.75290954128772,-1.1944675354426082,3.8019502502900253,0.9211841521355468,0.9673982380533647
SB83621_component_2541a,50.773775,1.312022,4.131999969482422,18.283185958862305,50.773727792895414,1.311668005799047,3.721034476083426,1.0573962882047467,1.110443882216205
SB83621_component_2542a,49.751419,-1.147198,3.197999954223633,10.25,49.750959715941306,-1.1475533136960718,2.962533622349463,1.0279129347438953,1.0794814040582705
SB83621_component_2549a,56.0042,1.980224,3.6429998874664307,10.349431991577148,56.00469189325561,1.9792280188734772,3.294952845403836,1.0528127114604326,1.1056303559998102
SB83621_component_2555a,54.378031,1.428788,3.7070000171661377,15.445834159851074,54.378154975009394,1.428069465391086,4.248961009951058,0.8307703876670198,0.8724485841325329
SB83621_component_2559a,51.585711,-1.313409,4.105999946594238,20.842639923095703,51.585625003435936,-1.313678390788808,3.434767132172356,1.138315912144238,1.1954230923356233
SB83621_component_2560a,51.592437,1.455647,3.880000114440918,17.962963104248047,51.59282412475679,1.454963427033219,3.4519491907953777,1.0703073540726726,1.1240026721096992
SB83621_component_2561a,54.820351,1.696978,3.746000051498413,15.352458953857422,54.82023207117905,1.696263308330362,3.3225809630538117,1.0735774292424214,1.127436800834323
SB83621_component_2562a,54.993111,-0.336109,3.3529999256134033,11.97499942779541,54.993326756840545,-0.33667867534277346,3.659695655477872,0.8724282884401322,0.9161963838699528
SB83621_component_2564a,49.571816,-0.378182,3.674999952316284,12.009803771972656,49.5719524433655,-0.37870586812411094,2.6777117013058094,1.3068769168297523,1.3724404873475133
SB83621_component_2572a,54.029128,-0.605414,3.5369999408721924,16.52803611755371,54.02931979425834,-0.6056274031524601,2.958225036843998,1.1385313928149796,1.195649383268578
SB83621_component_2578a,54.444971,-2.5287,3.815000057220459,13.339159965515137,54.44493402996057,-2.528556316681823,3.4448753941504027,1.054537910249356,1.1074421047851395
SB83621_component_2579a,54.335409,2.021154,3.888000011444092,17.203540802001953,54.335678918199044,2.0205850430174546,2.766283961207533,1.3383529624801496,1.405495627334986
SB83621_component_2583a,53.42802,1.259926,3.7909998893737793,17.79812240600586,53.42829070167152,1.2593694149249843,3.5091897769355,1.028698441912581,1.0803063186523865
SB83621_component_2585a,52.358026,-3.248535,3.687000036239624,12.583617210388184,52.35819528325976,-3.249099202208293,3.3931745873841863,1.034684878010321,1.086593083052042
SB83621_component_2588a,52.262786,-0.335334,3.7950000762939453,17.65116310119629,52.26325066787203,-0.3360350341780755,3.6227443767395084,0.9975054191003635,1.0475484002295155
SB83621_component_2597a,53.843859,0.4575,3.446000099182129,15.592761039733887,53.844280834187,0.45690553305447,3.046594837791815,1.0770645935506356,1.1310989096534427
SB83621_component_2603a,52.666319,-1.723775,3.950000047683716,21.12299346923828,52.66665767450893,-1.7241743594796726,4.282923294829996,0.8782091753188812,0.9222672870307627
SB83621_component_2607a,50.799534,-0.878018,3.8340001106262207,18.611650466918945,50.79945759161463,-0.8784107762937743,2.9053899972272084,1.2565762581420326,1.3196163386964372
SB83621_component_2616a,51.157037,0.902552,3.5889999866485596,17.090476989746094,51.15745520875695,0.9021016400413072,4.17817735584584,0.8179518734737039,0.858986989058054
SB83621_component_2618a,50.58105,1.651643,3.816999912261963,17.509174346923828,50.58130516989329,1.6515566629245957,2.784584590093219,1.305277645746835,1.3707609838256636
SB83621_component_2621a,50.843359,-1.868499,3.7139999866485596,17.355140686035156,50.84346989045915,-1.868975371013466,3.108355074986249,1.137764660211208,1.1948441851241818
SB83621_component_2624a,55.472835,-0.896216,3.3940000534057617,13.521913528442383,55.47282028609783,-0.8965604982009614,3.5755714882939165,0.9038732736288875,0.9492189051505187
SB83621_component_2625a,52.644878,-1.930651,3.872999906539917,19.760204315185547,52.64463043955956,-1.9312749817051182,2.7120192152143536,1.359865294016595,1.4280871923076701
SB83621_component_2627a,52.332456,0.742499,3.753999948501587,16.251081466674805,52.33306230402711,0.7415872353728703,1.6715303942504929,2.1385585753096077,2.245846059045109
SB83621_component_2631a,50.908939,0.743706,3.5179998874664307,16.75238037109375,50.909160541450454,0.7436083866844623,3.453580947217315,0.9699902016818384,1.0186527958179237
SB83621_component_2632a,49.745551,0.635489,3.428999900817871,12.560439109802246,49.745650614259965,0.6352661731875121,4.967620388039292,0.657294862047461,0.6902701158635209
SB83621_component_2635a,53.40278,1.722136,3.438999891281128,15.631817817687988,53.40284476226107,1.7213733944833012,3.2406459074613134,1.0105126344790005,1.061208163274834
SB83621_component_2639a,53.145666,1.586967,3.315000057220459,16.170732498168945,53.14565361127744,1.5862084323035914,3.1341752036294905,1.0071668796336843,1.0576945581668717
SB83621_component_2640a,49.504567,1.536009,3.309999942779541,10.575079917907715,49.50474101807027,1.5359628876331226,3.617761756001926,0.8712227120733823,0.9149303259918088
SB83621_component_2649a,55.56773,-0.296604,3.2920000553131104,12.909804344177246,55.56761264459486,-0.2968035055503388,2.6717309376125824,1.1732978643608136,1.2321600236642059
SB83621_component_2651a,52.414479,1.529122,3.821000099182129,16.25957489013672,52.415006027086235,1.528661954163544,3.0389865055467564,1.1972626740535994,1.257327103035187
SB83621_component_2657a,49.626702,-0.710607,3.6040000915527344,12.384880065917969,49.62647360331091,-0.7108358824870629,2.3380782440372214,1.467800118212032,1.5414369047502927
SB83621_component_2663a,53.443555,-2.615511,3.4809999465942383,13.97991943359375,53.44427891714662,-2.615661534287319,3.6187991776556103,0.915968839218428,0.9619212826419831
SB83621_component_2666a,52.896448,0.176918,3.561000108718872,16.640188217163086,52.89708665695631,0.1764212166214406,4.207551424452324,0.8059047585395109,0.8463354929006933
SB83621_component_2671a,53.921481,-3.153401,3.6010000705718994,10.407515525817871,53.92183685375662,-3.1534627032089433,2.612538588873072,1.312506859105363,1.3783528732967745
SB83621_component_2677a,53.908203,2.080845,3.6059999465942383,15.02500057220459,53.90844346319035,2.0803401592143795,2.732234944811327,1.2567498444563407,1.3197986335114562
SB83621_component_2679a,52.842322,1.943248,3.621000051498413,15.743477821350098,52.8424864092818,1.9423178949165392,3.3386759122890806,1.0327505452941876,1.084561708481541
SB83621_component_2680a,54.950112,-0.526585,3.2200000286102295,13.196721076965332,54.95013636635766,-0.5270995822343966,2.1244664144419696,1.4432686280841074,1.5156747156466683
SB83621_component_2682a,50.215938,2.628089,3.0929999351501465,10.929328918457031,50.216106321830004,2.628071986420811,3.338220421870497,0.8822792534449119,0.9265415533636492
SB83621_component_2683a,54.421363,-2.404413,3.315000057220459,10.295031547546387,54.42147510565478,-2.40447632721526,3.270987331605722,0.9650411756609261,1.0134554864182648
SB83621_component_2684a,51.991797,1.808459,3.194000005722046,13.947598457336426,51.991920548581156,1.8077381275568967,3.102732943975024,0.9802383318414986,1.0294150554994579
SB83621_component_2686a,55.910629,1.038512,3.6600000858306885,10.99099063873291,55.91041917540676,1.0378014158321256,3.407598595732729,1.022760226714361,1.0740701943045865
SB83621_component_2687a,50.931808,1.522521,3.744999885559082,15.604166984558105,50.931757573570465,1.522001536531289,3.244791702878042,1.099021406863075,1.154157255221458
SB83621_component_2688a,51.393049,-1.766455,3.690000057220459,15.569620132446289,51.39290403006733,-1.766644861286097,2.4228850325981095,1.4502228096481125,1.5229777754925482
SB83621_component_2689a,49.532532,1.068447,3.194000005722046,10.576159477233887,49.53245793127823,1.0684973434568623,2.0709021693718523,1.468643864559891,1.5423229802742697
SB83621_component_2691a,52.583155,2.561417,3.684000015258789,14.795181274414062,52.58319253205474,2.5608687823847696,2.1698621776460385,1.6166970256182402,1.6978036915023578
SB83621_component_2696a,53.071616,1.204046,3.5450000762939453,17.377450942993164,53.07139480001901,1.203474736292052,3.802239426334173,0.8878057506998095,0.9323453046489926
SB83621_component_2697a,49.647681,2.45969,3.7980000972747803,10.348773956298828,49.64720453901457,2.459517365231249,4.1486829365179885,0.8717378282616821,0.9154712845957955
SB83621_component_2698a,51.263407,1.628681,3.6459999084472656,14.942622184753418,51.263492937678066,1.6280164165295767,2.8060852267267866,1.237248573795857,1.2993190205773664
SB83621_component_2703a,53.188601,-0.047652,3.2360000610351562,15.192488670349121,53.18869982496925,-0.04831277575943167,3.2643803151371484,0.943949882194338,0.9913060822078876
SB83621_component_2708a,53.21569,-1.250325,3.2980000972747803,15.128440856933594,53.21566285275938,-1.2507537307018974,2.8914157926120287,1.0861286785867208,1.1406177228822056
SB83621_component_2710a,52.289589,-0.497861,3.3949999809265137,16.724138259887695,52.289740434793124,-0.4984408614490047,2.3650260168374477,1.366926047605519,1.4355021706976248
SB83621_component_2714a,54.438406,-2.24276,3.625999927520752,13.330881118774414,54.43866545424053,-2.243030930616326,2.9516795626053454,1.1697680320915078,1.228453106312193
SB83621_component_2716a,54.146259,1.278109,3.0369999408721924,12.395917892456055,54.14617253000135,1.2774614419441215,2.1849652502596535,1.3235532381864954,1.389953428555116
SB83621_component_2724a,52.251966,-2.270957,3.7149999141693115,15.351239204406738,52.252015678511746,-2.271263484162013,3.7348201859896104,0.9471751085739832,0.9946931121624943
SB83621_component_2729a,53.192909,-3.032341,3.615000009536743,12.295918464660645,53.19396985918801,-3.032707170294146,3.3536826080712334,1.026425681984835,1.0779195386100648
SB83621_component_2730a,55.856605,-0.800634,3.1489999294281006,10.821305274963379,55.85608689945882,-0.8013069580678687,3.247356841174995,0.923387098380545,0.969711701991055
SB83621_component_2732a,49.759704,0.801285,3.252000093460083,12.412214279174805,49.759160761088445,0.8006920851238558,2.962852008457587,1.0451575345648447,1.097591133197713
SB83621_component_2733a,52.248322,-0.649491,3.4049999713897705,16.37019157409668,52.248537517734576,-0.6499984498367379,3.1152739223134125,1.040787430651988,1.0930017893454476
SB83621_component_2734a,51.046723,0.89382,3.2019999027252197,13.742488861083984,51.047035402426744,0.8932974276121519,2.8923905966773775,1.054157587984219,1.1070427024633205
SB83621_component_2736a,53.586855,-1.900605,3.749000072479248,13.783087730407715,53.58700591395645,-1.9012095302155214,3.2342590100744095,1.10377821413148,1.1591527026133248
SB83621_component_2738a,52.958344,1.802119,3.3289999961853027,16.239025115966797,52.95835115742763,1.801482882340296,2.8034813652089703,1.1307257611841965,1.1874521576986337
SB83621_component_2745a,50.527762,-2.85307,3.196000099182129,10.907849311828613,50.528034395400155,-2.8539203972058864,4.114042354922833,0.7397401505752809,0.7768515303100413
SB83621_component_2748a,50.690951,-1.613471,3.690999984741211,15.909482955932617,50.6904201419111,-1.614077383615133,3.7851565544972186,0.9285415935344695,0.9751247885258172
SB83621_component_2749a,53.271865,0.951707,2.924999952316284,15.077319145202637,53.271982112379234,0.950670565662576,3.4569580398727537,0.8056991787311345,0.8461195995378497
SB83621_component_2757a,50.895233,-2.890024,3.5299999713897705,12.743681907653809,50.89527102228463,-2.890648200765738,3.4696111341824687,0.9688020850675955,1.0174050736154128
SB83621_component_2758a,53.154707,-0.571015,3.5869998931884766,14.761316299438477,53.15408451692525,-0.5715403879708831,5.797961643546156,0.5891110807484526,0.6186656817885728
SB83621_component_2765a,50.626288,1.860119,3.503000020980835,15.164502143859863,50.62649210109992,1.8599092071477346,2.8654796686970667,1.1640830733914291,1.2224829438673521
SB83621_component_2771a,51.413193,1.342838,3.5820000171661377,15.373391151428223,51.41359045679121,1.342295257206489,3.5087022071133624,0.9721208082908952,1.0208902909754425
SB83621_component_2778a,50.398688,-1.074464,3.2809998989105225,14.453743934631348,50.397771092816626,-1.074955620929789,3.2840814654149963,0.9513349695971729,0.9990616656325593
SB83621_component_2781a,51.096542,1.270909,3.1659998893737793,13.947135925292969,51.09682852233031,1.2703447622610222,3.0335412397055195,0.9938072433331253,1.0436646939011511
SB83621_component_2786a,51.792805,0.815226,3.196000099182129,16.38974380493164,51.793131800194814,0.8145025493297972,1.7185575213729218,1.7708585678717634,1.859699229984986
SB83621_component_2788a,51.697602,0.051658,3.1659998893737793,16.235897064208984,51.697736585000335,0.05107791534498535,3.156405338026386,0.955122975065724,1.0030397082503328
SB83621_component_2794a,50.912202,1.195002,3.0190000534057617,12.372950553894043,50.91252457775674,1.1947455878666844,2.9291855958393547,0.9814256327552926,1.0306619210793542
SB83621_component_2803a,53.256589,-3.095166,3.131999969482422,10.616949081420898,53.256572417701406,-3.095328340127948,3.159609847651198,0.9439075420041306,0.9912616178895313
SB83621_component_2812a,54.162093,-0.315029,3.13700008392334,14.2590913772583,54.16198957098039,-0.3156075151429079,4.504273623578836,0.6631792528581998,0.6964497155549934
SB83621_component_2815a,54.90629,2.340004,2.750999927520752,11.274589538574219,54.90621780457373,2.3398957823225,2.7097744551018326,0.9667153182677396,1.015213617628324
SB83621_component_2818a,55.578471,0.090846,2.8889999389648438,12.560869216918945,55.57810028157971,0.09045150601228882,2.3452722430025426,1.1729930390422147,1.231839905829522
SB83621_component_2820a,51.919382,0.433429,3.0280001163482666,13.763636589050293,51.91970650973664,0.43294132630727666,2.9793906092348252,0.9677643254152628,1.016315251502362
SB83621_component_2823a,50.420665,0.067356,3.0460000038146973,13.129310607910156,50.4204735055551,0.06697483741631054,3.5022440572810494,0.8281798472943351,0.8697280811947312
SB83621_component_2827a,49.975267,0.613075,3.0829999446868896,14.20737361907959,49.975452649347424,0.6118763062128248,3.0435428206577444,0.9645733669375929,1.0129642086062776
SB83621_component_2830a,50.69884,-0.023822,3.5329999923706055,16.586854934692383,50.69882095952408,-0.024064089696485748,3.1628202893307824,1.0636782677573542,1.1170410169330705
SB83621_component_2847a,52.153597,2.12058,3.378999948501587,14.31779670715332,52.15355100667805,2.119788171145615,3.149139248296367,1.0217331548268915,1.0729915961415712
SB83621_component_2848a,54.48196,-1.959745,3.2119998931884766,12.166666030883789,54.48214973711452,-1.9597877887720099,2.601639573289624,1.175627016903103,1.2346060254330646
SB83621_component_2852a,52.355298,0.287953,3.055000066757202,12.318549156188965,52.355642217119026,0.28727613885516445,2.887809833559299,1.0073579052819437,1.0578951672146073
SB83621_component_2858a,54.130643,-0.198841,3.4649999141693115,15.894495010375977,54.13079350055898,-0.19944731615598646,3.250032030111577,1.0152120240734164,1.066143312455402
SB83621_component_2866a,52.962221,0.870051,3.0369999408721924,15.416243553161621,52.96256986741396,0.8690550655870123,2.2437513892964702,1.2888762302729508,1.3535367400148757
SB83621_component_2868a,52.490548,2.508997,2.8459999561309814,10.82129192352295,52.49035705761676,2.5087282246366027,3.389086841298961,0.7996378772168664,0.8397542138637478
SB83621_component_2869a,54.382156,1.063072,3.1530001163482666,14.013334274291992,54.381834687319035,1.062350091153845,3.2425806652417783,0.92592191616576,0.9723736868433981
SB83621_component_2871a,54.478892,0.608549,3.062999963760376,14.725960731506348,54.47870907911135,0.608012494756628,2.639993775070912,1.1048040423725891,1.160229994738568
SB83621_component_2872a,55.954642,0.033464,3.3320000171661377,11.985611915588379,55.95478944762054,0.033124076592320244,2.723277620475697,1.1650759666217436,1.223525648693911
SB83621_component_2873a,54.776525,0.814657,3.4860000610351562,16.840579986572266,54.77597364845687,0.8141099043651607,3.136884070015562,1.0582056777988498,1.1112938773723513
SB83621_component_2878a,50.525624,-1.26591,3.1050000190734863,13.738938331604004,50.5253242514428,-1.2666781167650807,2.7875594817237928,1.060665956253581,1.1138775833954195
SB83621_component_2884a,53.392028,-2.075576,3.2850000858306885,13.087650299072266,53.392268964715996,-2.07595296671545,2.985539678370716,1.0477404321975725,1.1003036099735894
SB83621_component_2887a,54.973246,2.09684,3.0880000591278076,13.484716415405273,54.97369857496328,2.096082275372651,1.9504879861021287,1.5075620143563575,1.5831935808530113
SB83621_component_2890a,51.152851,0.867658,2.8310000896453857,12.868182182312012,51.15285900433902,0.8671253186060796,2.6935962266511106,1.0008028971710996,1.0510113066074147
SB83621_component_2893a,49.751339,0.824947,3.069000005722046,12.425101280212402,49.751177058774104,0.8246960776443669,4.655323556508545,0.627752114303201,0.6592452637220712
SB83621_component_2901a,52.933223,-2.084917,2.9100000858306885,13.167421340942383,52.933439477074586,-2.0853840746075902,2.5773723695153388,1.075120144209584,1.129056910925874
SB83621_component_2907a,51.868769,0.129688,3.26200008392334,15.682692527770996,51.869248425935574,0.12924592857786116,2.5965553113778927,1.1962654377247162,1.2562798372249275
SB83621_component_2909a,55.921732,1.481368,3.203000068664551,10.136075973510742,55.92177258159926,1.4806858180097096,2.70836456660455,1.126136384665474,1.1826325407439962
SB83621_component_2913a,55.521588,2.341137,2.7720000743865967,10.744187355041504,55.5216138316086,2.34028467872484,3.2013904828808184,0.8245096706592694,0.8658737786626303
SB83621_component_2917a,52.010779,1.903298,2.7690000534057617,12.529412269592285,52.01103296073294,1.9026398578576544,2.6020349801973244,1.01333023089427,1.0641671132321886
SB83621_component_2918a,53.05557,-3.104682,3.4110000133514404,13.220931053161621,53.05584238354061,-3.1042177493451493,3.1124077316308982,1.0435815716556722,1.095936107177089
SB83621_component_2921a,50.60643,-0.250604,3.316999912261963,15.1461181640625,50.606342600563806,-0.2510552398443417,3.209555572534116,0.984105651890596,1.033476391761933
SB83621_component_2933a,50.465858,2.135963,3.055000066757202,13.458149909973145,50.46628261562421,2.1357816439778876,2.977448939883107,0.9770303785297162,1.026046165170221
SB83621_component_2944a,51.553081,0.557894,2.997999906539917,14.413460731506348,51.553618717332355,0.557181302131222,2.9591379586040127,0.9647339626932635,1.0131328611506296
SB83621_component_2950a,51.402813,-2.729522,2.7909998893737793,12.187772750854492,51.403010032110906,-2.7298013752924057,2.8763303079387885,0.9239792697903332,0.9703335815328671
SB83621_component_2955a,53.519835,0.808108,3.062000036239624,14.110599517822266,53.520523774884325,0.8071292462084776,2.9435232971288494,0.9905556507466239,1.040249974996406
SB83621_component_2956a,51.484715,-1.86516,3.121999979019165,13.814159393310547,51.484657773916815,-1.8652839934962278,2.159618718235634,1.3765658095959512,1.445625541516781
SB83621_component_2961a,54.201539,-0.452305,2.874000072479248,13.183486938476562,54.201938923434696,-0.4525773774033741,3.4506316749416777,0.7931025312079467,0.8328910017693569
SB83621_component_2964a,53.578113,1.551136,3.0880000591278076,14.497653007507324,53.57838917449898,1.550313847530661,3.4722446433107756,0.846853231661194,0.8893382743283342
SB83621_component_2969a,53.090522,3.100214,3.1110000610351562,10.067961692810059,53.09070467487307,3.10011752144059,2.629585672656665,1.126558790202996,1.183076137577263
SB83621_component_2970a,50.051662,-1.644313,2.9839999675750732,12.973912239074707,50.051790067577116,-1.6450485644019512,2.479449560136347,1.1460002228184094,1.2034929105034833
SB83621_component_2976a,49.63299,0.983273,3.2209999561309814,11.973978042602539,49.63308186211306,0.9833602096570745,3.023858799220925,1.0143092288681426,1.0651952257032795
SB83621_component_2979a,52.393073,-1.928082,2.7019999027252197,13.116504669189453,52.3934471058824,-1.9282538427496128,2.666497669464562,0.9649066208508246,1.0133141812450137
SB83621_component_2983a,51.433101,-0.900348,2.880000114440918,14.472362518310547,51.433542262516966,-0.9005655732117837,2.1334909670593754,1.285413516547202,1.349900308418211
SB83621_component_2984a,55.092855,2.518396,2.946000099182129,12.073770523071289,55.093492259968954,2.5179402021911708,2.4790043666287493,1.1316096208989879,1.1883803590021331
SB83621_component_2985a,52.3531,1.749024,3.117000102996826,12.518073081970215,52.3528809812668,1.748137819532943,3.6824750588768005,0.8060058024820543,0.84644160602884
SB83621_component_2988a,53.650312,0.212632,3.2209999561309814,14.509008407592773,53.650554726571855,0.2120217683025754,2.32082184872661,1.321569722607876,1.3878704037099108
SB83621_component_2991a,52.905613,0.882051,2.694999933242798,13.275861740112305,52.905895119163596,0.8813507661437028,2.192648411290794,1.1703908717177758,1.2291071926375436
SB83621_component_2997a,50.483829,1.970174,3.2249999046325684,13.782051086425781,50.483692368630756,1.9703823178869138,1.9806049255126643,1.550504450514782,1.6282903587134128
SB83621_component_3006a,52.159396,-0.061834,2.808000087738037,13.371429443359375,52.159846906581606,-0.06159095791781261,2.6493596815875997,1.009246750906268,1.0598787726909824
SB83621_component_3011a,54.639917,2.863692,3.187999963760376,11.550724983215332,54.6399595570101,2.863218725781853,2.844693596103246,1.0671463381796988,1.1206830739617801
SB83621_component_3026a,50.461323,2.031746,2.7290000915527344,11.004033088684082,50.46134732975571,2.0316323860728085,3.4561851994259003,0.7518785755180157,0.7895989173282852
SB83621_component_3030a,55.393252,-0.145658,2.822000026702881,11.0234375,55.393043653323886,-0.14594410427765753,4.146365588820984,0.6480829376083289,0.6805960464053809
SB83621_component_3031a,52.419207,0.629419,3.186000108718872,13.330544471740723,52.419640606056916,0.6285822518786347,2.1647908430471894,1.4014287085265935,1.471735765582884
SB83621_component_3035a,53.845008,-1.173841,2.7219998836517334,10.887999534606934,53.84521548377885,-1.1740215960952103,2.8537648775732896,0.9082618640108507,0.9538276629034684
SB83621_component_3042a,51.282556,-2.491517,3.0360000133514404,14.186915397644043,51.283237406012084,-2.4919532406880442,3.000879072627095,0.9633729326899396,1.0117035508177272
SB83621_component_3047a,55.426542,1.202334,2.8259999752044678,11.924050331115723,55.42649355147165,1.2013392686272995,2.3072002981830106,1.166347654425753,1.2248611346964662
SB83621_component_3048a,52.014574,1.010588,2.7039999961853027,12.180179595947266,52.01502395574492,1.0096935688478361,3.439455240686608,0.7486144233665345,0.7861710087686767
SB83621_component_3051a,53.13492,2.740274,2.818000078201294,10.922481536865234,53.13466905264956,2.7394841638511886,2.859653477294852,0.9383584226661721,0.9854341096135323
SB83621_component_3054a,49.747201,1.753168,3.186000108718872,11.062500953674316,49.746843948447136,1.753269208724237,3.3491892510047694,0.9058311752588083,0.9512750310431278
SB83621_component_3062a,50.771116,0.182573,2.563999891281128,11.39555549621582,50.771352853946944,0.182041829865684,2.909458466062627,0.8391643129899728,0.8812636169888314
SB83621_component_3070a,54.258995,-1.277834,2.943000078201294,11.63241195678711,54.25949030317111,-1.27795451520581,2.5697782227222294,1.090525424075535,1.1452350448684638
SB83621_component_3072a,51.244064,-1.892706,2.6410000324249268,11.532751083374023,51.2443961371114,-1.8929086819305923,2.392007789335563,1.0513491859386521,1.1040934081399991
SB83621_component_3073a,54.555017,1.848026,2.632999897003174,10.049617767333984,54.55489545903238,1.8474390940912415,1.769532459708529,1.4168813188716283,1.487963604486166
SB83621_component_3078a,51.268598,2.781147,2.7149999141693115,10.647058486938477,51.26840289064485,2.7803941258279448,2.206914637373445,1.1714545696891485,1.2302242543465856
SB83621_component_3083a,50.45935,-2.170958,3.23799991607666,13.662446975708008,50.45930746755128,-2.1713184907885026,2.5019926679546955,1.2323440321488814,1.2941684272494804
SB83621_component_3087a,51.980071,0.146567,2.943000078201294,13.947868347167969,51.98059218044109,0.14609622844988754,2.4185000932995204,1.1587382170785667,1.2168699461103625
SB83621_component_3090a,52.217856,-2.329637,2.4860000610351562,10.445378303527832,52.21829806370652,-2.33014741060631,4.1026223882297685,0.5770065658430354,0.605953906010793
SB83621_component_3097a,51.776834,-2.878243,2.881999969482422,12.585152626037598,51.77684533420119,-2.8783308519143986,2.885117504809045,0.9511995406904991,0.9989194425109457
SB83621_component_3099a,53.078669,-0.863381,2.621000051498413,11.806306838989258,53.07897371289219,-0.8638646293241604,2.999865839950137,0.8319675024915715,0.8737057559687332
SB83621_component_3102a,51.485436,-1.300339,2.696000099182129,12.539535522460938,51.48536496971552,-1.3009157984472561,2.596182284815226,0.9888396847043432,1.0384479221473493
SB83621_component_3107a,50.048402,-1.111768,2.828000068664551,11.637860298156738,50.048069924542176,-1.1122636550663973,2.868208764327615,0.9388794272997774,0.9859812520751117
SB83621_component_3120a,50.500138,-2.066423,2.937999963760376,11.846774101257324,50.49993977393099,-2.0666823358979594,2.509864290413699,1.1146607589240127,1.1705812043232455
SB83621_component_3122a,54.690503,-2.496181,2.7070000171661377,10.215094566345215,54.69086411131101,-2.496331084635196,1.8941445845457998,1.360868926346073,1.429141174993911
SB83621_component_3127a,55.203022,-1.808071,2.6480000019073486,10.303502082824707,55.20361688836958,-1.8084877168362323,1.8921232117438274,1.332630452771309,1.3994860300175096
SB83621_component_3129a,51.707153,0.99542,2.752000093460083,13.230769157409668,51.70744770325294,0.9946929409628434,2.6089795307552026,1.0044282948166605,1.0548185836718624
SB83621_component_3130a,51.167523,0.381331,2.9070000648498535,13.27397346496582,51.16733157037442,0.38063001089652715,2.6911778781980216,1.0285935651474554,1.080196180416117
SB83621_component_3132a,52.720023,-2.145302,2.427000045776367,10.981900215148926,52.72029289011351,-2.145407630438328,2.8664346544528683,0.8062484720673125,0.8466964498932984
SB83621_component_3133a,50.786797,-1.168366,2.8580000400543213,13.170507431030273,50.78673950546875,-1.1687569600904146,1.9315277976140712,1.408972230425814,1.479657731866287
SB83621_component_3137a,51.355634,0.863194,2.6670000553131104,13.202970504760742,51.355953790195244,0.8624901227807305,2.861696857912508,0.887443195559181,0.9319645607950868
SB83621_component_3138a,53.446068,0.192908,2.946000099182129,14.163461685180664,53.446224768231666,0.19237473984167,2.5717369803057277,1.0908056356502698,1.1455293141337917
SB83621_component_3143a,53.464881,1.496586,2.628999948501587,11.139830589294434,53.46493378152082,1.4959475671938702,2.663253885205789,0.9399812140815027,0.9871383134388798
SB83621_component_3157a,55.744218,0.256971,2.865999937057495,11.151750564575195,55.74402783176853,0.25658756038993336,1.9210821987807494,1.4205986399831019,1.4918674166448762
SB83621_component_3163a,52.83591,0.314663,2.430000066757202,10.429184913635254,52.836609007808185,0.3141293256174854,2.6027135919242994,0.8890395289848634,0.9336409792829327
SB83621_component_3175a,50.741694,0.053774,2.9119999408721924,13.933013916015625,50.741604518575684,0.05378084223567578,1.9978511947636832,1.387935838157416,1.4575659831445253
SB83621_component_3176a,51.040085,0.998248,2.740000009536743,12.454545974731445,51.04020372010101,0.997681405280772,2.920861473706143,0.893265929631235,0.9380794105446181
SB83621_component_3177a,50.786541,0.583809,2.430000066757202,11.14678955078125,50.78646824742808,0.5839599515354076,2.4385471123716966,0.9488909417035619,0.9964950254308674
SB83621_component_3182a,50.487865,0.954369,2.6429998874664307,13.34848403930664,50.48796160263893,0.9543169455098267,2.388255525945083,1.0537983618833802,1.1066654546609036
SB83621_component_3191a,49.86142,-0.315895,2.5269999504089355,10.617646217346191,49.8609684958328,-0.31627230602536255,2.0728624117963066,1.1608495111679875,1.2190871598752573
SB83621_component_3201a,52.179218,-0.763784,2.3970000743865967,11.692683219909668,52.17927583828961,-0.7642785935004632,1.8551521620358054,1.2303528411507851,1.2920773419233593
SB83621_component_3206a,50.91541,2.723754,2.6570000648498535,10.419608116149902,50.91521495025266,2.7233929731401383,1.9207466056408873,1.3172331640078385,1.383316288076065
SB83621_component_3215a,52.189547,-2.729479,2.696000099182129,11.982222557067871,52.18949304513346,-2.729634628682805,2.805132740661231,0.9151823850398404,0.9610953735282498
SB83621_component_3216a,54.197335,-0.61032,2.3259999752044678,10.113042831420898,54.19749266322669,-0.6107465424724468,2.6105960528732184,0.8484205798466767,0.8909842534406943
SB83621_component_3219a,51.624964,1.293588,2.808000087738037,13.060464859008789,51.6252828817944,1.2927717710242908,4.050972286790488,0.6600533060528041,0.6931669458451825
SB83621_component_3246a,53.549626,-1.894752,2.75,10.456273078918457,53.54968912955314,-1.8947893315057727,2.71391929882616,0.9648880556134013,1.0132946846243533
SB83621_component_3249a,51.602143,-2.291833,2.7709999084472656,13.583333015441895,51.60240432470984,-2.292074107584599,2.0082846944688804,1.313870007309469,1.3797844080966302
SB83621_component_3253a,53.531892,0.614891,2.6449999809265137,12.839805603027344,53.532143863489026,0.6141395783490391,2.3126411072067574,1.0890770293337368,1.1437139868715662
SB83621_component_3257a,55.523494,0.370783,2.7130000591278076,13.364532470703125,55.52352601649711,0.37002191373258614,2.5252726585304215,1.0230166272205217,1.0743394579445666
SB83621_component_3258a,53.911673,0.998427,2.7039999961853027,12.937798500061035,53.91196184484506,0.9979341670738608,2.11047931121421,1.2200194467768795,1.2812255404814301
SB83621_component_3260a,51.112674,0.685691,2.50600004196167,11.655814170837402,51.11278773215496,0.6855200761558911,2.5606989245983685,0.9318880027886333,0.9786390808730949
SB83621_component_3264a,54.324647,1.228543,2.7990000247955322,13.079439163208008,54.32453932418159,1.2277352774899917,2.0806675871794678,1.2809771011990458,1.3452413264099667
SB83621_component_3271a,52.284855,2.506045,2.6989998817443848,11.436440467834473,52.284791749801826,2.5056051306001703,3.062313456279056,0.8392558720814339,0.8813597694286578
SB83621_component_3287a,55.223471,-0.392791,2.640000104904175,10.909090995788574,55.223545601074875,-0.3931384585379902,2.642540293211307,0.951313131941084,0.9990387324221098
SB83621_component_3288a,52.509094,2.218751,2.427000045776367,10.691630363464355,52.50899591823385,2.2182768882519937,2.415757079129588,0.956660162728824,1.0046540137433149
SB83621_component_3313a,50.938833,-2.323813,2.6459999084472656,10.799999237060547,50.93864905571674,-2.3242408073133567,3.117484550146279,0.8082145800193604,0.8487611938038666
SB83621_component_3316a,54.306573,1.056091,2.6080000400543213,12.018433570861816,54.30648068153943,1.055800681551476,2.359499248569022,1.0525165079259429,1.105319292488018
SB83621_component_3319a,54.620768,0.342053,2.681999921798706,11.08264446258545,54.620608546184584,0.34141394406144565,2.5308547410615367,1.0090965170425756,1.059721001875348
SB83621_component_3321a,51.022806,0.649894,2.367000102996826,11.060748100280762,51.0229156854815,0.6495982397030209,2.5526476354735603,0.882975337018651,0.9272725581483191
SB83621_component_3327a,50.813878,-0.797508,2.4670000076293945,11.917874336242676,50.81366012321442,-0.7981124337534445,2.1560865097862463,1.0895423966424433,1.1442027007877211
SB83621_component_3328a,51.190669,1.44805,2.5759999752044678,11.348017692565918,51.190940540241,1.4476580217931865,2.325137125322146,1.0549659672911955,1.1078916366481246
SB83621_component_3330a,54.787609,0.792106,2.2109999656677246,10.89162540435791,54.78771905410679,0.7915073898769819,2.3665765934595036,0.8896298301338067,0.9342608947364115
SB83621_component_3334a,52.901559,-2.84932,2.7070000171661377,11.470338821411133,52.90171537759233,-2.849470538897313,2.2090586151675073,1.1668692217655854,1.2254088680941917
SB83621_component_3343a,55.574697,0.201277,2.4130001068115234,10.491304397583008,55.57445578104587,0.20059702103015975,2.4797268838275985,0.9266050365635048,0.9730910781137806
SB83621_component_3373a,52.95532,2.796719,2.687999963760376,11.737991333007812,52.9549420027251,2.7963050701997956,2.846785259146214,0.8991159789623401,0.9442229459086564
SB83621_component_3379a,53.816948,0.529164,2.119999885559082,10.143539428710938,53.81717933044707,0.5288811831492846,2.542553144502514,0.7939752486179068,0.8338075017794327
SB83621_component_3399a,52.905531,-0.914736,2.3570001125335693,10.962791442871094,52.905503080710396,-0.9152378623965948,2.207826542706255,1.0165665586070722,1.0675658014530727
SB83621_component_3418a,55.300474,1.438519,2.2790000438690186,10.128889083862305,55.30063416447516,1.4381379859747678,2.093551997482966,1.0365774274712516,1.0885805781795783
SB83621_component_3429a,50.447775,1.190402,2.4049999713897705,10.73660659790039,50.44761194503203,1.1904799881136914,2.7924350411404264,0.8201119916266408,0.8612554762984109
SB83621_component_3432a,53.151887,-1.542089,2.4690001010894775,11.64622688293457,53.15206346840154,-1.5424255862378284,1.9120963248200922,1.2295678720129946,1.291252992352142
SB83621_component_3447a,52.805602,2.914339,2.492000102996826,10.426778793334961,52.80515282639921,2.9135907210392347,2.2197865820219866,1.0690007252177491,1.1226304921290597
SB83621_component_3480a,52.049182,-2.15954,2.4719998836517334,11.66037654876709,52.04954430634431,-2.1594600610681236,1.954258474559357,1.2045022284517217,1.2649298523365062
SB83621_component_3493a,50.288063,-0.43519,2.4240000247955322,10.773333549499512,50.287996130506414,-0.43563383728203,2.8490785944625507,0.8101573117379649,0.8508013887390827
SB83621_component_3522a,52.176814,-0.930435,2.243000030517578,11.930851936340332,52.17699429306935,-0.9310139747999292,1.8639924517382138,1.145846113219987,1.2033310695147565
SB83621_component_3556a,52.793089,-1.729128,2.1510000228881836,10.441747665405273,52.792682445249056,-1.7297689360347104,2.8317140555839053,0.7233228491371733,0.7596106035659179
SB83621_component_3558a,51.029236,-0.70561,2.490000009536743,12.57575798034668,51.02953184355985,-0.7062082235986782,1.7970087918547133,1.319442025439945,1.385635963954737
SB83621_component_3793a,50.954788,-0.45246,2.1540000438690186,10.770000457763672,50.95496166230159,-0.45274789008328115,2.0426911043594638,1.0041166673036273,1.0544913223893724
