Component_ID,RA,DEC,ASKAP_flux,ASKAP_flux_SNR,RA_comp,DEC_comp,Comp_flux,Flux_Ratio_AlphaCorr,Flux_Ratio_NOAlphaCorr
SB83614_component_2a,26.72,-1.955856,1410.3819580078125,2127.27294921875,26.720012664794922,-1.9558484554290771,1320.0130615234375,1.017418622970581,1.0684605836868286
SB83614_component_4a,30.016416,1.42002,974.083984375,2063.7373046875,30.016433715820312,1.4200458526611328,924.1939086914062,1.0036319494247437,1.0539822578430176
SB83614_component_9a,25.85022,-2.782276,595.0780029296875,1491.423583984375,25.8502254486084,-2.782243013381958,566.8646240234375,0.9996217489242554,1.0497709512710571
SB83614_component_19a,25.662029,-1.758436,386.0830078125,1018.6886596679688,25.662025451660156,-1.7584015130996704,342.4322204589844,1.0736117362976074,1.1274727582931519
SB83614_component_20a,31.28705,3.027686,408.52099609375,442.1222839355469,31.287071228027344,3.0275685787200928,424.72125244140625,0.9159073829650879,0.9618567228317261
SB83614_component_21a,26.798087,-2.625844,378.5419921875,990.9476318359375,26.79810333251953,-2.6258373260498047,359.5343017578125,1.002570390701294,1.0528675317764282
SB83614_component_24a,30.679088,1.819576,365.135986328125,1064.536376953125,30.679096221923828,1.8195313215255737,353.31036376953125,0.9841004610061646,1.033470869064331
SB83614_component_26a,29.635459,-0.710717,312.58099365234375,944.3534545898438,29.635456085205078,-0.7107128500938416,286.8490905761719,1.0376484394073486,1.0897053480148315
SB83614_component_34a,30.309506,2.392629,255.66400146484375,906.6099243164062,30.309524536132812,2.392608165740967,244.4844207763672,0.9957711696624756,1.0457271337509155
SB83614_component_35a,26.438706,0.427064,278.5610046386719,698.1478881835938,26.438732147216797,0.4270723760128021,265.96966552734375,0.9973081946372986,1.047341227531433
SB83614_component_37a,28.132062,-4.132535,256.6210021972656,183.43173217773438,28.132061004638672,-4.132511615753174,233.8969268798828,1.0447415113449097,1.0971542596817017
SB83614_component_43a,28.594909,-2.581723,225.86700439453125,647.1834106445312,28.594892501831055,-2.5817060470581055,216.78573608398438,0.9921178221702576,1.0418905019760132
SB83614_component_44a,26.083426,-3.068585,220.9499969482422,560.7868041992188,26.083450317382812,-3.068567991256714,207.5700225830078,1.0136091709136963,1.064460039138794
SB83614_component_48a,28.7265,-0.123097,209.02099609375,777.0297241210938,28.726516723632812,-0.12310925871133804,209.44923400878906,0.95028156042099,0.9979553818702698
SB83614_component_50a,30.170045,3.380467,211.70799255371094,372.0702819824219,30.170072555541992,3.3803951740264893,216.49020385742188,0.931194007396698,0.9779102802276611
SB83614_component_51a,26.582673,-1.986243,210.46499633789062,472.9550476074219,26.582683563232422,-1.9862337112426758,202.86346435546875,0.9879096150398254,1.0374711751937866
SB83614_component_54a,29.160182,-0.080654,201.36000061035156,719.1428833007812,29.160194396972656,-0.08066491782665253,187.3297882080078,1.0235464572906494,1.0748957395553589
SB83614_component_55a,28.397677,3.072491,208.66299438476562,654.115966796875,28.397687911987305,3.0725104808807373,205.2796630859375,0.9679227471351624,1.0164815187454224
SB83614_component_58a,26.609864,-2.127144,189.9010009765625,438.5704345703125,26.6098690032959,-2.127139091491699,184.75396728515625,0.9787564873695374,1.027858853340149
SB83614_component_59a,29.364479,1.689799,178.63400268554688,664.0669555664062,29.364500045776367,1.689828872680664,171.4441680908203,0.9921619892120361,1.0419368743896484
SB83614_component_61a,29.293857,0.190169,169.7259979248047,681.6304931640625,29.29387855529785,0.19017131626605988,187.1267852783203,0.863681435585022,0.9070107340812683
SB83614_component_63a,24.790285,3.048403,169.8209991455078,122.17338562011719,24.790294647216797,3.0484137535095215,174.3694610595703,0.9273894429206848,0.9739148020744324
SB83614_component_64a,26.560627,2.36896,177.57200622558594,399.0382080078125,26.560657501220703,2.368936061859131,163.08767700195312,1.0367988348007202,1.0888131856918335
SB83614_component_65a,30.666378,-3.035525,167.36500549316406,299.937255859375,30.666406631469727,-3.035548686981201,141.71783447265625,1.1245566606521606,1.1809735298156738
SB83614_component_70a,29.980675,2.281851,161.10499572753906,495.70770263671875,29.980693817138672,2.2818503379821777,151.03477478027344,1.0157182216644287,1.066674828529358
SB83614_component_72a,28.248772,2.276002,155.4709930419922,607.3085327148438,28.248775482177734,2.276043176651001,146.5736541748047,1.0100308656692505,1.0607022047042847
SB83614_component_74a,28.660255,0.74414,150.5489959716797,624.6846313476562,28.660263061523438,0.7441398501396179,136.33151245117188,1.0515327453613281,1.1042860746383667
SB83614_component_76a,26.77707,3.975759,162.98699951171875,133.8152618408203,26.777116775512695,3.9756669998168945,162.0203857421875,0.9579094648361206,1.0059659481048584
SB83614_component_79a,29.059089,-0.350853,148.8090057373047,602.4656372070312,29.05911636352539,-0.3508698344230652,142.40814208984375,0.9950286149978638,1.0449472665786743
SB83614_component_80a,31.273826,1.707638,156.45399475097656,340.8583679199219,31.273841857910156,1.707537293434143,162.55938720703125,0.9164647459983826,0.9624421000480652
SB83614_component_87a,25.998538,1.104459,147.99099731445312,249.9847869873047,25.998577117919922,1.1044517755508423,140.63211059570312,1.0020558834075928,1.0523271560668945
SB83614_component_88a,26.879281,0.018625,128.22900390625,421.8059387207031,26.879301071166992,0.018637817353010178,122.88671875,0.9936249852180481,1.043473243713379
SB83614_component_89a,26.099925,-1.08392,127.6500015258789,398.90625,26.099943161010742,-1.0838834047317505,116.80522918701172,1.0406380891799927,1.0928449630737305
SB83614_component_91a,31.221957,1.594289,132.39599609375,347.49603271484375,31.22196388244629,1.5941964387893677,134.78997802734375,0.9353160858154297,0.9822391867637634
SB83614_component_92a,27.186026,-4.105049,136.03500366210938,156.7223663330078,27.186038970947266,-4.105043888092041,122.72037506103516,1.0555411577224731,1.1084957122802734
SB83614_component_94a,25.030703,-2.680628,131.0780029296875,316.613525390625,25.03067398071289,-2.680583953857422,122.22217559814453,1.0212239027023315,1.0724568367004395
SB83614_component_97a,25.300382,-0.573802,130.7169952392578,431.4092102050781,25.300399780273438,-0.5737584829330444,116.98443603515625,1.0640085935592651,1.1173878908157349
SB83614_component_98a,31.010984,0.42881,125.78199768066406,367.7835998535156,31.010967254638672,0.42877107858657837,122.43877410888672,0.9782293438911438,1.027305245399475
SB83614_component_102a,30.189591,1.607761,113.14399719238281,369.7516174316406,30.18961524963379,1.6077356338500977,109.29379272460938,0.9857736229896545,1.0352280139923096
SB83614_component_107a,26.583885,-3.067101,114.26100158691406,312.18853759765625,26.583911895751953,-3.067112445831299,114.23234558105469,0.9524673819541931,1.0002508163452148
SB83614_component_109a,31.262165,2.782436,106.88200378417969,186.20558166503906,31.262184143066406,2.7823221683502197,107.81678009033203,0.9439725875854492,0.9913299679756165
SB83614_component_110a,27.439057,2.527677,101.73500061035156,375.4059143066406,27.439050674438477,2.527683973312378,99.68811798095703,0.9717804193496704,1.0205328464508057
SB83614_component_111a,25.758682,-3.069941,105.6449966430664,242.30503845214844,25.758691787719727,-3.069897413253784,105.75616455078125,0.9512275457382202,0.9989488124847412
SB83614_component_112a,24.670546,-1.299418,105.29199981689453,250.69525146484375,24.6705379486084,-1.2993488311767578,90.05952453613281,1.1132863759994507,1.1691378355026245
SB83614_component_115a,26.93845,-3.989036,114.23999786376953,100.5633773803711,26.9384708404541,-3.98903489112854,101.33348083496094,1.073510766029358,1.1273667812347412
SB83614_component_116a,28.333093,3.007394,103.1050033569336,339.16119384765625,28.33310890197754,3.007425308227539,101.4908447265625,0.9673731923103333,1.015904426574707
SB83614_component_123a,24.658297,3.21587,98.64700317382812,66.3842544555664,24.658260345458984,3.215881824493408,101.15331268310547,0.9286348223686218,0.975222647190094
SB83614_component_125a,30.036879,-3.66874,107.96199798583984,108.070068359375,30.036903381347656,-3.668741226196289,92.29379272460938,1.1138830184936523,1.1697643995285034
SB83614_component_127a,30.110819,0.857495,92.6500015258789,343.14813232421875,30.110816955566406,0.8575071096420288,88.49822998046875,0.9969009757041931,1.0469136238098145
SB83614_component_128a,30.439216,-3.919223,102.06300354003906,67.7259521484375,30.439218521118164,-3.9192416667938232,94.34953308105469,1.0300772190093994,1.081754207611084
SB83614_component_129a,25.693666,2.837199,93.05799865722656,183.90908813476562,25.693662643432617,2.837144613265991,84.59026336669922,1.0475493669509888,1.1001029014587402
SB83614_component_130a,26.346102,-2.39513,93.03299713134766,310.1099853515625,26.34612464904785,-2.3951313495635986,92.338623046875,0.9593891501426697,1.0075198411941528
SB83614_component_132a,24.305598,1.808603,95.64099884033203,86.31858825683594,24.305572509765625,1.8085914850234985,96.15425109863281,0.9471457004547119,0.9946622252464294
SB83614_component_134a,31.205005,-2.957152,93.0199966430664,122.7176742553711,31.20499038696289,-2.9571688175201416,82.94255065917969,1.0679234266281128,1.1214990615844727
SB83614_component_135a,31.80198,1.487754,96.46600341796875,122.73028564453125,31.801986694335938,1.4876312017440796,104.57903289794922,0.8783565163612366,0.9224220514297485
SB83614_component_136a,28.44555,-2.95399,93.57099914550781,275.2088317871094,28.44554901123047,-2.953979253768921,85.88050842285156,1.0374993085861206,1.0895487070083618
SB83614_component_137a,26.474088,-1.123487,94.00700378417969,321.9418029785156,26.47411346435547,-1.1234486103057861,85.8839111328125,1.0422924757003784,1.094582200050354
SB83614_component_141a,28.302701,-0.310814,89.79000091552734,366.48980712890625,28.302717208862305,-0.31082749366760254,84.99609375,1.0059356689453125,1.0564014911651611
SB83614_component_142a,27.718903,2.852416,90.2750015258789,339.37969970703125,27.718917846679688,2.8524506092071533,86.82196044921875,0.9901000261306763,1.039771556854248
SB83614_component_152a,25.51876,2.324183,82.86399841308594,175.1881561279297,25.518756866455078,2.324180841445923,74.74942779541016,1.055599570274353,1.1085569858551025
SB83614_component_153a,26.463415,-3.293046,87.30999755859375,197.98184204101562,26.463438034057617,-3.293043851852417,87.74807739257812,0.9474745392799377,0.9950075149536133
SB83614_component_154a,24.163694,0.582261,87.927001953125,103.44352722167969,24.16373634338379,0.5823030471801758,85.62456512451172,0.9778338074684143,1.0268899202346802
SB83614_component_155a,30.01442,3.032225,84.08599853515625,224.2293243408203,30.014469146728516,3.032172441482544,82.60592651367188,0.9692898392677307,1.017917275428772
SB83614_component_156a,30.559493,-0.296739,82.79000091552734,328.53173828125,30.55946159362793,-0.2967360019683838,65.09764099121094,1.2110270261764526,1.2717819213867188
SB83614_component_158a,24.726763,-0.810956,82.28099822998047,205.1895294189453,24.72675132751465,-0.8108847141265869,73.62881469726562,1.064125657081604,1.1175107955932617
SB83614_component_159a,26.996898,-0.367245,78.4209976196289,211.94863891601562,26.996898651123047,-0.36725810170173645,74.667236328125,1.000100016593933,1.0502731800079346
SB83614_component_161a,31.713166,0.789585,81.71299743652344,135.51077270507812,31.71316146850586,0.789513111114502,86.02281951904297,0.9045209288597107,0.9498990774154663
SB83614_component_162a,23.91726,-2.134314,87.47200012207031,61.25490188598633,23.917203903198242,-2.1341843605041504,83.65667724609375,0.9956566691398621,1.0456069707870483
SB83614_component_165a,25.562264,-1.2493,81.552001953125,263.92236328125,25.562286376953125,-1.2492461204528809,81.50898742675781,0.9527310132980347,1.0005277395248413
SB83614_component_174a,31.280652,-2.040453,76.94000244140625,159.2960662841797,31.280662536621094,-2.0405101776123047,74.93724060058594,0.977677583694458,1.0267258882522583
SB83614_component_175a,24.977197,-1.57264,75.68699645996094,206.79507446289062,24.9771785736084,-1.5725769996643066,69.02710723876953,1.044101595878601,1.096482276916504
SB83614_component_177a,30.648553,-0.596831,77.3740005493164,295.32061767578125,30.64853286743164,-0.5968306660652161,74.91004180908203,0.9835494160652161,1.0328922271728516
SB83614_component_179a,31.455162,2.808266,79.95099639892578,122.43643951416016,31.455184936523438,2.808121681213379,84.95246124267578,0.8961673378944397,0.94112628698349
SB83614_component_181a,27.516853,3.365304,74.72200012207031,212.27841186523438,27.51685905456543,3.365297794342041,94.17414855957031,0.7555408477783203,0.7934449315071106
SB83614_component_182a,28.207386,1.088779,69.98200225830078,295.28271484375,28.2073917388916,1.0887765884399414,66.63724517822266,1.0000241994857788,1.0501935482025146
SB83614_component_183a,28.788021,0.115345,68.86199951171875,255.04443359375,28.788034439086914,0.11533987522125244,66.52310180664062,0.9857079982757568,1.0351592302322388
SB83614_component_186a,28.190369,-3.983316,75.98300170898438,50.45351791381836,28.190412521362305,-3.983304262161255,71.3709487915039,1.013762354850769,1.064620852470398
SB83614_component_191a,29.653615,-3.341618,69.11799621582031,136.86732482910156,29.65361785888672,-3.341616153717041,62.28425979614258,1.0567055940628052,1.1097185611724854
SB83614_component_193a,28.9,2.246048,69.69499969482422,276.56744384765625,28.899993896484375,2.2460989952087402,64.03753662109375,1.0363540649414062,1.088346004486084
SB83614_component_194a,26.654739,0.182494,66.7040023803711,226.88436889648438,26.654769897460938,0.18250635266304016,64.63064575195312,0.9827759861946106,1.032080054283142
SB83614_component_195a,30.01492,-3.814032,66.69000244140625,57.690311431884766,30.0148983001709,-3.8140320777893066,57.8517951965332,1.097703456878662,1.1527732610702515
SB83614_component_197a,31.825147,-0.215571,72.39099884033203,94.6287612915039,31.825143814086914,-0.21565698087215424,73.9888687133789,0.9316640496253967,0.9784039258956909
SB83614_component_198a,30.425606,2.772607,67.08899688720703,212.30694580078125,30.425634384155273,2.772578239440918,65.5077133178711,0.9752141833305359,1.0241389274597168
SB83614_component_199a,28.286423,-3.326086,67.6449966430664,123.89193725585938,28.286441802978516,-3.3260698318481445,63.13248062133789,1.0202908515930176,1.071476936340332
SB83614_component_200a,29.688853,-0.418699,70.89600372314453,276.9375,29.688825607299805,-0.4186801612377167,70.64071655273438,0.9556697010993958,1.003613829612732
SB83614_component_202a,25.883049,0.894117,64.5250015258789,123.37476348876953,25.883087158203125,0.8940943479537964,61.3143424987793,1.0020909309387207,1.0523638725280762
SB83614_component_203a,29.381093,-0.308375,62.854000091552734,237.18492126464844,29.381105422973633,-0.30838724970817566,60.498191833496094,0.9893084168434143,1.038940191268921
SB83614_component_206a,28.080425,-4.174645,68.58899688720703,83.6451187133789,28.080352783203125,-4.174602508544922,68.57418823242188,0.9524341225624084,1.000216007232666
SB83614_component_207a,26.853879,2.07819,63.625,180.75283813476562,26.85390281677246,2.0781636238098145,61.47516632080078,0.9855287075042725,1.034970760345459
SB83614_component_208a,30.924032,-0.97097,66.17900085449219,206.16510009765625,30.92401885986328,-0.9710059762001038,63.03670120239258,0.9996958374977112,1.0498486757278442
SB83614_component_209a,30.861546,-2.951657,63.527000427246094,127.56426239013672,30.861555099487305,-2.951662540435791,57.75712966918945,1.047355055809021,1.0998988151550293
SB83614_component_210a,24.925554,-0.105267,63.189998626708984,205.8306121826172,24.92555809020996,-0.10522635281085968,58.327049255371094,1.0316194295883179,1.083373785018921
SB83614_component_211a,31.510656,2.333617,64.58100128173828,101.38304138183594,31.510677337646484,2.333528757095337,67.82527160644531,0.9066808223724365,0.9521672129631042
SB83614_component_213a,27.140914,1.483917,66.16300201416016,221.28094482421875,27.140893936157227,1.4838533401489258,68.12796783447266,0.9247640371322632,0.9711577296257019
SB83614_component_215a,25.260603,-2.450402,63.819000244140625,207.2045440673828,25.260581970214844,-2.4503753185272217,59.30145263671875,1.024768590927124,1.0761793851852417
SB83614_component_217a,28.946281,-2.529923,60.76900100708008,219.38265991210938,28.946277618408203,-2.5298941135406494,56.55241394042969,1.023227334022522,1.0745606422424316
SB83614_component_218a,30.906629,-2.355668,59.349998474121094,162.15846252441406,30.906597137451172,-2.355664014816284,54.543209075927734,1.0361465215682983,1.0881280899047852
SB83614_component_219a,28.165026,1.78814,61.77799987792969,247.11199951171875,28.1650333404541,1.7881733179092407,56.43655776977539,1.0423521995544434,1.0946450233459473
SB83614_component_221a,29.52426,-3.757205,62.257999420166016,66.87217712402344,29.524253845214844,-3.757185935974121,56.74529266357422,1.0447357892990112,1.0971482992172241
SB83614_component_223a,27.289097,2.168789,62.025001525878906,248.10000610351562,27.289073944091797,2.1688246726989746,58.30689239501953,1.01295006275177,1.063767910003662
SB83614_component_224a,27.647427,2.015887,61.9630012512207,227.80514526367188,27.64741325378418,2.0159006118774414,57.05356979370117,1.0341672897338867,1.0860495567321777
SB83614_component_230a,24.28364,-1.102871,61.18899917602539,95.90752410888672,24.283653259277344,-1.102800726890564,54.003578186035156,1.0789268016815186,1.133054494857788
SB83614_component_232a,26.606215,-3.884399,55.40700149536133,61.907264709472656,26.606220245361328,-3.8843820095062256,53.00294876098633,0.9954186677932739,1.0453569889068604
SB83614_component_234a,28.65253,-3.214469,58.608001708984375,151.44186401367188,28.652524948120117,-3.2144532203674316,52.912017822265625,1.0547360181808472,1.1076500415802002
SB83614_component_245a,28.267302,0.8269,53.16899871826172,206.88327026367188,28.267292022705078,0.8268935084342957,49.59280776977539,1.0208947658538818,1.0721111297607422
SB83614_component_248a,28.673864,-2.909497,53.96799850463867,162.06605529785156,28.67382049560547,-2.9094765186309814,50.562870025634766,1.0163557529449463,1.0673444271087646
SB83614_component_249a,26.513986,0.76306,52.37300109863281,132.58987426757812,26.514019012451172,0.7630715370178223,50.426475524902344,0.9889857172966003,1.038601279258728
SB83614_component_250a,27.860948,-2.866674,55.59000015258789,181.0749053955078,27.860946655273438,-2.866682529449463,52.00033950805664,1.0179622173309326,1.0690314769744873
SB83614_component_251a,30.476113,-0.393339,52.60900115966797,195.57249450683594,30.476078033447266,-0.3933270573616028,50.41533660888672,0.9936617016792297,1.0435118675231934
SB83614_component_258a,24.589924,-0.614066,57.78200149536133,141.97052001953125,24.589923858642578,-0.6140190958976746,54.2404670715332,1.0144025087356567,1.0652931928634644
SB83614_component_264a,30.875807,-3.915596,48.60499954223633,241.81591796875,30.87575912475586,-3.9155735969543457,52.77579116821289,0.8769752979278564,0.9209715127944946
SB83614_component_265a,30.38198,-2.567448,51.96900177001953,158.92662048339844,30.382020950317383,-2.567472457885742,47.400081634521484,1.04401433467865,1.0963906049728394
SB83614_component_267a,28.807371,3.683436,53.316001892089844,50.298118591308594,28.80742073059082,3.6833715438842773,55.4566535949707,0.9154720306396484,0.9613995552062988
SB83614_component_270a,30.134259,-2.367086,49.917999267578125,164.20394897460938,30.134258270263672,-2.367096424102783,47.30116271972656,1.004908561706543,1.0553228855133057
SB83614_component_271a,28.043104,1.208154,51.39099884033203,201.5333251953125,28.0430965423584,1.2081587314605713,47.54283905029297,1.029302716255188,1.080940842628479
SB83614_component_272a,24.554572,2.443377,48.54399871826172,42.4706916809082,24.554569244384766,2.4433960914611816,48.5306510925293,0.9524903893470764,1.0002750158309937
SB83614_component_274a,30.616774,0.534735,51.02199935913086,203.27490234375,30.616771697998047,0.5347404479980469,50.44654083251953,0.9630908370018005,1.0114072561264038
SB83614_component_275a,28.246289,-1.494748,54.5890007019043,221.906494140625,28.246299743652344,-1.4947596788406372,53.05601119995117,0.9797419905662537,1.0288938283920288
SB83614_component_277a,29.372468,-1.926616,50.266998291015625,161.63021850585938,29.37244415283203,-1.9266139268875122,46.524627685546875,1.0288243293762207,1.080438494682312
SB83614_component_280a,29.386897,1.246755,49.90599822998047,207.94166564941406,29.386932373046875,1.2467784881591797,46.646766662597656,1.018761157989502,1.0698704719543457
SB83614_component_282a,27.54164,-1.194104,49.762001037597656,189.20912170410156,27.541645050048828,-1.1941579580307007,48.32830810546875,0.980476975440979,1.0296657085418701
SB83614_component_284a,29.004968,-1.23875,48.354000091552734,206.64102172851562,29.00495719909668,-1.2387603521347046,47.84913635253906,0.9622756242752075,1.0105512142181396
SB83614_component_286a,25.482481,2.433777,50.59000015258789,105.39583587646484,25.48249626159668,2.4337873458862305,48.18704605102539,0.9997134804725647,1.0498672723770142
SB83614_component_288a,26.785798,3.477802,48.32600021362305,86.60572814941406,26.785842895507812,3.4777235984802246,47.054718017578125,0.9779549837112427,1.0270171165466309
SB83614_component_291a,28.540364,-3.339713,51.150001525878906,97.24334716796875,28.54033660888672,-3.339663505554199,46.05014419555664,1.0576837062835693,1.1107457876205444
SB83614_component_292a,25.962153,3.834921,47.645999908447266,37.57571029663086,25.962133407592773,3.8348052501678467,50.900814056396484,0.8913390040397644,0.9360557794570923
SB83614_component_293a,31.126368,1.06155,48.93299865722656,148.73251342773438,31.126346588134766,1.0614917278289795,49.713645935058594,0.9372757077217102,0.9842970967292786
SB83614_component_294a,31.093219,0.592155,48.707000732421875,159.69508361816406,31.093238830566406,0.5921338796615601,46.11526870727539,1.0057449340820312,1.0562012195587158
SB83614_component_300a,25.923143,3.947179,48.04899978637695,32.290992736816406,25.923139572143555,3.9471819400787354,49.803592681884766,0.9186812043190002,0.9647697806358337
SB83614_component_302a,24.790964,1.073198,45.784000396728516,82.1974868774414,24.791015625,1.0732277631759644,46.82412338256836,0.9310762286186218,0.9777866005897522
SB83614_component_303a,25.471811,0.398121,44.49700164794922,147.83056640625,25.47184944152832,0.39812418818473816,41.23027801513672,1.027674674987793,1.0792311429977417
SB83614_component_304a,26.199955,-1.686326,45.784000396728516,146.74359130859375,26.199960708618164,-1.6863021850585938,43.155818939208984,1.0102189779281616,1.0608998537063599
SB83614_component_307a,28.602308,1.16458,45.327999114990234,215.84762573242188,28.60231590270996,1.1645777225494385,42.9495964050293,1.0049597024917603,1.055376648902893
SB83614_component_308a,29.793461,1.153483,50.17499923706055,173.01724243164062,29.793455123901367,1.1535310745239258,47.359764099121094,1.008832335472107,1.0594435930252075
SB83614_component_310a,30.391513,1.44881,43.58399963378906,165.7186279296875,30.39152717590332,1.4487875699996948,45.13686752319336,0.9194684624671936,0.9655964374542236
SB83614_component_311a,26.402659,2.33723,46.40700149536133,121.16710662841797,26.402706146240234,2.337216377258301,42.76642990112305,1.0332887172698975,1.0851268768310547
SB83614_component_314a,31.532477,1.83158,45.141998291015625,79.3356704711914,31.532489776611328,1.8314878940582275,45.374542236328125,0.9473482966423035,0.9948750138282776
SB83614_component_321a,30.759411,3.140373,44.47999954223633,88.95999908447266,30.759431838989258,3.14027738571167,44.26972198486328,0.9567515254020691,1.0047498941421509
SB83614_component_325a,26.721941,-3.440317,46.42499923706055,99.4111328125,26.721965789794922,-3.440366268157959,45.248470306396484,0.9769878387451172,1.0260015726089478
SB83614_component_330a,25.737152,2.326987,42.3380012512207,96.00453186035156,25.737184524536133,2.3269920349121094,38.523406982421875,1.046518325805664,1.0990201234817505
SB83614_component_334a,28.325579,-0.954642,42.573001861572266,198.0139617919922,28.325578689575195,-0.9546712636947632,40.43510818481445,1.0025749206542969,1.0528721809387207
SB83614_component_335a,26.069703,1.763759,43.13100051879883,80.31843566894531,26.069732666015625,1.7637488842010498,40.79981231689453,1.0066362619400024,1.0571372509002686
SB83614_component_339a,30.223569,1.655273,41.638999938964844,145.5908966064453,30.2236270904541,1.655277132987976,40.97811508178711,0.9675858020782471,1.0161277055740356
SB83614_component_345a,26.373326,1.488496,41.8650016784668,62.3919563293457,26.373336791992188,1.488455891609192,38.41948699951172,1.0376256704330444,1.0896813869476318
SB83614_component_355a,25.921235,1.706471,37.231998443603516,73.72673034667969,25.9212646484375,1.7064261436462402,36.39371109008789,0.9741619229316711,1.023033857345581
SB83614_component_358a,30.866986,-1.594614,39.81100082397461,134.95254516601562,30.866992950439453,-1.5946426391601562,37.40202331542969,1.013559341430664,1.0644077062606812
SB83614_component_360a,28.164158,-2.744773,37.6609992980957,117.32398223876953,28.164125442504883,-2.7448065280914307,39.168067932128906,0.9155896306037903,0.9615230560302734
SB83614_component_362a,29.959275,0.394682,38.845001220703125,170.37281799316406,29.959264755249023,0.394718736410141,36.57529067993164,1.0113197565078735,1.0620558261871338
SB83614_component_364a,26.725669,-2.010859,39.540000915527344,72.68382263183594,26.725719451904297,-2.010806083679199,38.14420700073242,0.9870729446411133,1.0365926027297974
SB83614_component_366a,31.70049,1.024438,41.52399826049805,67.628662109375,31.700496673583984,1.0243146419525146,37.740943908691406,1.0476773977279663,1.1002373695373535
SB83614_component_373a,26.223241,-2.860383,38.25299835205078,115.5679702758789,26.2232723236084,-2.8603622913360596,36.236576080322266,1.0052162408828735,1.0556460618972778
SB83614_component_374a,30.827011,3.130619,38.231998443603516,74.67186737060547,30.8270206451416,3.1305298805236816,40.00361633300781,0.9100577235221863,0.9557135701179504
SB83614_component_380a,26.222461,2.754836,38.39799880981445,80.66806030273438,26.222461700439453,2.7547948360443115,37.4252815246582,0.9769777655601501,1.0259909629821777
SB83614_component_385a,29.941489,-3.172942,36.441001892089844,87.38849639892578,29.941438674926758,-3.172877788543701,31.722013473510742,1.09388267993927,1.1487606763839722
SB83614_component_387a,28.951771,-3.747418,39.191001892089844,52.11569595336914,28.951805114746094,-3.74751615524292,41.33158874511719,0.9029120206832886,0.9482094049453735
SB83614_component_392a,26.795647,-1.475043,38.6609992980957,114.04425048828125,26.795719146728516,-1.4750304222106934,35.80622100830078,1.0281482934951782,1.079728603363037
SB83614_component_395a,26.988065,-1.522837,35.96099853515625,137.25572204589844,26.988075256347656,-1.5228499174118042,34.083499908447266,1.0046823024749756,1.055085301399231
SB83614_component_398a,25.161835,-1.492288,34.5890007019043,112.30194854736328,25.16181182861328,-1.4922462701797485,29.388870239257812,1.1207178831100464,1.1769421100616455
SB83614_component_400a,25.133439,-1.667975,37.400001525878906,125.50335693359375,25.1334171295166,-1.6678946018218994,34.25981903076172,1.0395077466964722,1.0916578769683838
SB83614_component_405a,27.302668,3.711804,36.59299850463867,64.31106567382812,27.302602767944336,3.7117719650268555,35.94648361206055,0.9693547487258911,1.017985463142395
SB83614_component_406a,26.611323,-1.243946,35.27000045776367,120.37541961669922,26.611326217651367,-1.2439203262329102,34.23138427734375,0.9811201095581055,1.0303410291671753
SB83614_component_410a,29.690128,-1.832984,35.74399948120117,120.35017395019531,29.690074920654297,-1.8330175876617432,33.44673538208008,1.0176316499710083,1.0686842203140259
SB83614_component_419a,29.566257,-3.608256,34.944000244140625,54.26087188720703,29.56627655029297,-3.6082763671875,31.67354393005371,1.050550937652588,1.1032551527023315
SB83614_component_420a,27.753553,-3.488528,33.70100021362305,62.06446075439453,27.753515243530273,-3.4885618686676025,33.379356384277344,0.9614041447639465,1.0096360445022583
SB83614_component_421a,30.008235,3.892498,35.29600143432617,34.26796340942383,30.00836753845215,3.8924622535705566,37.70374298095703,0.8914197087287903,0.9361405372619629
SB83614_component_425a,24.643738,2.018402,32.86800003051758,50.64406967163086,24.643821716308594,2.018507242202759,26.138547897338867,1.1973828077316284,1.257453203201294
SB83614_component_426a,25.17995,2.644439,31.07200050354004,48.323482513427734,25.179946899414062,2.644412040710449,31.21449851989746,0.9478814601898193,0.9954348802566528
SB83614_component_427a,26.535059,-3.099364,31.75200080871582,81.00000762939453,26.535112380981445,-3.0993378162384033,30.593578338623047,0.9882845878601074,1.0378649234771729
SB83614_component_429a,29.535595,1.809104,32.85100173950195,133.5406494140625,29.535625457763672,1.8091659545898438,30.538375854492188,1.0243394374847412,1.0757285356521606
SB83614_component_431a,31.516159,1.541366,32.30799865722656,60.72932052612305,31.516117095947266,1.5412591695785522,33.75459671020508,0.9114194512367249,0.9571436643600464
SB83614_component_432a,30.287083,2.444481,31.240999221801758,109.61754608154297,30.2871036529541,2.4444570541381836,25.44124984741211,1.1693044900894165,1.2279664278030396
SB83614_component_437a,28.344442,0.691243,30.211000442504883,119.88491821289062,28.344444274902344,0.6912334561347961,27.7416934967041,1.0369869470596313,1.0890107154846191
SB83614_component_442a,29.090885,3.214722,32.077999114990234,91.65142822265625,29.090932846069336,3.2146785259246826,32.188228607177734,0.9489675760269165,0.9965754747390747
SB83614_component_446a,25.735495,-1.295197,29.045000076293945,71.53941345214844,25.73548698425293,-1.2951897382736206,28.09527015686035,0.9844175577163696,1.033803939819336
SB83614_component_452a,25.990584,2.34994,33.26499938964844,61.14889144897461,25.99061393737793,2.349940776824951,31.091075897216797,1.01880943775177,1.0699211359024048
SB83614_component_455a,31.185389,0.923754,30.1299991607666,87.33332824707031,31.18537139892578,0.9236654043197632,30.27510643005371,0.9476644992828369,0.9952070713043213
SB83614_component_460a,29.311606,0.715647,30.006000518798828,126.60759735107422,29.311634063720703,0.7156689763069153,28.59164810180664,0.9993326663970947,1.0494673252105713
SB83614_component_462a,27.237118,0.310018,30.559999465942383,90.14749145507812,27.237098693847656,0.31002041697502136,27.59815788269043,1.0544219017028809,1.1073203086853027
SB83614_component_463a,29.200335,-3.120206,28.452999114990234,78.59944915771484,29.200380325317383,-3.1201748847961426,26.23407554626465,1.0327695608139038,1.084581732749939
SB83614_component_464a,28.450831,0.847698,30.04199981689453,119.21428680419922,28.450817108154297,0.8477534055709839,31.214614868164062,0.9164568781852722,0.9624337553977966
SB83614_component_465a,28.970797,1.997786,30.552000045776367,131.1244659423828,28.97079849243164,1.9978395700454712,27.681325912475586,1.0509787797927856,1.1037043333053589
SB83614_component_466a,25.94416,1.447139,28.93199920654297,64.2933349609375,25.94415283203125,1.4471051692962646,27.667325973510742,0.9957548379898071,1.0457099676132202
SB83614_component_468a,28.644907,-3.823711,31.450000762939453,33.528785705566406,28.64487648010254,-3.8237998485565186,25.076444625854492,1.1942517757415771,1.2541650533676147
SB83614_component_469a,24.125112,0.371152,30.746999740600586,41.05073165893555,24.125211715698242,0.3712182641029358,26.794057846069336,1.0927112102508545,1.1475305557250977
SB83614_component_474a,31.409224,-0.555264,30.238000869750977,72.51319122314453,31.409189224243164,-0.5552971363067627,29.475330352783203,0.9768673181533813,1.0258748531341553
SB83614_component_476a,29.933421,1.730903,28.46500015258789,95.20066833496094,29.93343162536621,1.7309367656707764,26.921525955200195,1.0068219900131226,1.0573323965072632
SB83614_component_477a,25.680524,1.10277,25.065000534057617,46.416664123535156,25.680564880371094,1.102742314338684,27.696962356567383,0.8617409467697144,0.9049729108810425
SB83614_component_478a,29.705993,-2.533221,31.035999298095703,97.90535736083984,29.706010818481445,-2.5332510471343994,26.70494842529297,1.106662392616272,1.1621816158294678
SB83614_component_485a,30.474928,-2.846549,29.770999908447266,76.92765045166016,30.475004196166992,-2.846567153930664,25.719379425048828,1.1022347211837769,1.1575318574905396
SB83614_component_489a,27.33436,-2.260622,28.656999588012695,116.96734619140625,27.334352493286133,-2.260622978210449,27.329299926757812,0.9984892010688782,1.048581600189209
SB83614_component_491a,30.048353,1.477462,29.974000930786133,76.65985107421875,30.048377990722656,1.4774566888809204,28.335615158081055,1.0072870254516602,1.0578206777572632
SB83614_component_493a,28.859127,3.143515,28.761999130249023,86.89425659179688,28.85913848876953,3.1434950828552246,29.14244842529297,0.9397972822189331,0.9869452118873596
SB83614_component_496a,26.669036,1.871739,27.253999710083008,70.97395324707031,26.66909408569336,1.8717148303985596,24.613969802856445,1.0543620586395264,1.10725736618042
SB83614_component_497a,31.335549,-3.170817,25.225000381469727,26.194185256958008,31.335474014282227,-3.1708226203918457,25.332237243652344,0.9481975436210632,0.9957667589187622
SB83614_component_501a,28.740467,-1.41426,27.577999114990234,105.2595443725586,28.740428924560547,-1.4142787456512451,28.2871150970459,0.9283575415611267,0.9749314785003662
SB83614_component_502a,25.725174,-1.89924,26.957000732421875,86.95806884765625,25.7252254486084,-1.899206519126892,23.241321563720703,1.1044648885726929,1.1598738431930542
SB83614_component_507a,29.088847,-0.002086,25.56800079345703,107.42857360839844,29.088850021362305,-0.002068155910819769,24.53284454345703,0.992407500743866,1.0421947240829468
SB83614_component_508a,29.250095,1.100412,27.940000534057617,125.2914810180664,29.250133514404297,1.1004045009613037,26.40982437133789,1.0074002742767334,1.0579396486282349
SB83614_component_509a,31.432142,-1.789346,28.117000579833984,55.02348709106445,31.432157516479492,-1.789435625076294,25.66259765625,1.043300747871399,1.0956412553787231
SB83614_component_511a,29.102353,-0.725504,25.05299949645996,105.70885467529297,29.102394104003906,-0.7254898548126221,24.654903411865234,0.967603862285614,1.0161467790603638
SB83614_component_514a,29.394221,0.230067,25.893999099731445,114.07048034667969,29.394269943237305,0.2301042228937149,24.86617088317871,0.9915882349014282,1.0413343906402588
SB83614_component_522a,28.141803,-2.500789,24.23200035095215,91.44151306152344,28.141809463500977,-2.500798225402832,23.174781799316406,0.9956685304641724,1.0456193685531616
SB83614_component_525a,28.369309,-0.237062,24.19499969482422,93.41698455810547,28.369312286376953,-0.23704487085342407,21.782119750976562,1.05771005153656,1.1107734441757202
SB83614_component_526a,29.14952,1.714231,25.125999450683594,111.67111206054688,29.149511337280273,1.714274525642395,23.322145462036133,1.025878667831421,1.0773451328277588
SB83614_component_528a,29.649969,3.237938,26.69300079345703,73.3324203491211,29.649982452392578,3.2378978729248047,24.70709800720215,1.0287665128707886,1.0803778171539307
SB83614_component_529a,31.094257,1.860064,24.604999542236328,74.56060028076172,31.094247817993164,1.8599765300750732,25.689599990844727,0.9120259284973145,0.9577805399894714
SB83614_component_530a,26.323108,-2.446746,25.839000701904297,80.24534606933594,26.32315444946289,-2.4467391967773438,30.01472282409668,0.8197520971298218,0.860877513885498
SB83614_component_532a,30.439884,-1.670227,25.993999481201172,91.85159301757812,30.439916610717773,-1.67023503780365,25.00956916809082,0.98971027135849,1.0393621921539307
SB83614_component_534a,24.054299,-2.676169,22.09000015258789,15.119781494140625,24.054203033447266,-2.676051616668701,27.968082427978516,0.7520975470542908,0.789828896522522
SB83614_component_536a,30.924782,-2.70392,25.94499969482422,62.069374084472656,30.924823760986328,-2.7039663791656494,23.49725914001465,1.0514233112335205,1.1041712760925293
SB83614_component_541a,25.73586,-0.916949,24.156999588012695,92.2022933959961,25.735898971557617,-0.9169535636901855,21.799150466918945,1.055223822593689,1.1081624031066895
SB83614_component_542a,24.494396,2.837673,24.46299934387207,23.20967674255371,24.494468688964844,2.837803363800049,22.592859268188477,1.0310498476028442,1.0827757120132446
SB83614_component_545a,27.937302,0.698775,22.708999633789062,99.16593933105469,27.937288284301758,0.6987891793251038,22.380882263183594,0.9661887288093567,1.0146605968475342
SB83614_component_546a,29.140487,2.613837,24.687999725341797,97.5810317993164,29.140504837036133,2.6138994693756104,23.42534828186035,1.0035547018051147,1.0539010763168335
SB83614_component_548a,28.898156,3.3618,25.31399917602539,51.97946548461914,28.89815902709961,3.361793279647827,27.250804901123047,0.8845504522323608,0.9289266467094421
SB83614_component_551a,25.210038,1.880952,23.667999267578125,39.31561279296875,25.210033416748047,1.8809714317321777,22.526567459106445,1.0004783868789673,1.0506705045700073
SB83614_component_552a,25.893266,-3.102034,24.386999130249023,63.17875289916992,25.893274307250977,-3.101996660232544,22.156938552856445,1.0480687618255615,1.1006484031677246
SB83614_component_555a,26.975644,-1.813587,23.518999099731445,73.26790618896484,26.975698471069336,-1.8135567903518677,23.673503875732422,0.9460138082504272,0.9934735298156738
SB83614_component_560a,28.902442,4.104355,26.034000396728516,20.21273422241211,28.902690887451172,4.104552268981934,25.000511169433594,0.9915924072265625,1.0413386821746826
SB83614_component_563a,28.39997,-0.142353,22.952999114990234,92.55241394042969,28.399982452392578,-0.14235961437225342,22.048593521118164,0.9912877082824707,1.0410187244415283
SB83614_component_567a,27.101936,-0.656289,24.336999893188477,91.83773803710938,27.10198211669922,-0.6562473177909851,24.14906120300293,0.9596391320228577,1.0077824592590332
SB83614_component_569a,26.073941,0.606319,22.843000411987305,58.12468338012695,26.073974609375,0.6063534021377563,21.681804656982422,1.0032262802124023,1.053556203842163
SB83614_component_571a,26.41677,1.441737,22.43199920654297,39.49295425415039,26.41674041748047,1.4417085647583008,20.667102813720703,1.0335453748703003,1.085396409034729
SB83614_component_572a,29.952973,-1.977502,24.764999389648438,83.38384246826172,29.952951431274414,-1.9775193929672241,23.005775451660156,1.025044322013855,1.076468825340271
SB83614_component_576a,28.243489,-3.562465,25.099000930786133,24.974130630493164,28.243587493896484,-3.5623154640197754,23.517837524414062,1.016249179840088,1.0672324895858765
SB83614_component_578a,31.681808,-2.568918,21.121999740600586,19.94523048400879,31.681846618652344,-2.569002389907837,21.02923583984375,0.9564290046691895,1.004411220550537
SB83614_component_579a,25.968265,-3.879774,24.402000427246094,21.72929573059082,25.96843719482422,-3.8796379566192627,23.809917449951172,0.9759076237678528,1.024867057800293
SB83614_component_587a,28.969447,2.725979,22.621000289916992,96.25957489013672,28.969497680664062,2.726036310195923,23.47437286376953,0.9176117777824402,0.963646650314331
SB83614_component_588a,26.844586,-4.061633,23.472000122070312,17.02103042602539,26.844451904296875,-4.061803817749023,22.490707397460938,0.9937751889228821,1.0436310768127441
SB83614_component_602a,25.856985,3.658956,22.757999420166016,22.421674728393555,25.856952667236328,3.6588449478149414,22.550508499145508,0.9609900712966919,1.009201169013977
SB83614_component_603a,28.868563,0.201303,21.594999313354492,94.30130767822266,28.8686580657959,0.2012680172920227,21.769365310668945,0.9446014165878296,0.991990327835083
SB83614_component_611a,26.489739,0.211334,23.375,49.10714340209961,26.489778518676758,0.21137329936027527,22.35462188720703,0.995693027973175,1.0456451177597046
SB83614_component_615a,29.749538,2.011597,21.523000717163086,83.74708557128906,29.74960708618164,2.011592149734497,19.066152572631836,1.0749318599700928,1.1288591623306274
SB83614_component_616a,28.536691,-0.029443,22.766000747680664,92.1700439453125,28.536739349365234,-0.029470782727003098,22.167007446289062,0.9779594540596008,1.027021884918213
SB83614_component_619a,26.734051,0.58966,20.79400062561035,65.18495178222656,26.734039306640625,0.5896919965744019,20.331708908081055,0.9738797545433044,1.0227375030517578
SB83614_component_620a,31.891806,1.08486,23.086999893188477,27.32189178466797,31.891836166381836,1.0847687721252441,23.368732452392578,0.9407484531402588,0.9879440665245056
SB83614_component_623a,25.535764,-3.784962,21.96500015258789,21.943056106567383,25.53566551208496,-3.784715414047241,21.112173080444336,0.9906938076019287,1.0403950214385986
SB83614_component_626a,29.824004,-1.475883,21.041000366210938,60.81214141845703,29.823997497558594,-1.47589111328125,23.168113708496094,0.8648024201393127,0.9081878662109375
SB83614_component_627a,29.157449,3.90561,23.152999877929688,26.132055282592773,29.157424926757812,3.905428409576416,24.06304168701172,0.9162161350250244,0.9621809124946594
SB83614_component_629a,30.200592,-0.796462,22.208999633789062,84.125,30.200586318969727,-0.7964454889297485,21.859895706176758,0.9674355983734131,1.0159701108932495
SB83614_component_632a,30.395707,-1.184992,20.656999588012695,77.95094299316406,30.395675659179688,-1.1850086450576782,20.807493209838867,0.9453413486480713,0.992767333984375
SB83614_component_637a,24.391952,1.843608,18.989999771118164,19.02805519104004,24.391929626464844,1.8436343669891357,21.928585052490234,0.8246231079101562,0.8659929633140564
SB83614_component_641a,26.886773,-1.84683,21.030000686645508,63.92097473144531,26.886743545532227,-1.8468912839889526,19.90943145751953,1.005823016166687,1.0562833547592163
SB83614_component_642a,25.243779,1.426089,18.44300079345703,38.74580001831055,25.243881225585938,1.426098108291626,23.585304260253906,0.7446141839027405,0.7819700241088867
SB83614_component_643a,26.251264,4.092817,21.57900047302246,14.196710586547852,26.251272201538086,4.0928730964660645,19.7506160736084,1.0403796434402466,1.0925735235214233
SB83614_component_646a,26.418621,2.54244,19.736000061035156,57.04046630859375,26.418655395507812,2.5423991680145264,18.24985694885254,1.0297714471817017,1.0814331769943237
SB83614_component_648a,26.493989,-2.393912,20.33799934387207,59.64222717285156,26.493999481201172,-2.3939077854156494,20.15365219116211,0.9609386324882507,1.009147047996521
SB83614_component_649a,29.345822,-3.773306,21.003999710083008,27.420366287231445,29.345787048339844,-3.773411750793457,19.55756378173828,1.0226532220840454,1.073957920074463
SB83614_component_651a,24.508136,1.252558,22.02199935913086,31.148513793945312,24.508270263671875,1.2525551319122314,21.162324905395508,0.9909107685089111,1.0406228303909302
SB83614_component_653a,27.916838,0.537233,20.91200065612793,83.98394012451172,27.916807174682617,0.5372031927108765,18.798656463623047,1.0592780113220215,1.1124199628829956
SB83614_component_656a,23.908394,-0.615901,20.524999618530273,18.244443893432617,23.908313751220703,-0.6157914400100708,17.2911319732666,1.1303186416625977,1.1870245933532715
SB83614_component_658a,24.225302,-2.263177,21.349000930786133,23.907054901123047,24.22518539428711,-2.2631053924560547,21.314184188842773,0.9537839889526367,1.0016335248947144
SB83614_component_659a,27.593023,3.443692,19.867000579833984,54.133514404296875,27.593095779418945,3.4436402320861816,17.78569793701172,1.0636593103408813,1.117021083831787
SB83614_component_665a,28.374023,-0.370645,19.576000213623047,86.23788452148438,28.373981475830078,-0.37062856554985046,18.980205535888672,0.9821192026138306,1.0313903093338013
SB83614_component_668a,28.817009,-2.223576,19.033000946044922,65.63104248046875,28.816965103149414,-2.223628282546997,17.008201599121094,1.0655897855758667,1.1190483570098877
SB83614_component_670a,28.912338,-0.241318,19.731000900268555,87.30531311035156,28.91231918334961,-0.24134811758995056,19.420379638671875,0.9674590229988098,1.0159945487976074
SB83614_component_673a,31.195425,-1.162499,20.55699920654297,52.043033599853516,31.19542694091797,-1.1625220775604248,20.266054153442383,0.9658989310264587,1.014356255531311
SB83614_component_680a,24.77089,-0.444305,19.816999435424805,53.85054016113281,24.770851135253906,-0.4442459046840668,18.253982543945312,1.033764123916626,1.0856261253356934
SB83614_component_681a,25.67397,2.861571,20.31800079345703,43.978355407714844,25.67400550842285,2.8615353107452393,18.965442657470703,1.0201386213302612,1.0713169574737549
SB83614_component_685a,29.331745,-0.245842,18.525999069213867,78.16876983642578,29.331796646118164,-0.24584364891052246,19.458621978759766,0.9065896272659302,0.952071487903595
SB83614_component_688a,29.972688,-2.288685,18.858999252319336,76.04434967041016,29.97265625,-2.2886955738067627,17.613895416259766,1.0195403099060059,1.0706887245178223
SB83614_component_690a,29.207076,3.145795,21.180999755859375,64.57621765136719,29.207134246826172,3.145780563354492,20.847230911254883,0.9674739241600037,1.0160101652145386
SB83614_component_693a,25.733078,2.279685,20.097999572753906,38.35496139526367,25.733156204223633,2.2796874046325684,19.58810043334961,0.9770159721374512,1.0260310173034668
SB83614_component_694a,30.681712,-2.909022,20.034000396728516,47.70000076293945,30.681856155395508,-2.9090185165405273,18.24244499206543,1.0457450151443481,1.0982080698013306
SB83614_component_698a,26.708422,2.128836,18.69300079345703,50.79619598388672,26.70843505859375,2.128859281539917,19.55235481262207,0.9103766679763794,0.9560485482215881
SB83614_component_701a,28.44643,-2.382599,18.628999710083008,62.09666442871094,28.44639015197754,-2.3825931549072266,13.172554969787598,1.3466684818267822,1.4142283201217651
SB83614_component_702a,31.165662,1.811218,19.261999130249023,51.09283447265625,31.165719985961914,1.8111202716827393,18.274219512939453,1.003699541091919,1.0540531873703003
SB83614_component_703a,29.491668,-2.038257,18.72599983215332,58.70219421386719,29.491682052612305,-2.0382797718048096,18.713668823242188,0.9528559446334839,1.0006589889526367
SB83614_component_707a,25.206454,-3.846782,16.625999450683594,13.539087295532227,25.206533432006836,-3.8466084003448486,21.210296630859375,0.7464181184768677,0.7838645577430725
SB83614_component_709a,28.563497,2.33646,19.084999084472656,82.6190414428711,28.56343650817871,2.3365142345428467,18.41535758972168,0.9868545532226562,1.0363632440567017
SB83614_component_710a,29.160025,-1.546231,18.207000732421875,66.44891357421875,29.16004180908203,-1.5462040901184082,17.296445846557617,1.0023576021194458,1.0526440143585205
SB83614_component_711a,31.579354,3.268562,17.402000427246094,12.610145568847656,31.579265594482422,3.268253803253174,21.11979866027832,0.7846041321754456,0.8239662051200867
SB83614_component_712a,31.775405,1.419823,20.09000015258789,24.95652198791504,31.775346755981445,1.4196892976760864,19.949142456054688,0.958952009677887,1.0070608854293823
SB83614_component_715a,29.938721,-2.106857,19.642000198364258,71.6861343383789,29.93873405456543,-2.1069114208221436,17.27644920349121,1.082610845565796,1.1369234323501587
SB83614_component_716a,26.358523,0.90371,17.68600082397461,49.40223693847656,26.35849952697754,0.9036654233932495,17.395524978637695,0.96812903881073,1.0166983604431152
SB83614_component_720a,29.598271,-1.248679,17.722000122070312,58.29605484008789,29.59824562072754,-1.2486563920974731,16.6861515045166,1.0113413333892822,1.0620783567428589
SB83614_component_722a,28.963982,-1.547839,18.430999755859375,70.88846588134766,28.963924407958984,-1.547802448272705,17.196533203125,1.0205849409103394,1.071785807609558
SB83614_component_723a,27.489452,-3.13489,18.690000534057617,51.065574645996094,27.48944664001465,-3.1348912715911865,18.4434814453125,0.9649562239646912,1.0133662223815918
SB83614_component_726a,29.835684,-1.773854,18.018999099731445,58.8856201171875,29.8356990814209,-1.773799180984497,16.34119987487793,1.0499966144561768,1.1026729345321655
SB83614_component_730a,25.672801,-2.862863,17.427000045776367,52.02089309692383,25.67276382446289,-2.8628900051116943,16.946475982666016,0.9792293310165405,1.028355360031128
SB83614_component_733a,25.491948,1.033965,17.531999588012695,40.30344772338867,25.492107391357422,1.0340393781661987,15.547927856445312,1.073742389678955,1.1276100873947144
SB83614_component_735a,27.753007,2.198342,18.840999603271484,71.91221618652344,27.7530460357666,2.1983697414398193,18.142641067504883,0.9888822436332703,1.0384926795959473
SB83614_component_738a,28.427511,1.393722,16.881999969482422,75.3660659790039,28.427515029907227,1.3937252759933472,15.577054023742676,1.0320000648498535,1.0837736129760742
SB83614_component_740a,25.169885,-1.043321,16.60099983215332,49.26112365722656,25.169931411743164,-1.043299674987793,16.625263214111328,0.9508387446403503,0.9985405802726746
SB83614_component_741a,24.545376,1.426823,17.378999710083008,25.59499168395996,24.545391082763672,1.4267683029174805,17.328699111938477,0.9549925327301025,1.0029027462005615
SB83614_component_742a,29.947204,1.29408,17.325000762939453,50.51020812988281,29.947298049926758,1.2940788269042969,16.381061553955078,1.0070995092391968,1.0576238632202148
SB83614_component_744a,28.151754,-3.409824,17.275999069213867,37.39393615722656,28.15175437927246,-3.40985369682312,16.64706802368164,0.9882040023803711,1.0377802848815918
SB83614_component_747a,30.17052,2.398924,17.304000854492188,65.54545593261719,30.17050552368164,2.3988733291625977,15.773592948913574,1.044616937637329,1.097023367881775
SB83614_component_748a,28.252322,0.475013,17.59000015258789,68.17829895019531,28.2523250579834,0.47497209906578064,14.623623847961426,1.1453863382339478,1.202848196029663
SB83614_component_750a,25.827494,-1.877011,17.707000732421875,58.63245391845703,25.82750701904297,-1.8769118785858154,15.169809341430664,1.111491322517395,1.1672526597976685
SB83614_component_753a,25.036204,-2.345385,17.761999130249023,52.241172790527344,25.036245346069336,-2.345398426055908,15.931774139404297,1.061619520187378,1.1148788928985596
SB83614_component_754a,25.118947,-1.210813,17.57900047302246,58.208614349365234,25.118906021118164,-1.2107774019241333,15.30510139465332,1.0937023162841797,1.1485713720321655
SB83614_component_755a,27.230493,-1.239659,16.81100082397461,56.986446380615234,27.2305850982666,-1.2397509813308716,17.0107364654541,0.9410476088523865,0.9882582426071167
SB83614_component_757a,26.577801,-0.195582,17.07900047302246,50.830360412597656,26.577808380126953,-0.19554531574249268,16.294391632080078,0.9980802536010742,1.0481520891189575
SB83614_component_759a,28.037128,3.592737,18.54599952697754,41.770267486572266,28.037078857421875,3.5926895141601562,18.91909408569336,0.9334500432014465,0.9802794456481934
SB83614_component_763a,31.805972,2.046088,17.64900016784668,19.39450454711914,31.80598258972168,2.0458731651306152,21.68532943725586,0.7749885320663452,0.8138682246208191
SB83614_component_764a,26.490267,-2.722036,16.844999313354492,52.97169876098633,26.490299224853516,-2.7220044136047363,17.88620948791504,0.8967964053153992,0.9417870044708252
SB83614_component_765a,29.145269,-3.45462,17.347000122070312,25.51029396057129,29.145387649536133,-3.4546642303466797,15.067671775817871,1.096274733543396,1.1512727737426758
SB83614_component_766a,25.9219,1.996423,18.45599937438965,42.04100036621094,25.921977996826172,1.996436595916748,15.992053031921387,1.0989413261413574,1.1540731191635132
SB83614_component_767a,29.837726,-2.55502,17.334999084472656,59.982696533203125,29.837677001953125,-2.5550732612609863,14.624215126037598,1.128736138343811,1.185362696647644
SB83614_component_768a,25.898306,2.301586,16.63800048828125,38.160552978515625,25.898231506347656,2.301668405532837,16.538545608520508,0.9579547047615051,1.0060135126113892
SB83614_component_771a,25.044711,-0.169286,17.402999877929688,54.384376525878906,25.044797897338867,-0.1692352592945099,16.197721481323242,1.0230841636657715,1.074410319328308
SB83614_component_772a,29.756657,2.989722,17.743000030517578,57.98366165161133,29.756696701049805,2.9896814823150635,16.1086368560791,1.0488405227661133,1.1014587879180908
SB83614_component_774a,28.942323,0.837084,16.280000686645508,75.72093200683594,28.942337036132812,0.8370864987373352,15.387267112731934,1.0074745416641235,1.0580177307128906
SB83614_component_777a,26.879878,-0.185669,16.48699951171875,54.412540435791016,26.879919052124023,-0.18562471866607666,16.2989501953125,0.9632148146629333,1.0115375518798828
SB83614_component_778a,26.855948,-2.038736,16.389999389648438,43.590423583984375,26.8559627532959,-2.0386970043182373,16.661746978759766,0.9366979598999023,0.9836903214454651
SB83614_component_779a,27.994311,3.565831,17.531999588012695,42.55339813232422,27.994247436523438,3.565793037414551,18.403587341308594,0.9071312546730042,0.9526403546333313
SB83614_component_781a,28.118764,-2.573446,18.417999267578125,63.95138931274414,28.11878776550293,-2.573430061340332,17.227956771850586,1.0180048942565918,1.0690762996673584
SB83614_component_782a,30.975412,-1.361124,17.21500015258789,53.6292839050293,30.97543716430664,-1.3611565828323364,16.645689010620117,0.9847963452339172,1.034201741218567
SB83614_component_783a,24.222223,-0.691639,17.722999572753906,27.562984466552734,24.22222328186035,-0.6915827989578247,15.38277816772461,1.0970934629440308,1.152132511138916
SB83614_component_789a,27.011528,-0.402253,17.44300079345703,47.92033386230469,27.011568069458008,-0.40221479535102844,15.047483444213867,1.103820562362671,1.159197211265564
SB83614_component_790a,27.86747,1.00017,15.706000328063965,65.9916000366211,27.86748695373535,1.0001477003097534,14.011028289794922,1.0674235820770264,1.1209741830825806
SB83614_component_793a,29.689146,2.151322,15.520999908447266,58.13108825683594,29.689146041870117,2.151294708251953,14.318290710449219,1.032213807106018,1.0839980840682983
SB83614_component_794a,29.134759,3.115865,15.70199966430664,48.612998962402344,29.134794235229492,3.1158287525177,16.854961395263672,0.8870914578437805,0.9315950870513916
SB83614_component_797a,28.157133,2.660976,16.642000198364258,67.65040588378906,28.15705680847168,2.6609795093536377,15.935123443603516,0.9944690465927124,1.0443596839904785
SB83614_component_798a,31.515144,2.464422,16.957000732421875,26.746057510375977,31.515146255493164,2.464324474334717,18.308778762817383,0.8819233775138855,0.9261677861213684
SB83614_component_800a,31.472991,-0.227199,16.577999114990234,36.51541519165039,31.472997665405273,-0.22724758088588715,15.86608600616455,0.9949550628662109,1.044870138168335
SB83614_component_804a,29.274258,-0.864141,16.55900001525879,62.72348403930664,29.27420425415039,-0.8641146421432495,16.50774574279785,0.9551849961280823,1.00310480594635
SB83614_component_807a,28.824481,-1.348871,15.607000350952148,61.203922271728516,28.824451446533203,-1.3489060401916504,14.628235816955566,1.0159413814544678,1.0669093132019043
SB83614_component_809a,24.6873,-2.013228,15.517999649047852,35.10859680175781,24.68726348876953,-2.0132038593292236,14.196276664733887,1.040884256362915,1.0931035280227661
SB83614_component_810a,26.452637,3.701005,15.57800006866455,20.49736785888672,26.452770233154297,3.7009925842285156,15.02302074432373,0.9874056577682495,1.0369418859481812
SB83614_component_811a,24.934203,0.073751,16.20599937438965,51.94230651855469,24.934253692626953,0.07386887818574905,15.064064979553223,1.0244123935699463,1.0758051872253418
SB83614_component_815a,25.922085,-3.462733,15.470000267028809,25.319149017333984,25.92220115661621,-3.4626986980438232,15.098045349121094,0.975687563419342,1.024635910987854
SB83614_component_819a,29.801998,-0.428208,15.524999618530273,65.23108673095703,29.80195426940918,-0.42814916372299194,13.960274696350098,1.0589581727981567,1.112084150314331
SB83614_component_820a,26.144894,3.032218,15.586000442504883,34.79018020629883,26.145030975341797,3.0322482585906982,14.747662544250488,1.0063583850860596,1.0568454265594482
SB83614_component_822a,26.237952,-0.705001,16.141000747680664,52.405845642089844,26.238012313842773,-0.7049704790115356,15.042021751403809,1.021798849105835,1.0730606317520142
SB83614_component_824a,27.851951,2.513888,14.821000099182129,58.35039138793945,27.852033615112305,2.5138602256774902,15.032967567443848,0.9388018846511841,0.985899806022644
SB83614_component_825a,30.434606,-2.409415,16.732999801635742,54.5048828125,30.434646606445312,-2.409421443939209,15.548379898071289,1.024778127670288,1.0761892795562744
SB83614_component_829a,27.978299,2.596059,16.48900032043457,66.75708770751953,27.978334426879883,2.5961148738861084,16.39729881286621,0.9575537443161011,1.0055924654006958
SB83614_component_835a,27.808958,-0.285344,14.878000259399414,55.72285079956055,27.809009552001953,-0.2853468060493469,13.534199714660645,1.0467745065689087,1.0992892980575562
SB83614_component_836a,29.531689,-0.39657,15.532999992370605,71.91203308105469,29.531713485717773,-0.3965747356414795,13.870097160339355,1.0663923025131226,1.1198911666870117
SB83614_component_843a,28.358913,-1.124238,15.303999900817871,59.54863739013672,28.3588924407959,-1.1243027448654175,14.5963716506958,0.9983922839164734,1.0484797954559326
SB83614_component_847a,31.06185,-1.648703,14.604999542236328,40.68244934082031,31.061847686767578,-1.648651123046875,14.503345489501953,0.9589026570320129,1.0070090293884277
SB83614_component_850a,26.946679,-1.833472,14.788000106811523,47.549842834472656,26.946672439575195,-1.833417296409607,14.022464752197266,1.0042139291763306,1.0545934438705444
SB83614_component_852a,31.138518,2.557956,15.07699966430664,35.06278991699219,31.13850212097168,2.557828903198242,15.351921081542969,0.9351759552955627,0.982092022895813
SB83614_component_854a,25.579593,-2.689761,14.8100004196167,42.557472229003906,25.579551696777344,-2.6897270679473877,14.021595001220703,1.0057703256607056,1.0562279224395752
SB83614_component_857a,26.593751,1.582362,14.293000221252441,38.73442077636719,26.593793869018555,1.582336664199829,15.21672248840332,0.8944240212440491,0.9392955899238586
SB83614_component_859a,29.153805,2.671324,14.425000190734863,59.60744094848633,29.15382957458496,2.6713473796844482,14.08159065246582,0.9754506349563599,1.0243871212005615
SB83614_component_860a,25.494258,2.394384,15.168999671936035,31.734310150146484,25.494123458862305,2.3944272994995117,14.437884330749512,1.0004481077194214,1.0506386756896973
SB83614_component_862a,24.31691,-1.813691,14.263999938964844,17.35279655456543,24.316709518432617,-1.8134677410125732,13.204346656799316,1.0286451578140259,1.0802503824234009
SB83614_component_865a,24.744727,1.391864,15.91100025177002,29.684701919555664,24.744853973388672,1.3919191360473633,16.82557487487793,0.9004690051078796,0.9456437826156616
SB83614_component_869a,28.881184,-2.421697,14.225000381469727,51.1690673828125,28.881229400634766,-2.4216902256011963,12.72969913482666,1.0640825033187866,1.117465615272522
SB83614_component_879a,28.025028,2.234151,14.388999938964844,64.23660278320312,28.024991989135742,2.234194040298462,14.224669456481934,0.9632291197776794,1.0115524530410767
SB83614_component_882a,30.786117,2.242032,14.350000381469727,47.04917907714844,30.786251068115234,2.2420425415039062,13.591963768005371,1.0053352117538452,1.055770993232727
SB83614_component_883a,24.43615,-1.972155,15.628999710083008,22.168794631958008,24.436153411865234,-1.9721125364303589,13.359010696411133,1.1140329837799072,1.1699219942092896
SB83614_component_884a,28.050407,-3.549468,14.041999816894531,20.958208084106445,28.050443649291992,-3.5494306087493896,16.683305740356445,0.8014714121818542,0.8416796922683716
SB83614_component_885a,29.862999,-1.223109,12.890999794006348,44.76041793823242,29.8629207611084,-1.2230453491210938,12.22664737701416,1.0039691925048828,1.054336428642273
SB83614_component_886a,31.472589,-3.056855,15.218000411987305,13.256097793579102,31.472326278686523,-3.0572776794433594,12.492043495178223,1.1600195169448853,1.2182154655456543
SB83614_component_887a,27.594819,-1.806774,14.42199993133545,55.899227142333984,27.594640731811523,-1.806823968887329,12.445442199707031,1.1034592390060425,1.1588177680969238
SB83614_component_888a,25.375095,1.095875,15.574000358581543,35.720184326171875,25.37514305114746,1.095842957496643,14.725604057312012,1.0070898532867432,1.057613730430603
SB83614_component_891a,25.70415,-3.071345,14.447999954223633,35.067962646484375,25.704193115234375,-3.0712716579437256,13.542041778564453,1.015932321548462,1.0668996572494507
SB83614_component_895a,30.412449,3.368095,14.465999603271484,28.93199920654297,30.412572860717773,3.368034601211548,13.999164581298828,0.9839828014373779,1.0333473682403564
SB83614_component_897a,27.323872,3.6449,14.411999702453613,28.53861427307129,27.32393455505371,3.644864797592163,14.325117111206055,0.9580038189888,1.006065011024475
SB83614_component_899a,28.339427,-3.751511,14.944999694824219,17.79166603088379,28.339468002319336,-3.751526117324829,13.491289138793945,1.0548328161239624,1.1077518463134766
SB83614_component_900a,24.738775,-1.655386,15.052000045776367,38.594871520996094,24.738807678222656,-1.655409574508667,13.628329277038574,1.0517021417617798,1.104464054107666
SB83614_component_902a,27.514062,-0.850066,14.727999687194824,58.67729187011719,27.514080047607422,-0.8501204252243042,13.956250190734863,1.0048846006393433,1.0552977323532104
SB83614_component_904a,24.975007,3.131314,14.645999908447266,17.83922004699707,24.974916458129883,3.1311416625976562,13.580489158630371,1.0269392728805542,1.0784589052200317
SB83614_component_906a,29.269264,3.556981,13.812999725341797,25.25228500366211,29.269386291503906,3.556842088699341,17.38526725769043,0.7565677165985107,0.794523298740387
SB83614_component_914a,26.161425,0.230372,12.383000373840332,35.178977966308594,26.161542892456055,0.2304409295320511,13.456498146057129,0.8762640953063965,0.9202246069908142
SB83614_component_919a,28.507091,-4.035602,13.906999588012695,10.907450675964355,28.506996154785156,-4.0354905128479,13.089344024658203,1.011711597442627,1.0624672174453735
SB83614_component_920a,26.131024,-1.461576,13.89900016784668,34.23398971557617,26.130966186523438,-1.461540699005127,12.311071395874023,1.0750505924224854,1.1289838552474976
SB83614_component_921a,24.957807,3.37823,13.529000282287598,11.652885437011719,24.9578914642334,3.3780763149261475,13.333490371704102,0.9661911129951477,1.0146631002426147
SB83614_component_922a,27.534958,2.923023,13.586999893188477,50.697757720947266,27.534963607788086,2.923022747039795,13.847736358642578,0.9342991709709167,0.981171190738678
SB83614_component_924a,28.046098,2.346223,13.166000366210938,52.66400146484375,28.046113967895508,2.346283197402954,13.358582496643066,0.9385008215904236,0.9855836629867554
SB83614_component_927a,27.729354,-3.152339,14.095000267028809,42.58308410644531,27.729278564453125,-3.1523935794830322,13.912172317504883,0.9647423028945923,1.0131416320800781
SB83614_component_928a,31.70727,-2.220151,12.272000312805176,13.742441177368164,31.707107543945312,-2.220177412033081,13.467949867248535,0.8676708936691284,0.9112003445625305
SB83614_component_929a,26.130095,-3.700489,14.371999740600586,16.615028381347656,26.130413055419922,-3.7005908489227295,11.677172660827637,1.1719812154769897,1.230777382850647
SB83614_component_930a,30.53741,-1.516622,12.979000091552734,42.834983825683594,30.53738021850586,-1.5166503190994263,13.134819984436035,0.9409320950508118,0.988136887550354
SB83614_component_935a,30.054467,-1.99204,13.461000442504883,48.77174377441406,30.05445671081543,-1.9920302629470825,12.836823463439941,0.9985296130180359,1.0486239194869995
SB83614_component_938a,30.008713,1.341845,13.25,33.04239273071289,30.008893966674805,1.3418971300125122,12.294987678527832,1.0261927843093872,1.0776749849319458
SB83614_component_940a,24.969882,0.23942,12.427000045776367,31.620864868164062,24.96992301940918,0.23948663473129272,12.676631927490234,0.9334769248962402,0.9803076982498169
SB83614_component_941a,30.03931,3.26001,13.656000137329102,36.61125946044922,30.03925323486328,3.259951591491699,15.14012336730957,0.8588854670524597,0.9019741415977478
SB83614_component_942a,28.274263,1.000098,13.180999755859375,52.3055534362793,28.274255752563477,1.0000638961791992,12.854050636291504,0.9764488935470581,1.025435447692871
SB83614_component_943a,26.356064,0.638621,13.265000343322754,41.068111419677734,26.356014251708984,0.6385754942893982,12.794084548950195,0.9872774481773376,1.0368072986602783
SB83614_component_946a,30.134787,-0.209901,13.369000434875488,64.89806365966797,30.134775161743164,-0.20984774827957153,12.200437545776367,1.0434333086013794,1.095780372619629
SB83614_component_947a,28.583069,2.601858,13.843999862670898,53.65891647338867,28.58300018310547,2.6019198894500732,14.019967079162598,0.9402768611907959,0.9874488115310669
SB83614_component_951a,29.21652,-2.291915,14.166999816894531,52.665428161621094,29.216571807861328,-2.291900873184204,13.170647621154785,1.0242640972137451,1.0756494998931885
SB83614_component_958a,26.075111,2.405689,11.555999755859375,23.87603187561035,26.07521629333496,2.4056873321533203,12.391242027282715,0.8880427479743958,0.9325941205024719
SB83614_component_959a,27.972008,-0.480718,12.218000411987305,48.67729568481445,27.972150802612305,-0.48060235381126404,11.308408737182617,1.0288209915161133,1.080435037612915
SB83614_component_960a,26.567834,-2.480655,13.86299991607666,41.50598907470703,26.567888259887695,-2.480638027191162,14.762914657592773,0.8941827416419983,0.9390422105789185
SB83614_component_961a,28.003703,-2.542603,12.630000114440918,47.66038131713867,28.0036563873291,-2.542590856552124,12.029773712158203,0.9997400045394897,1.0498950481414795
SB83614_component_962a,30.613071,0.963229,13.836000442504883,60.68421173095703,30.613035202026367,0.963180661201477,13.351457595825195,0.9867861270904541,1.0362913608551025
SB83614_component_968a,29.271746,-3.023938,13.3100004196167,36.869808197021484,29.271713256835938,-3.0239453315734863,11.644430160522461,1.0884312391281128,1.1430357694625854
SB83614_component_969a,28.349988,-2.650121,13.404999732971191,40.014923095703125,28.349905014038086,-2.650275230407715,12.242916107177734,1.042612910270691,1.0949188470840454
SB83614_component_971a,25.687201,-1.306866,12.850000381469727,34.45040512084961,25.68716049194336,-1.3068681955337524,11.426877975463867,1.0708205699920654,1.1245416402816772
SB83614_component_973a,26.540973,0.722542,12.565999984741211,33.77956771850586,26.541034698486328,0.7225314974784851,10.742898941040039,1.113824486732483,1.1697028875350952
SB83614_component_974a,29.941622,0.774958,13.467000007629395,44.592716217041016,29.941761016845703,0.7749590277671814,13.23477554321289,0.9689367413520813,1.017546534538269
SB83614_component_975a,25.506113,3.483695,13.984999656677246,14.055275917053223,25.505943298339844,3.48372483253479,13.4929838180542,0.9869510531425476,1.0364645719528198
SB83614_component_979a,31.708475,0.911753,12.9399995803833,19.371257781982422,31.70849609375,0.9116160869598389,12.1264009475708,1.0161164999008179,1.0670931339263916
SB83614_component_980a,29.116325,-2.019854,13.045999526977539,49.045108795166016,29.116235733032227,-2.019885778427124,10.604640007019043,1.1714469194412231,1.230216145515442
SB83614_component_981a,29.045903,1.519642,11.718000411987305,51.17030715942383,29.04597282409668,1.5196149349212646,11.99565601348877,0.9301878213882446,0.9768536686897278
SB83614_component_982a,26.280831,2.428157,12.276000022888184,29.021276473999023,26.28084373474121,2.4281880855560303,11.790314674377441,0.9914541840553284,1.0411936044692993
SB83614_component_984a,31.244395,3.451267,13.392999649047852,12.599247932434082,31.244434356689453,3.450918674468994,13.725151062011719,0.9291843771934509,0.9757997989654541
SB83614_component_985a,26.877244,0.291368,13.904999732971191,46.196014404296875,26.877323150634766,0.29145434498786926,13.414013862609863,0.9870824217796326,1.03660249710083
SB83614_component_992a,29.575961,-2.817098,13.286999702453613,39.66268539428711,29.575918197631836,-2.8171658515930176,11.82347297668457,1.070096731185913,1.123781442642212
SB83614_component_995a,29.413427,0.656349,12.116999626159668,52.912662506103516,29.4134464263916,0.6563825011253357,10.723771095275879,1.0759416818618774,1.1299196481704712
SB83614_component_996a,29.307144,-2.640379,13.696999549865723,43.20819854736328,29.307205200195312,-2.640312910079956,10.498602867126465,1.2423245906829834,1.3046497106552124
SB83614_component_997a,24.587711,-0.190753,12.322999954223633,31.924869537353516,24.587644577026367,-0.19067713618278503,8.644876480102539,1.3573719263076782,1.4254685640335083
SB83614_component_1003a,27.992281,3.031367,12.29699993133545,43.606380462646484,27.99233055114746,3.031365156173706,11.31783676147461,1.0346105098724365,1.0865150690078735
SB83614_component_1004a,29.958683,-0.402026,12.093000411987305,46.156490325927734,29.958641052246094,-0.40195319056510925,13.275837898254395,0.8673877716064453,0.9109029769897461
SB83614_component_1009a,26.998621,2.666461,11.777000427246094,40.19453811645508,26.99862289428711,2.6664721965789795,10.006556510925293,1.1207047700881958,1.1769284009933472
SB83614_component_1012a,27.127256,-2.351843,12.928000450134277,47.01091003417969,27.127321243286133,-2.3517940044403076,13.864150047302246,0.8879311084747314,0.9324769377708435
SB83614_component_1013a,29.198336,-0.968724,11.850000381469727,45.75289535522461,29.198389053344727,-0.9687496423721313,11.177081108093262,1.0095577239990234,1.0602052211761475
SB83614_component_1022a,30.57027,-1.732323,12.26099967956543,42.72125244140625,30.570274353027344,-1.7323077917099,11.05582046508789,1.0560295581817627,1.109008550643921
SB83614_component_1023a,26.216372,2.105506,11.177000045776367,17.854633331298828,26.216310501098633,2.10541033744812,11.438658714294434,0.9304462671279907,0.9771250486373901
SB83614_component_1024a,29.364561,-1.358794,12.437999725341797,43.1875,29.364578247070312,-1.358811616897583,11.2826566696167,1.0497366189956665,1.1023999452590942
SB83614_component_1029a,30.96078,-0.617894,11.765000343322754,38.82838439941406,30.9608154296875,-0.617949903011322,11.143768310546875,1.005312442779541,1.0557470321655273
SB83614_component_1034a,24.848182,1.378124,12.260000228881836,19.87034034729004,24.848073959350586,1.3781641721725464,11.434823989868164,1.020944595336914,1.072163462638855
SB83614_component_1037a,27.951612,2.204408,13.47700023651123,54.1245002746582,27.95159339904785,2.204399585723877,12.590147972106934,1.019303560256958,1.0704401731491089
SB83614_component_1041a,27.473179,0.203923,11.369999885559082,38.28282928466797,27.47317123413086,0.20391033589839935,11.427679061889648,0.9474222660064697,0.9949526786804199
SB83614_component_1052a,25.095259,-1.093046,11.093999862670898,36.13680648803711,25.0952205657959,-1.0930134057998657,10.737967491149902,0.9838009476661682,1.033156394958496
SB83614_component_1055a,28.707518,-2.010881,11.598999977111816,30.284595489501953,28.70744514465332,-2.010982036590576,10.313558578491211,1.0709104537963867,1.1246360540390015
SB83614_component_1058a,30.990239,3.619302,11.640999794006348,10.131418228149414,30.990272521972656,3.6193654537200928,14.102524757385254,0.7860217690467834,0.8254550099372864
SB83614_component_1059a,28.266334,0.764542,10.57699966430664,42.995933532714844,28.266393661499023,0.7645429968833923,10.009902954101562,1.0061756372451782,1.056653618812561
SB83614_component_1061a,24.845994,-0.706299,12.116999626159668,34.22881317138672,24.84593963623047,-0.7063191533088684,11.10210132598877,1.0392764806747437,1.0914149284362793
SB83614_component_1063a,28.337793,-0.218467,11.583000183105469,45.070037841796875,28.337919235229492,-0.21858029067516327,12.84607982635498,0.858601450920105,0.9016758799552917
SB83614_component_1064a,24.863097,1.262974,11.925000190734863,18.868669509887695,24.863229751586914,1.2630037069320679,11.408509254455566,0.9953381419181824,1.0452724695205688
SB83614_component_1065a,28.749958,1.814303,11.050999641418457,47.42918395996094,28.749969482421875,1.8142961263656616,9.549050331115723,1.1020023822784424,1.157287836074829
SB83614_component_1066a,30.230668,-0.468249,12.557999610900879,51.679012298583984,30.230762481689453,-0.468166708946228,11.569068908691406,1.0336254835128784,1.0854805707931519
SB83614_component_1068a,28.299869,0.393903,11.159000396728516,36.82838439941406,28.29996109008789,0.39391982555389404,10.882400512695312,0.9764314293861389,1.0254172086715698
SB83614_component_1072a,27.061678,2.446063,11.300999641418457,47.08749771118164,27.06170082092285,2.445974111557007,12.411022186279297,0.8670626282691956,0.9105615615844727
SB83614_component_1073a,29.231752,2.997484,11.98799991607666,37.462501525878906,29.231674194335938,2.9974331855773926,12.702092170715332,0.8986956477165222,0.9437814950942993
SB83614_component_1076a,30.771835,-0.003519,11.006999969482422,44.5627555847168,30.771806716918945,-0.00358126824721694,9.910264015197754,1.0576084852218628,1.1106666326522827
SB83614_component_1077a,24.421438,-0.303507,12.060999870300293,26.334060668945312,24.421438217163086,-0.303424596786499,10.713542938232422,1.0719915628433228,1.125771403312683
SB83614_component_1079a,25.424712,-0.904098,11.77400016784668,40.8819465637207,25.424739837646484,-0.9040437936782837,10.933868408203125,1.025395393371582,1.0768375396728516
SB83614_component_1081a,30.800809,-2.225666,11.401000022888184,33.14244079589844,30.8009090423584,-2.225759744644165,10.348076820373535,1.0491183996200562,1.1017506122589111
SB83614_component_1083a,25.24959,-3.060722,11.15999984741211,24.3137264251709,25.249530792236328,-3.060697317123413,11.70267105102539,0.9080721735954285,0.953628420829773
SB83614_component_1089a,28.953467,1.771237,10.595000267028809,45.66810607910156,28.953516006469727,1.7712734937667847,10.113402366638184,0.9975734353065491,1.0476198196411133
SB83614_component_1091a,28.217382,-0.375203,11.190999984741211,38.9930305480957,28.217437744140625,-0.37514179944992065,11.408473014831543,0.9340766668319702,0.9809376001358032
SB83614_component_1093a,28.256326,-1.144918,11.131999969482422,43.654903411865234,28.256328582763672,-1.1449344158172607,11.076573371887207,0.9569934010505676,1.0050039291381836
SB83614_component_1094a,26.814549,2.895943,10.697999954223633,25.53221893310547,26.814672470092773,2.8959033489227295,10.835904121398926,0.9401098489761353,0.9872733950614929
SB83614_component_1096a,31.017299,1.823707,11.279000282287598,35.580440521240234,31.017364501953125,1.8236806392669678,11.306265830993652,0.9499321579933167,0.9975884556770325
SB83614_component_1097a,30.34156,-2.965283,10.875,27.05223846435547,30.341642379760742,-2.9652657508850098,9.415356636047363,1.0998504161834717,1.155027985572815
SB83614_component_1099a,24.636619,-0.91634,11.817000389099121,28.82195281982422,24.636699676513672,-0.9163745045661926,10.149765014648438,1.1086448431015015,1.1642634868621826
SB83614_component_1100a,26.199442,-2.133879,11.70300006866455,38.75165939331055,26.199438095092773,-2.133943557739258,11.381217002868652,0.9791510105133057,1.0282732248306274
SB83614_component_1105a,28.09642,3.17261,11.355999946594238,40.99638748168945,28.096479415893555,3.1726667881011963,10.590813636779785,1.0210269689559937,1.0722500085830688
SB83614_component_1108a,25.752312,2.434143,10.013999938964844,22.656108856201172,25.752235412597656,2.4340248107910156,9.162670135498047,1.0407027006149292,1.0929127931594849
SB83614_component_1109a,28.374984,-2.429665,11.130000114440918,36.1363639831543,28.375,-2.4296765327453613,12.800782203674316,0.8279418349266052,0.8694781064987183
SB83614_component_1110a,30.281182,-2.108272,11.604999542236328,41.29893112182617,30.28122329711914,-2.1082923412323,9.243782997131348,1.1954641342163086,1.2554383277893066
SB83614_component_1111a,25.711686,1.585461,10.401000022888184,22.176971435546875,25.711685180664062,1.585510015487671,10.821219444274902,0.9152507185935974,0.9611670970916748
SB83614_component_1115a,26.036995,1.167538,10.371999740600586,19.136531829833984,26.037078857421875,1.1674712896347046,11.6447172164917,0.8481540083885193,0.8907042741775513
SB83614_component_1121a,24.589971,1.023767,11.711999893188477,21.6487979888916,24.590261459350586,1.0238066911697388,10.129042625427246,1.1010419130325317,1.1562790870666504
SB83614_component_1122a,26.313509,-2.877058,10.831000328063965,32.92097473144531,26.31354522705078,-2.8770148754119873,10.856788635253906,0.9499666690826416,0.9976246953010559
SB83614_component_1123a,27.877038,3.451468,10.920000076293945,29.593496322631836,27.877042770385742,3.4514994621276855,10.451461791992188,0.9949167966842651,1.0448299646377563
SB83614_component_1125a,25.054676,3.270156,11.369000434875488,10.858643531799316,25.054502487182617,3.2700843811035156,9.745833396911621,1.110822081565857,1.166549801826477
SB83614_component_1126a,25.357308,-2.596363,11.715999603271484,33.09604263305664,25.357250213623047,-2.596409320831299,10.882295608520508,1.0251797437667847,1.076611042022705
SB83614_component_1129a,30.564997,-0.393666,10.96399974822998,40.01459884643555,30.564987182617188,-0.393796443939209,12.077230453491211,0.8644558787345886,0.9078239798545837
SB83614_component_1130a,30.648125,2.156328,10.465999603271484,39.345863342285156,30.648208618164062,2.1562724113464355,10.89120864868164,0.915052056312561,0.9609584808349609
SB83614_component_1135a,30.793935,3.296571,10.8100004196167,19.834861755371094,30.794029235839844,3.2965164184570312,15.13412094116211,0.6801577806472778,0.7142800092697144
SB83614_component_1136a,30.920677,-0.814855,11.253999710083008,35.95527267456055,30.920581817626953,-0.8148003816604614,10.972864151000977,0.9766255617141724,1.025620937347412
SB83614_component_1138a,29.051718,2.811152,11.89799976348877,45.068180084228516,29.05171012878418,2.811123847961426,11.462398529052734,0.9884157180786133,1.038002610206604
SB83614_component_1139a,24.137724,-2.003158,10.182000160217285,10.786017417907715,24.13778305053711,-2.00309681892395,10.05445384979248,0.9643080830574036,1.0126855373382568
SB83614_component_1142a,31.451466,-3.023214,11.053000450134277,11.430196762084961,31.451807022094727,-3.023094415664673,8.589437484741211,1.2253401279449463,1.2868130207061768
SB83614_component_1143a,24.575234,1.847448,11.156999588012695,15.03638744354248,24.575355529785156,1.8474923372268677,8.988582611083984,1.1819453239440918,1.241241216659546
SB83614_component_1145a,29.685007,3.323905,10.645000457763672,25.900243759155273,29.685009002685547,3.323880910873413,10.250598907470703,0.9888663291931152,1.0384759902954102
SB83614_component_1146a,31.358759,-2.902044,10.869000434875488,14.00644302368164,31.35869598388672,-2.9020371437072754,11.933209419250488,0.8673083186149597,0.9108195304870605
SB83614_component_1147a,30.056743,-2.962444,10.32800006866455,25.81999969482422,30.0567684173584,-2.962493896484375,8.536664009094238,1.152044415473938,1.2098402976989746
SB83614_component_1151a,30.749331,-2.17902,10.746999740600586,36.67918014526367,30.749300003051758,-2.17905855178833,9.621519088745117,1.0636157989501953,1.1169753074645996
SB83614_component_1152a,28.282855,1.842705,11.265000343322754,45.79268264770508,28.282926559448242,1.8427468538284302,11.067520141601562,0.9692193269729614,1.017843246459961
SB83614_component_1154a,24.412736,1.133953,11.647000312805176,16.198888778686523,24.412904739379883,1.1340713500976562,10.507881164550781,1.0554559230804443,1.1084061861038208
SB83614_component_1159a,26.769385,-2.251613,10.678999900817871,30.77521514892578,26.769304275512695,-2.251607656478882,9.835384368896484,1.0339045524597168,1.0857734680175781
SB83614_component_1162a,30.560683,-2.435885,11.4350004196167,33.049137115478516,30.560565948486328,-2.435988426208496,10.075971603393555,1.0806633234024048,1.134878158569336
SB83614_component_1166a,31.109264,-2.20064,10.741000175476074,26.52098846435547,31.109220504760742,-2.200540065765381,9.930858612060547,1.0299094915390015,1.081578254699707
SB83614_component_1170a,27.539237,0.555896,10.083000183105469,36.66545486450195,27.53925323486328,0.5558696389198303,9.637439727783203,0.996252179145813,1.0462322235107422
SB83614_component_1173a,29.372188,-0.533976,9.309000015258789,36.64960479736328,29.372129440307617,-0.5339901447296143,9.402538299560547,0.9427555799484253,0.990051805973053
SB83614_component_1178a,27.945872,-3.283142,10.251999855041504,27.265958786010742,27.94584083557129,-3.2831807136535645,10.423508644104004,0.9365604519844055,0.9835459589958191
SB83614_component_1179a,31.854115,1.403045,11.095000267028809,14.316129684448242,31.853940963745117,1.4031013250350952,12.230949401855469,0.8637902736663818,0.9071249961853027
SB83614_component_1183a,26.543714,-0.950762,10.112000465393066,38.892311096191406,26.543577194213867,-0.9507318735122681,8.981061935424805,1.0721375942230225,1.125924825668335
SB83614_component_1184a,27.198832,-0.759003,9.718000411987305,35.59707260131836,27.198816299438477,-0.7589249610900879,9.720647811889648,0.9519690871238708,0.9997276663780212
SB83614_component_1187a,25.022384,-2.479187,10.713000297546387,30.873199462890625,25.02262306213379,-2.479083299636841,10.00267219543457,1.0198498964309692,1.0710138082504272
SB83614_component_1188a,26.418805,-2.64989,9.520000457763672,29.473684310913086,26.41893768310547,-2.6498656272888184,9.676825523376465,0.9367964267730713,0.9837937355041504
SB83614_component_1195a,30.013199,-1.277397,9.96399974822998,32.35064697265625,30.013240814208984,-1.2773593664169312,9.044901847839355,1.048989176750183,1.101615071296692
SB83614_component_1198a,28.561211,0.711283,9.932999610900879,42.999996185302734,28.561325073242188,0.7112313508987427,9.177927017211914,1.0305687189102173,1.0822705030441284
SB83614_component_1199a,29.659203,0.694058,10.208000183105469,43.811161041259766,29.65916633605957,0.6940223574638367,9.59603500366211,1.0129547119140625,1.0637726783752441
SB83614_component_1200a,27.471065,-2.786532,10.029999732971191,37.706764221191406,27.471113204956055,-2.7865347862243652,9.894640922546387,0.9652550220489502,1.0136799812316895
SB83614_component_1201a,31.323205,-0.404915,9.843999862670898,24.366334915161133,31.32315444946289,-0.4049220085144043,9.120951652526855,1.0277148485183716,1.0792733430862427
SB83614_component_1205a,29.040958,-3.475749,9.251999855041504,16.404254913330078,29.04102897644043,-3.475888729095459,9.899848937988281,0.8899143934249878,0.93455970287323
SB83614_component_1208a,30.545725,2.641406,10.07699966430664,30.911041259765625,30.54572868347168,2.6412744522094727,10.346702575683594,0.9274072051048279,0.9739334583282471
SB83614_component_1210a,28.117076,-0.534661,10.348999977111816,38.76029968261719,28.11702537536621,-0.534755289554596,10.037405967712402,0.9817887544631958,1.031043291091919
SB83614_component_1211a,29.157791,-1.009455,10.258000373840332,42.040985107421875,29.157747268676758,-1.009514331817627,8.992600440979004,1.0862219333648682,1.1407157182693481
SB83614_component_1215a,28.921248,0.741125,10.059000015258789,46.35483932495117,28.9212589263916,0.7410588264465332,8.905778884887695,1.0755338668823242,1.1294913291931152
SB83614_component_1219a,27.511678,-3.812976,9.559000015258789,12.414285659790039,27.51173973083496,-3.8128724098205566,10.772170066833496,0.8449878096580505,0.8873792290687561
SB83614_component_1220a,26.343625,0.141308,9.848999977111816,28.967647552490234,26.343576431274414,0.14120396971702576,8.295488357543945,1.1305540800094604,1.1872718334197998
SB83614_component_1234a,25.191608,2.969061,10.993000030517578,18.888315200805664,25.19164276123047,2.9691035747528076,9.260018348693848,1.1304348707199097,1.1871466636657715
SB83614_component_1238a,30.777722,-1.809875,10.225000381469727,33.09061813354492,30.777711868286133,-1.8098890781402588,10.026949882507324,0.9710366725921631,1.019751787185669
SB83614_component_1240a,28.577544,3.175958,10.314000129699707,33.27096939086914,28.577449798583984,3.175929069519043,9.492437362670898,1.0346431732177734,1.086549162864685
SB83614_component_1243a,25.53887,-1.224254,10.038000106811523,34.14285659790039,25.538938522338867,-1.224264144897461,8.492926597595215,1.1254624128341675,1.1819247007369995
SB83614_component_1246a,24.615397,-0.936242,9.119999885559082,21.30841064453125,24.615270614624023,-0.9362160563468933,9.045201301574707,0.9601028561592102,1.0082694292068481
SB83614_component_1247a,28.952309,-1.509414,9.526000022888184,36.22053146362305,28.95233726501465,-1.509426474571228,8.649569511413574,1.048714518547058,1.1013264656066895
SB83614_component_1250a,31.549059,2.508732,10.406000137329102,14.533519744873047,31.548961639404297,2.508492946624756,12.212580680847168,0.811367392539978,0.8520721793174744
SB83614_component_1254a,24.329479,-0.136622,10.206000328063965,19.36622428894043,24.32952117919922,-0.13654085993766785,9.507967948913574,1.022136926651001,1.0734155178070068
SB83614_component_1256a,25.776779,3.257399,10.17199993133545,17.845613479614258,25.776748657226562,3.2573494911193848,8.843554496765137,1.0952686071395874,1.1502162218093872
SB83614_component_1260a,24.996548,1.126942,8.701000213623047,16.51043701171875,24.996746063232422,1.126922845840454,10.323197364807129,0.8025943636894226,0.8428590297698975
SB83614_component_1261a,27.107667,-2.695853,9.75,32.07236862182617,27.10769271850586,-2.6959550380706787,10.373503684997559,0.8949944376945496,0.9398946166038513
SB83614_component_1263a,26.969716,-1.196659,9.121999740600586,30.105609893798828,26.969741821289062,-1.196712613105774,8.341146469116211,1.0413709878921509,1.0936145782470703
SB83614_component_1268a,29.615432,-2.945034,8.73900032043457,26.56231117248535,29.615474700927734,-2.9451210498809814,8.57114028930664,0.9708771705627441,1.01958429813385
SB83614_component_1270a,25.579086,3.34083,8.960000038146973,11.93075942993164,25.579309463500977,3.340794086456299,9.032157897949219,0.944621205329895,0.9920110106468201
SB83614_component_1273a,25.756303,0.935965,9.458000183105469,19.70416831970215,25.756351470947266,0.936051070690155,8.294404983520508,1.0858135223388672,1.1402868032455444
SB83614_component_1274a,28.294915,1.436803,9.00100040435791,39.13478469848633,28.294904708862305,1.4368419647216797,8.511921882629395,1.0069416761398315,1.0574580430984497
SB83614_component_1275a,31.304084,-1.060098,9.126999855041504,23.955379486083984,31.303993225097656,-1.0602723360061646,9.732444763183594,0.8929913640022278,0.9377910494804382
SB83614_component_1276a,29.515773,-1.436402,9.126999855041504,28.611284255981445,29.515836715698242,-1.4363374710083008,8.818328857421875,0.9855596423149109,1.0350033044815063
SB83614_component_1277a,27.117518,-3.348005,9.342000007629395,23.710660934448242,27.117502212524414,-3.34804630279541,10.051850318908691,0.884983241558075,0.9293811321258545
SB83614_component_1286a,27.950833,-2.839706,8.979999542236328,26.02898406982422,27.950822830200195,-2.8398072719573975,10.533570289611816,0.8117866516113281,0.8525124192237854
SB83614_component_1289a,29.836554,0.586214,9.347999572753906,37.846153259277344,29.836576461791992,0.5861377716064453,9.336877822875977,0.953362762928009,1.0011911392211914
SB83614_component_1294a,28.619004,-2.934406,9.986000061035156,29.63204574584961,28.618968963623047,-2.934434175491333,7.537349224090576,1.2615779638290405,1.32486891746521
SB83614_component_1300a,30.206115,-1.481984,8.4399995803833,29.30555534362793,30.206066131591797,-1.4819897413253784,7.985703468322754,1.0063995122909546,1.0568886995315552
SB83614_component_1302a,25.329084,-0.229518,8.550999641418457,28.03606414794922,25.329139709472656,-0.2294989675283432,9.43384075164795,0.8631166815757751,0.9064176082611084
SB83614_component_1304a,27.476241,-2.423522,8.482000350952148,31.414813995361328,27.476110458374023,-2.4235873222351074,7.667498588562012,1.0533816814422607,1.1062278747558594
SB83614_component_1305a,27.610685,2.488499,8.46399974822998,28.98630142211914,27.610830307006836,2.48860764503479,5.582862854003906,1.4436430931091309,1.5160679817199707
SB83614_component_1306a,30.8194,2.19454,8.74899959564209,27.599367141723633,30.819469451904297,2.1944329738616943,9.085975646972656,0.9169126749038696,0.9629124999046326
SB83614_component_1307a,29.626995,-0.114032,9.41100025177002,40.21794891357422,29.626920700073242,-0.11413268744945526,7.343505382537842,1.2203195095062256,1.2815406322479248
SB83614_component_1309a,28.824938,2.124117,8.574999809265137,37.94247817993164,28.824947357177734,2.1240735054016113,8.382355690002441,0.9741126298904419,1.022982120513916
SB83614_component_1310a,27.385244,-3.387755,9.6850004196167,26.03494644165039,27.38511085510254,-3.3878023624420166,8.232216835021973,1.120273470878601,1.1764754056930542
SB83614_component_1312a,30.553707,1.397887,9.560999870300293,35.67537307739258,30.55360221862793,1.3979005813598633,8.41576099395752,1.0818102359771729,1.136082649230957
SB83614_component_1313a,28.918491,-2.123652,9.302000045776367,31.639455795288086,28.918455123901367,-2.1236159801483154,8.699198722839355,1.018212080001831,1.0692938566207886
SB83614_component_1317a,26.998478,3.85594,9.130000114440918,11.527777671813965,26.998281478881836,3.855762481689453,8.919900894165039,0.9746572971343994,1.0235539674758911
SB83614_component_1319a,28.943264,2.628982,9.00100040435791,35.02334976196289,28.943260192871094,2.628925323486328,8.866954803466797,0.9666237235069275,1.0151174068450928
SB83614_component_1324a,24.734798,-0.178017,8.694999694824219,26.348482131958008,24.734743118286133,-0.17807957530021667,9.808424949645996,0.8441341519355774,0.8864827752113342
SB83614_component_1326a,25.047977,1.87832,8.569999694824219,12.366521835327148,25.048070907592773,1.8783679008483887,9.659738540649414,0.8448053002357483,0.8871875405311584
SB83614_component_1327a,25.631837,0.695368,9.501999855041504,23.119220733642578,25.631690979003906,0.6953802108764648,8.160103797912598,1.1088186502456665,1.1644459962844849
SB83614_component_1332a,27.878226,-1.045059,8.1850004196167,34.978633880615234,27.878225326538086,-1.045091986656189,7.881671905517578,0.9888752698898315,1.0384852886199951
SB83614_component_1335a,27.152885,3.236699,8.321000099182129,25.524539947509766,27.152843475341797,3.2366127967834473,8.280511856079102,0.956884503364563,1.0048896074295044
SB83614_component_1338a,29.294696,-1.864569,9.25,30.42763328552246,29.29477310180664,-1.864554524421692,8.427816390991211,1.0451240539550781,1.0975559949874878
SB83614_component_1342a,30.662251,3.62923,8.229999542236328,10.417720794677734,30.662351608276367,3.6291768550872803,8.918755531311035,0.878692090511322,0.9227744340896606
SB83614_component_1344a,25.625572,-3.283007,8.743000030517578,20.09885025024414,25.625621795654297,-3.283043622970581,7.890294075012207,1.05513596534729,1.1080702543258667
SB83614_component_1345a,29.527966,0.968185,9.029999732971191,37.78242492675781,29.52808952331543,0.968197226524353,8.195697784423828,1.0491631031036377,1.1017975807189941
SB83614_component_1349a,26.500669,-2.820344,8.864999771118164,28.322683334350586,26.50066375732422,-2.8203377723693848,8.734978675842285,0.966402530670166,1.0148850679397583
SB83614_component_1351a,29.47573,1.529852,8.60200023651123,34.68548583984375,29.475732803344727,1.5299201011657715,7.817297458648682,1.0478135347366333,1.100380301475525
SB83614_component_1361a,30.694031,-3.133482,8.470999717712402,13.174182891845703,30.693994522094727,-3.13315486907959,6.720121383666992,1.2003246545791626,1.260542631149292
SB83614_component_1362a,29.450549,-1.502654,8.333999633789062,28.443683624267578,29.450538635253906,-1.5026758909225464,10.078577041625977,0.7874000668525696,0.8269023895263672
SB83614_component_1365a,29.166713,3.09705,8.684000015258789,25.1710147857666,29.166641235351562,3.0970656871795654,8.369378089904785,0.9880246520042419,1.0375920534133911
SB83614_component_1367a,25.637666,3.040119,7.741000175476074,15.031068801879883,25.63766098022461,3.040160655975342,7.695385456085205,0.9578728675842285,1.005927562713623
SB83614_component_1371a,28.735183,1.448215,8.585000038146973,37.653507232666016,28.735078811645508,1.4482568502426147,8.111077308654785,1.0078662633895874,1.0584291219711304
SB83614_component_1373a,26.722041,0.446686,8.803999900817871,26.04733657836914,26.722026824951172,0.44680991768836975,8.488635063171387,0.9876051545143127,1.0371514558792114
SB83614_component_1376a,24.642848,1.00686,7.741000175476074,14.605661392211914,24.642824172973633,1.0068550109863281,6.9631428718566895,1.0586025714874268,1.1117106676101685
SB83614_component_1379a,27.949166,2.665149,8.652000427246094,36.66101837158203,27.9490966796875,2.6650731563568115,8.959887504577637,0.9195072054862976,0.9656371474266052
SB83614_component_1381a,25.954786,3.582076,8.58899974822998,10.474390029907227,25.954635620117188,3.5819625854492188,8.223520278930664,0.9945485591888428,1.044443130493164
SB83614_component_1385a,29.38657,-2.994124,9.02400016784668,26.85714340209961,29.386489868164062,-2.9942257404327393,7.48995304107666,1.1472581624984741,1.2048139572143555
SB83614_component_1387a,27.670099,-0.634054,8.694000244140625,33.18320846557617,27.670181274414062,-0.6340654492378235,8.384385108947754,0.987392008304596,1.036927580833435
SB83614_component_1393a,30.433404,0.827327,8.222999572753906,33.29149627685547,30.433300018310547,0.8272176384925842,8.190145492553711,0.956048309803009,1.0040113925933838
SB83614_component_1396a,30.220695,-3.06468,8.043999671936035,19.2901668548584,30.22062873840332,-3.0648064613342285,6.811168193817139,1.1245832443237305,1.1810014247894287
SB83614_component_1398a,29.209999,-0.511415,8.361000061035156,35.730770111083984,29.20999526977539,-0.5113480687141418,9.112820625305176,0.8736682534217834,0.9174985885620117
SB83614_component_1405a,31.011003,0.244954,8.479999542236328,29.54703712463379,31.01093292236328,0.2449554204940796,7.601592540740967,1.0622638463974,1.1155556440353394
SB83614_component_1406a,28.228041,1.036606,8.02299976348877,30.27547264099121,28.22800636291504,1.0365309715270996,10.243912696838379,0.7457823157310486,0.7831968069076538
SB83614_component_1409a,29.368318,-2.917626,9.199999809265137,22.38442611694336,29.368396759033203,-2.917635917663574,7.862133979797363,1.1142652034759521,1.170165777206421
SB83614_component_1410a,30.113738,-0.603057,7.960000038146973,34.75982666015625,30.11369514465332,-0.6030893921852112,7.366693496704102,1.02892005443573,1.0805391073226929
SB83614_component_1414a,28.112127,3.708277,8.133000373840332,14.654054641723633,28.112369537353516,3.7081351280212402,7.390501499176025,1.0478956699371338,1.1004666090011597
SB83614_component_1420a,30.799006,-3.346897,8.817000389099121,12.31424617767334,30.799091339111328,-3.347148895263672,6.86643123626709,1.222731113433838,1.2840732336044312
SB83614_component_1429a,31.377671,0.383733,8.930000305175781,24.200544357299805,31.377822875976562,0.3835674226284027,7.861997127532959,1.0815826654434204,1.1358437538146973
SB83614_component_1435a,28.829061,2.069526,7.77400016784668,37.55555725097656,28.82902717590332,2.0695242881774902,7.75307559967041,0.9547984600067139,1.0026988983154297
SB83614_component_1436a,31.073582,1.729938,7.590000152587891,20.96685218811035,31.073570251464844,1.7299699783325195,8.030356407165527,0.9000115990638733,0.9451635479927063
SB83614_component_1442a,30.142886,3.383507,7.604000091552734,14.793774604797363,30.142742156982422,3.3830971717834473,8.181013107299805,0.8850671052932739,0.9294692277908325
SB83614_component_1446a,25.337565,0.880196,7.658999919891357,17.172645568847656,25.337583541870117,0.8802081942558289,8.287328720092773,0.8800323605537415,0.9241819977760315
SB83614_component_1449a,26.324325,2.877698,8.338000297546387,18.653244018554688,26.324289321899414,2.87770676612854,7.095731735229492,1.118937611579895,1.1750726699829102
SB83614_component_1450a,29.367481,2.268296,7.539000034332275,30.64634132385254,29.3675479888916,2.2683725357055664,7.034949779510498,1.0204551219940186,1.071649432182312
SB83614_component_1454a,28.312621,2.003585,7.632999897003174,34.69545364379883,28.312604904174805,2.003695249557495,7.121644020080566,1.0206013917922974,1.071803092956543
SB83614_component_1455a,30.718804,0.921221,7.625,29.901962280273438,30.71887969970703,0.9211826920509338,7.727283954620361,0.9396240711212158,0.9867632985115051
SB83614_component_1456a,26.2418,-2.74467,7.354000091552734,23.646303176879883,26.241788864135742,-2.7446749210357666,7.995285987854004,0.875852108001709,0.9197919964790344
SB83614_component_1458a,26.139772,-2.676595,8.404000282287598,26.34482765197754,26.13993263244629,-2.6765530109405518,7.1755547523498535,1.1152487993240356,1.1711987257003784
SB83614_component_1459a,27.028813,2.864222,8.57699966430664,25.3757381439209,27.02889633178711,2.8642661571502686,7.132328987121582,1.1451046466827393,1.2025524377822876
SB83614_component_1460a,25.827136,-1.036647,7.631999969482422,26.685314178466797,25.827119827270508,-1.0366262197494507,6.9247918128967285,1.0494767427444458,1.102126955986023
SB83614_component_1463a,30.830239,1.73174,6.940999984741211,21.55590057373047,30.830162048339844,1.731576681137085,10.53607177734375,0.6273133158683777,0.6587844491004944
SB83614_component_1464a,25.09539,1.428427,7.211999893188477,15.312102317810059,25.09537124633789,1.4284874200820923,7.739896297454834,0.8872821927070618,0.9317954182624817
SB83614_component_1470a,29.131693,-2.97904,7.73799991607666,22.299711227416992,29.13174819946289,-2.9789814949035645,7.260136604309082,1.0149043798446655,1.0658200979232788
SB83614_component_1471a,25.417383,-3.285384,8.109000205993652,17.940265655517578,25.417116165161133,-3.2853057384490967,9.063413619995117,0.851954996585846,0.894696056842804
SB83614_component_1479a,27.861258,-0.228945,7.291999816894531,26.042856216430664,27.861263275146484,-0.2290564626455307,7.581246852874756,0.9158981442451477,0.9618470072746277
SB83614_component_1480a,29.250527,0.413236,7.684999942779541,31.367345809936523,29.250503540039062,0.4132406413555145,7.5644965171813965,0.9673976302146912,1.01593017578125
SB83614_component_1481a,27.794887,0.627105,6.9710001945495605,24.807830810546875,27.794878005981445,0.6271411180496216,5.978272914886475,1.1103516817092896,1.1660559177398682
SB83614_component_1482a,25.688564,-2.659797,7.360000133514404,24.210527420043945,25.688629150390625,-2.659492254257202,5.460328578948975,1.283512830734253,1.3479042053222656
SB83614_component_1484a,27.082497,0.612562,7.3480000495910645,26.62318992614746,27.08245277404785,0.612525463104248,6.390255451202393,1.0949444770812988,1.1498757600784302
SB83614_component_1488a,26.121846,-2.397891,7.99399995803833,27.283275604248047,26.121889114379883,-2.398015260696411,6.9616780281066895,1.093430995941162,1.1482863426208496
SB83614_component_1489a,25.071225,0.218082,7.544000148773193,21.55428695678711,25.07118034362793,0.2179269641637802,7.1138691902160645,1.0098037719726562,1.0604636669158936
SB83614_component_1500a,29.47993,0.018019,7.210999965667725,29.921161651611328,29.48001480102539,0.017846770584583282,6.32492208480835,1.0856291055679321,1.1400930881500244
SB83614_component_1503a,28.239442,3.631775,8.227999687194824,17.88695526123047,28.23941421508789,3.631751775741577,8.076384544372559,0.9701043367385864,1.0187726020812988
SB83614_component_1508a,24.654672,-2.837958,7.739999771118164,13.14091682434082,24.654739379882812,-2.83793306350708,10.388782501220703,0.7094429135322571,0.7450343370437622
SB83614_component_1510a,28.895262,-0.688373,7.290999889373779,32.26106262207031,28.89516830444336,-0.6884670853614807,7.623416423797607,0.9107068777084351,0.9563953280448914
SB83614_component_1513a,29.419999,2.707702,8.116000175476074,26.26537322998047,29.420198440551758,2.707887887954712,7.41193962097168,1.0426807403564453,1.0949900150299072
SB83614_component_1514a,26.285609,1.205872,7.316999912261963,17.977886199951172,26.28546142578125,1.2058711051940918,7.675373077392578,0.907767653465271,0.9533087015151978
SB83614_component_1516a,31.473471,-0.748416,8.15999984741211,16.929460525512695,31.473543167114258,-0.7482870221138,7.151330947875977,1.0865367650985718,1.1410462856292725
SB83614_component_1520a,30.819247,-1.400262,6.86899995803833,24.62006950378418,30.819156646728516,-1.4002043008804321,7.103139400482178,0.920840322971344,0.9670372009277344
SB83614_component_1521a,27.93318,-1.229095,7.068999767303467,28.504032135009766,27.93305015563965,-1.2291299104690552,6.650732517242432,1.0121145248413086,1.0628904104232788
SB83614_component_1525a,30.921115,2.36414,7.375999927520752,20.545961380004883,30.921268463134766,2.3641717433929443,6.972742080688477,1.0072991847991943,1.0578334331512451
SB83614_component_1528a,28.936071,-0.109891,7.043000221252441,30.890352249145508,28.93601417541504,-0.10996148735284805,7.877232551574707,0.85138338804245,0.894095778465271
SB83614_component_1530a,29.209597,-3.291681,7.685999870300293,19.5572509765625,29.209766387939453,-3.2916691303253174,7.255776882171631,1.0086897611618042,1.0592938661575317
SB83614_component_1537a,28.052945,-3.297888,7.322999954223633,18.825193405151367,28.05280876159668,-3.297956705093384,8.157553672790527,0.8548113107681274,0.8976956009864807
SB83614_component_1539a,26.957359,-0.264919,7.409999847412109,23.826366424560547,26.957487106323242,-0.26472705602645874,6.2873454093933105,1.1222562789916992,1.1785577535629272
SB83614_component_1545a,28.396515,3.708569,7.165999889373779,11.903654098510742,28.39643096923828,3.7081384658813477,8.291360855102539,0.8229854106903076,0.8642730712890625
SB83614_component_1552a,28.42781,-3.046003,7.186999797821045,19.31989097595215,28.427778244018555,-3.046053886413574,6.207676887512207,1.102452039718628,1.1577600240707397
SB83614_component_1553a,28.574749,3.121345,7.546000003814697,22.525373458862305,28.57476234436035,3.12142014503479,7.884930610656738,0.9112973809242249,0.9570153951644897
SB83614_component_1554a,24.770414,0.296599,6.934000015258789,17.68877601623535,24.77056312561035,0.2966998219490051,7.264894008636475,0.9088573455810547,0.9544529914855957
SB83614_component_1567a,31.270878,2.741475,7.672999858856201,14.288640022277832,31.27060890197754,2.7412807941436768,7.174753665924072,1.018355369567871,1.0694444179534912
SB83614_component_1570a,30.275675,0.681705,6.577000141143799,22.836807250976562,30.275577545166016,0.681657612323761,7.789144992828369,0.8040429353713989,0.844380259513855
SB83614_component_1576a,30.96625,0.731432,7.206999778747559,23.785476684570312,30.966129302978516,0.7314320802688599,5.749673366546631,1.1935826539993286,1.2534624338150024
SB83614_component_1577a,29.083711,1.569665,6.5269999504089355,28.75330352783203,29.083711624145508,1.5697274208068848,6.623712062835693,0.9383251070976257,0.9853991270065308
SB83614_component_1580a,26.264453,-3.342844,6.730000019073486,15.089685440063477,26.264467239379883,-3.343010663986206,7.046639919281006,0.9094402194023132,0.955065131187439
SB83614_component_1581a,25.834793,1.130968,6.823999881744385,17.957895278930664,25.834653854370117,1.1307435035705566,6.5168280601501465,0.9971119165420532,1.0471351146697998
SB83614_component_1587a,28.847704,1.340482,7.191999912261963,33.296295166015625,28.84779167175293,1.340563178062439,7.944230079650879,0.8620630502700806,0.905311107635498
SB83614_component_1590a,28.159217,-2.298986,6.861000061035156,27.777328491210938,28.159038543701172,-2.2990379333496094,6.635715961456299,0.9845568537712097,1.0339502096176147
SB83614_component_1592a,29.223317,-1.157053,6.079999923706055,23.6575870513916,29.223377227783203,-1.1570311784744263,6.7124457359313965,0.8625096082687378,0.9057801365852356
SB83614_component_1599a,29.399086,-2.741352,7.455999851226807,21.242164611816406,29.399335861206055,-2.7414276599884033,6.086210250854492,1.166541337966919,1.2250643968582153
SB83614_component_1602a,25.162562,-1.978774,7.136000156402588,23.946308135986328,25.162525177001953,-1.9787575006484985,6.913238525390625,0.9829116463661194,1.0322225093841553
SB83614_component_1604a,29.434035,-0.434433,6.270999908447266,25.806583404541016,29.43402671813965,-0.4343174695968628,5.922039031982422,1.008339285850525,1.058925747871399
SB83614_component_1608a,25.805582,-0.306807,7.269000053405762,25.96071434020996,25.805644989013672,-0.3067206144332886,6.607242107391357,1.047600269317627,1.1001564264297485
SB83614_component_1611a,25.917569,-3.437977,6.113999843597412,10.840425491333008,25.91792869567871,-3.4378185272216797,7.0850629806518555,0.821718156337738,0.8629422187805176
SB83614_component_1614a,31.098311,1.268741,5.96999979019165,16.446279525756836,31.09858512878418,1.2687301635742188,7.334437847137451,0.7750838398933411,0.813968300819397
SB83614_component_1617a,27.167072,2.652042,6.500999927520752,23.55434799194336,27.167020797729492,2.6520135402679443,6.574637413024902,0.9415633082389832,0.9887997508049011
SB83614_component_1618a,26.434703,0.507087,6.367000102996826,18.78171157836914,26.4346923828125,0.5071658492088318,5.955155372619629,1.0180823802947998,1.0691577196121216
SB83614_component_1620a,26.953918,2.247172,7.252999782562256,25.010345458984375,26.953929901123047,2.2469472885131836,6.6090240478515625,1.0450124740600586,1.0974388122558594
SB83614_component_1621a,30.855189,-2.814555,7.0980000495910645,16.242563247680664,30.85524559020996,-2.8143584728240967,5.701427936553955,1.1854780912399292,1.2449512481689453
SB83614_component_1625a,31.394421,-1.398157,7.363999843597412,14.816901206970215,31.39451026916504,-1.3980224132537842,7.509397506713867,0.9337913393974304,0.9806379079818726
SB83614_component_1626a,28.952162,-0.702374,6.8520002365112305,29.407726287841797,28.95233154296875,-0.7024135589599609,6.702871799468994,0.9734141230583191,1.022248387336731
SB83614_component_1627a,31.487241,0.630381,5.855999946594238,12.51282024383545,31.487201690673828,0.6301826238632202,6.541213035583496,0.8524795174598694,0.8952468037605286
SB83614_component_1628a,28.359664,-0.789969,6.442999839782715,29.28636360168457,28.35958480834961,-0.7898555397987366,6.433582305908203,0.9536224007606506,1.001463770866394
SB83614_component_1633a,30.557527,-3.006763,7.388999938964844,15.788461685180664,30.557680130004883,-3.0068068504333496,5.548967361450195,1.267986536026001,1.3315991163253784
SB83614_component_1636a,29.002508,2.914728,6.572999954223633,24.803773880004883,29.002666473388672,2.914811372756958,5.872223377227783,1.0658650398254395,1.119337558746338
SB83614_component_1638a,28.475149,-0.411508,6.999000072479248,30.969026565551758,28.47525978088379,-0.41149377822875977,7.149231910705566,0.932218611240387,0.9789863228797913
SB83614_component_1641a,26.826006,-1.380106,6.364999771118164,20.665584564208984,26.82599449157715,-1.3800665140151978,6.695795059204102,0.9051851034164429,0.9505965709686279
SB83614_component_1642a,26.437208,1.655824,6.1020002365112305,15.686375617980957,26.437103271484375,1.6557402610778809,6.360820293426514,0.9134825468063354,0.9593102931976318
SB83614_component_1644a,25.706437,1.676526,6.614999771118164,14.765624046325684,25.706300735473633,1.676511287689209,8.063505172729492,0.7811728715896606,0.8203628063201904
SB83614_component_1646a,26.035914,-0.786733,7.081999778747559,23.765098571777344,26.036083221435547,-0.7866523265838623,5.284817695617676,1.2760480642318726,1.3400651216506958
SB83614_component_1648a,30.272532,-0.718869,6.4720001220703125,25.88800048828125,30.272598266601562,-0.7188003063201904,5.680296897888184,1.0849473476409912,1.1393771171569824
SB83614_component_1654a,25.546715,-1.312003,6.379000186920166,20.644014358520508,25.54671859741211,-1.3119158744812012,5.822819709777832,1.0431828498840332,1.0955173969268799
SB83614_component_1655a,31.123622,2.084727,6.561999797821045,17.35978889465332,31.123497009277344,2.084625244140625,6.76495885848999,0.923660159111023,0.9699984788894653
SB83614_component_1660a,30.764723,1.931608,6.945000171661377,22.845396041870117,30.7650203704834,1.9315341711044312,5.878117084503174,1.1250587701797485,1.181500792503357
SB83614_component_1661a,26.412335,-3.23734,6.304999828338623,14.46100902557373,26.412517547607422,-3.237138032913208,7.4818620681762695,0.8024473786354065,0.8427046537399292
SB83614_component_1666a,29.453964,1.327431,6.283999919891357,25.13599967956543,29.453998565673828,1.32759690284729,6.390787601470947,0.9363170862197876,0.9832903742790222
SB83614_component_1668a,25.523745,0.114673,6.431000232696533,15.918316841125488,25.523927688598633,0.11459556967020035,5.669928550720215,1.0800457000732422,1.1342295408248901
SB83614_component_1670a,26.503786,2.42276,6.1570000648498535,16.375,26.503795623779297,2.4228413105010986,5.738331317901611,1.0217031240463257,1.0729600191116333
SB83614_component_1671a,27.09299,-0.804367,7.0329999923706055,24.505226135253906,27.093034744262695,-0.804350733757019,5.7932658195495605,1.156001329421997,1.2139956951141357
SB83614_component_1673a,24.792036,-0.590318,6.323999881744385,18.172414779663086,24.792110443115234,-0.5901384353637695,5.900294780731201,1.0206087827682495,1.0718108415603638
SB83614_component_1674a,27.676585,3.470165,6.2820000648498535,17.796035766601562,27.67624855041504,3.4701590538024902,6.042758941650391,0.9899284839630127,1.0395914316177368
SB83614_component_1679a,31.057476,-2.559974,6.553999900817871,15.64200496673584,31.05743980407715,-2.5599095821380615,6.44741153717041,0.9679707288742065,1.0165319442749023
SB83614_component_1681a,30.543943,-3.187511,6.064000129699707,11.0254545211792,30.543743133544922,-3.1875245571136475,5.576106548309326,1.035545825958252,1.0874972343444824
SB83614_component_1684a,25.992476,0.186674,6.2820000648498535,18.36842155456543,25.992557525634766,0.18686111271381378,6.369077682495117,0.9392096400260925,0.9863280653953552
SB83614_component_1686a,28.334572,-0.269915,6.414000034332275,24.957199096679688,28.334632873535156,-0.269845575094223,6.203906059265137,0.9844754934310913,1.0338647365570068
SB83614_component_1688a,30.354166,-3.263543,6.986999988555908,14.00200366973877,30.354114532470703,-3.2632782459259033,5.814627170562744,1.144221305847168,1.2016247510910034
SB83614_component_1689a,29.973238,0.281274,6.626999855041504,27.384296417236328,29.97321891784668,0.281333863735199,6.447909355163574,0.9786765575408936,1.0277749300003052
SB83614_component_1690a,26.46519,0.475669,6.953999996185303,19.478992462158203,26.46512222290039,0.4757315516471863,5.418792724609375,1.2220059633255005,1.2833117246627808
SB83614_component_1693a,30.860714,-3.096928,6.890999794006348,12.928705215454102,30.86075210571289,-3.096961259841919,6.138983726501465,1.0688749551773071,1.1224985122680664
SB83614_component_1695a,27.074521,0.795397,6.139999866485596,16.961326599121094,27.074392318725586,0.7954301834106445,5.84783411026001,0.9998030662536621,1.0499613285064697
SB83614_component_1699a,29.531254,0.273325,6.302000045776367,27.519651412963867,29.531192779541016,0.2733466625213623,5.842970848083496,1.027036428451538,1.0785609483718872
SB83614_component_1701a,27.923735,-1.465822,7.059000015258789,32.52995681762695,27.9237003326416,-1.4657182693481445,6.784310340881348,0.9907832741737366,1.0404889583587646
SB83614_component_1703a,28.399664,-2.97024,6.166999816894531,17.4209041595459,28.399717330932617,-2.9701924324035645,5.824520587921143,1.0082191228866577,1.0587995052337646
SB83614_component_1707a,29.270557,2.961158,6.361000061035156,21.859106063842773,29.270723342895508,2.961290121078491,6.045285701751709,1.0019584894180298,1.05222487449646
SB83614_component_1710a,29.648963,-0.606401,6.375,22.84946060180664,29.648983001708984,-0.6063852310180664,5.604095935821533,1.0832178592681885,1.1375608444213867
SB83614_component_1712a,31.521584,-0.902011,5.98799991607666,10.84782600402832,31.521562576293945,-0.9019913077354431,6.183531761169434,0.9221177101135254,0.9683786034584045
SB83614_component_1713a,28.300561,2.407611,6.381999969482422,26.26337432861328,28.30063819885254,2.407661199569702,5.649893283843994,1.0756171941757202,1.1295788288116455
SB83614_component_1716a,31.677822,-0.327367,6.307000160217285,11.162832260131836,31.67798614501953,-0.32734984159469604,6.878912925720215,0.8730601668357849,0.9168599843978882
SB83614_component_1717a,25.386882,-1.641942,5.9079999923706055,19.498350143432617,25.38693618774414,-1.6417291164398193,6.011889457702637,0.9357733130455017,0.982719361782074
SB83614_component_1718a,28.830575,1.056127,6.138999938964844,27.529146194458008,28.830520629882812,1.0560659170150757,5.727954864501953,1.0205615758895874,1.0717612504959106
SB83614_component_1719a,29.075525,2.769182,6.184000015258789,25.344261169433594,29.07560920715332,2.7691965103149414,6.376987934112549,0.9234110116958618,0.9697368144989014
SB83614_component_1722a,26.585386,-2.713946,6.626999855041504,20.839622497558594,26.585205078125,-2.714160680770874,6.169492244720459,1.0228424072265625,1.074156403541565
SB83614_component_1723a,30.270686,-0.61855,6.13100004196167,23.223485946655273,30.270803451538086,-0.6185668110847473,5.710751533508301,1.0223020315170288,1.0735889673233032
SB83614_component_1724a,27.109926,2.146612,5.690000057220459,20.541515350341797,27.11003875732422,2.1466856002807617,5.756241798400879,0.9412704110145569,0.9884921908378601
SB83614_component_1727a,27.200652,0.197239,5.74399995803833,18.52903175354004,27.200546264648438,0.19721892476081848,5.682888507843018,0.9624683260917664,1.0107536315917969
SB83614_component_1728a,28.244868,0.937248,6.46999979019165,24.41509437561035,28.244976043701172,0.9373462796211243,5.298191070556641,1.1628341674804688,1.221171498298645
SB83614_component_1730a,24.877402,-2.610978,6.554999828338623,15.279720306396484,24.87733268737793,-2.6109533309936523,6.091032981872559,1.02476167678833,1.076172113418579
SB83614_component_1736a,26.945587,-2.791148,6.797999858856201,20.353294372558594,26.945619583129883,-2.7910985946655273,6.395473957061768,1.0121610164642334,1.062939167022705
SB83614_component_1738a,30.262295,-0.261231,5.888999938964844,24.435684204101562,30.262266159057617,-0.2612225115299225,5.847702980041504,0.9589532017707825,1.0070620775222778
SB83614_component_1739a,28.498598,3.49068,6.425000190734863,14.602272987365723,28.49867057800293,3.490880012512207,5.674623012542725,1.0781452655792236,1.1322338581085205
SB83614_component_1741a,26.368911,-2.600579,5.875999927520752,19.78451156616211,26.36893653869629,-2.6005635261535645,7.139878273010254,0.783668041229248,0.8229832053184509
SB83614_component_1751a,24.192168,-0.867222,6.515999794006348,10.595121383666992,24.192659378051758,-0.8674100041389465,6.815053939819336,0.9104433655738831,0.9561185836791992
SB83614_component_1756a,29.468492,-0.087581,6.146999835968018,24.68674659729004,29.468425750732422,-0.08765635639429092,5.632559299468994,1.039198637008667,1.0913333892822266
SB83614_component_1760a,25.461894,-0.758212,5.6020002365112305,19.935945510864258,25.46183967590332,-0.758156418800354,5.25921106338501,1.0142935514450073,1.0651788711547852
SB83614_component_1761a,26.488999,1.024113,5.829999923706055,17.883434295654297,26.488985061645508,1.02420175075531,5.697330474853516,0.9744023084640503,1.02328622341156
SB83614_component_1762a,25.514789,-3.087421,5.767000198364258,14.600000381469727,25.51485824584961,-3.087385654449463,5.0291290283203125,1.091938853263855,1.1467194557189941
SB83614_component_1763a,29.134841,3.258525,6.3460001945495605,18.447673797607422,29.134906768798828,3.258575677871704,7.1518425941467285,0.8449349999427795,0.887323796749115
SB83614_component_1764a,29.746605,0.508535,5.876999855041504,23.697580337524414,29.74664306640625,0.5086254477500916,6.2028937339782715,0.9021993279457092,0.9474610090255737
SB83614_component_1765a,29.311116,-0.125249,6.570000171661377,29.594594955444336,29.311155319213867,-0.12510983645915985,5.648599147796631,1.1075562238693237,1.1631202697753906
SB83614_component_1767a,27.177981,0.900134,6.392000198364258,20.686086654663086,27.177885055541992,0.9002318382263184,5.01016902923584,1.2148581743240356,1.2758053541183472
SB83614_component_1769a,25.149762,-0.37345,6.0329999923706055,20.590442657470703,25.149890899658203,-0.37347161769866943,5.695671081542969,1.0086246728897095,1.0592254400253296
SB83614_component_1771a,30.056787,-1.157495,5.52400016784668,20.014493942260742,30.05674171447754,-1.15746009349823,5.80590295791626,0.9059935212135315,0.951445460319519
SB83614_component_1774a,31.107529,2.9553,6.300000190734863,12.989690780639648,31.107587814331055,2.955340623855591,6.400208473205566,0.9373193979263306,0.9843429923057556
SB83614_component_1797a,29.165189,-1.664862,5.564000129699707,20.455881118774414,29.16527557373047,-1.6647813320159912,5.029109001159668,1.05350661277771,1.1063590049743652
SB83614_component_1800a,27.927392,0.574766,5.710000038146973,23.401639938354492,27.927417755126953,0.5747653245925903,5.139996528625488,1.0578265190124512,1.1108957529067993
SB83614_component_1802a,30.01914,0.476503,5.4670000076293945,23.873361587524414,30.01919937133789,0.4765562415122986,5.720076560974121,0.9100985527038574,0.955756425857544
SB83614_component_1803a,29.709185,-1.885331,5.921999931335449,22.43181800842285,29.709239959716797,-1.8853205442428589,5.581320285797119,1.0103517770767212,1.0610392093658447
SB83614_component_1806a,28.307736,-1.081649,6.046999931335449,24.187999725341797,28.30764389038086,-1.0817053318023682,4.9062418937683105,1.1736326217651367,1.2325115203857422
SB83614_component_1808a,26.503766,3.225454,5.922999858856201,12.575371742248535,26.503440856933594,3.2252676486968994,4.956660747528076,1.1378728151321411,1.1949577331542969
SB83614_component_1814a,30.736827,-0.253203,6.307000160217285,22.36524772644043,30.736711502075195,-0.2531628906726837,5.543185710906982,1.0834392309188843,1.1377934217453003
SB83614_component_1815a,25.027709,-0.795055,5.941999912261963,18.923566818237305,25.027711868286133,-0.7949990034103394,5.848371982574463,0.9674729704856873,1.0160092115402222
SB83614_component_1820a,31.197353,-2.34228,5.3429999351501465,10.374757766723633,31.197416305541992,-2.342287302017212,5.132662296295166,0.9912510514259338,1.0409802198410034
SB83614_component_1823a,29.606808,1.244844,5.90500020980835,24.102041244506836,29.60684585571289,1.244921088218689,5.17667293548584,1.0862014293670654,1.1406941413879395
SB83614_component_1825a,29.353702,-1.953335,5.708000183105469,20.0280704498291,29.353836059570312,-1.9535746574401855,4.921116352081299,1.1044892072677612,1.1598994731903076
SB83614_component_1830a,30.590699,-1.445576,5.625,20.756458282470703,30.59059715270996,-1.4454721212387085,5.688086032867432,0.941667377948761,0.9889090657234192
SB83614_component_1833a,28.411758,0.609519,5.2820000648498535,20.393821716308594,28.411785125732422,0.6095177531242371,6.308574199676514,0.7972754240036011,0.8372731804847717
SB83614_component_1836a,28.39502,3.568853,5.492000102996826,11.139959335327148,28.39485740661621,3.5689146518707275,6.049941062927246,0.8644115924835205,0.9077774286270142
SB83614_component_1837a,25.103072,0.581663,5.974999904632568,17.729969024658203,25.10308837890625,0.5816906690597534,6.026871681213379,0.9440329074859619,0.9913932681083679
SB83614_component_1838a,28.214232,-1.458797,5.985000133514404,25.686697006225586,28.2143611907959,-1.458816409111023,5.226603984832764,1.0903997421264648,1.145103096961975
SB83614_component_1839a,25.542381,-0.629511,5.940000057220459,23.203125,25.542482376098633,-0.6292259097099304,5.744244575500488,0.9846790432929993,1.034078598022461
SB83614_component_1841a,27.070253,-1.5481,5.5279998779296875,19.672597885131836,27.070241928100586,-1.5481752157211304,5.43125581741333,0.9691900610923767,1.0178124904632568
SB83614_component_1842a,29.457261,-1.821943,5.414000034332275,17.408361434936523,29.457231521606445,-1.8220725059509277,5.54316520690918,0.9300400018692017,0.9766982793807983
SB83614_component_1856a,26.372983,2.509806,5.505000114440918,13.5925931930542,26.373144149780273,2.509861469268799,4.712421417236328,1.1123830080032349,1.168189287185669
SB83614_component_1857a,30.097048,0.061619,5.855999946594238,20.193103790283203,30.097139358520508,0.06168152019381523,5.433251857757568,1.026319146156311,1.0778075456619263
SB83614_component_1864a,25.901397,1.364797,5.926000118255615,10.342059135437012,25.901254653930664,1.3647035360336304,4.112825870513916,1.3720265626907349,1.4408584833145142
SB83614_component_1866a,27.488837,2.417803,5.235000133514404,18.696428298950195,27.488719940185547,2.417699098587036,6.0030999183654785,0.8303903341293335,0.8720494508743286
SB83614_component_1872a,30.510396,-0.501664,5.431000232696533,21.46640396118164,30.510269165039062,-0.5016252398490906,4.3329644203186035,1.1935369968414307,1.253414511680603
SB83614_component_1874a,26.816181,-0.138328,5.067999839782715,15.987380981445312,26.816181182861328,-0.1383354663848877,6.494184970855713,0.7431100010871887,0.7803904414176941
SB83614_component_1876a,29.75359,1.486552,5.36899995803833,21.137794494628906,29.75360870361328,1.486519455909729,5.87590217590332,0.8700816631317139,0.9137319922447205
SB83614_component_1879a,25.850779,-1.304348,5.932000160217285,11.959677696228027,25.85085678100586,-1.304244041442871,4.0531134605407715,1.3936494588851929,1.4635663032531738
SB83614_component_1882a,26.258578,-2.645068,5.659999847412109,19.584774017333984,26.258649826049805,-2.6449949741363525,5.4981865882873535,0.9802528619766235,1.0294302701950073
SB83614_component_1884a,25.731559,-2.815343,5.0960001945495605,13.698925018310547,25.73165512084961,-2.815272092819214,9.06760311126709,0.5351531505584717,0.5620008111000061
SB83614_component_1885a,27.315378,-1.740646,5.150000095367432,20.355731964111328,27.315502166748047,-1.7407159805297852,5.878421783447266,0.8342335820198059,0.8760855197906494
SB83614_component_1888a,24.645557,-0.217822,6.056000232696533,15.608247756958008,24.645654678344727,-0.21757152676582336,5.496726989746094,1.049114465713501,1.1017465591430664
SB83614_component_1892a,30.445161,0.78511,5.7270002365112305,23.375511169433594,30.44526481628418,0.7851700186729431,4.734933376312256,1.1517401933670044,1.2095208168029785
SB83614_component_1893a,24.798167,0.469302,5.619999885559082,13.607748031616211,24.798269271850586,0.46957141160964966,5.116269588470459,1.0459816455841064,1.0984565019607544
SB83614_component_1899a,27.039887,1.843777,5.735000133514404,20.1228084564209,27.03998565673828,1.8436743021011353,5.708308696746826,0.9566810131072998,1.0046758651733398
SB83614_component_1900a,28.567915,-0.051485,4.940999984741211,19.3764705657959,28.56789207458496,-0.051582686603069305,4.806530952453613,0.978868305683136,1.0279762744903564
SB83614_component_1906a,30.037399,0.327013,5.313000202178955,21.16733169555664,30.037256240844727,0.32711663842201233,2.896528482437134,1.7466391324996948,1.8342647552490234
SB83614_component_1908a,28.875621,-3.517969,5.572999954223633,10.151183128356934,28.87560272216797,-3.517836570739746,5.1383280754089355,1.0327813625335693,1.0845940113067627
SB83614_component_1910a,26.544362,-1.762741,5.47599983215332,11.801724433898926,26.544506072998047,-1.7627205848693848,5.161290168762207,1.0102906227111816,1.0609749555587769
SB83614_component_1913a,28.915937,2.04329,5.781000137329102,25.134782791137695,28.915882110595703,2.0430996417999268,5.224153518676758,1.0537272691726685,1.106590747833252
SB83614_component_1914a,25.81369,-2.132418,4.538000106811523,16.092199325561523,25.81378173828125,-2.1323583126068115,4.216963291168213,1.0247215032577515,1.0761299133300781
SB83614_component_1922a,27.720553,1.253324,5.499000072479248,18.39130401611328,27.720510482788086,1.2533634901046753,4.712307453155518,1.1111974716186523,1.1669442653656006
SB83614_component_1923a,29.006547,-0.07108,5.276000022888184,23.448888778686523,29.006589889526367,-0.07120553404092789,4.853760719299316,1.035064935684204,1.0869921445846558
SB83614_component_1924a,26.661371,1.714675,5.056000232696533,12.577115058898926,26.66156768798828,1.714707612991333,5.24144172668457,0.9185387492179871,0.9646201133728027
SB83614_component_1929a,31.102239,1.297237,4.77400016784668,12.432291984558105,31.102392196655273,1.2970765829086304,5.277703285217285,0.8613479733467102,0.9045601487159729
SB83614_component_1930a,25.829732,-2.358024,5.289000034332275,17.455446243286133,25.829748153686523,-2.3579299449920654,5.236655235290527,0.961746871471405,1.0099958181381226
SB83614_component_1932a,26.722969,2.097932,5.9120001792907715,16.153005599975586,26.723064422607422,2.0978965759277344,5.165231704711914,1.089897871017456,1.1445759534835815
SB83614_component_1934a,28.458459,0.882208,5.281000137329102,20.54863929748535,28.458457946777344,0.8821166753768921,4.279699325561523,1.1750168800354004,1.233965277671814
SB83614_component_1935a,28.792159,1.177159,5.702000141143799,26.036531448364258,28.791959762573242,1.177221655845642,4.720342636108398,1.1502569913864136,1.207963228225708
SB83614_component_1936a,29.973116,0.804003,5.13100004196167,18.325000762939453,29.973176956176758,0.8040560483932495,4.5674943923950195,1.0697077512741089,1.123373031616211
SB83614_component_1937a,28.115438,-2.929773,4.870999813079834,14.716011047363281,28.11526870727539,-2.929722547531128,5.011289596557617,0.925571084022522,0.9720052480697632
SB83614_component_1938a,29.406183,-0.337937,4.8480000495910645,18.790699005126953,29.406078338623047,-0.3380112051963806,4.921478748321533,0.9380114674568176,0.9850698113441467
SB83614_component_1939a,28.722921,-3.147923,4.552999973297119,11.186732292175293,28.722858428955078,-3.1478993892669678,6.071179389953613,0.7141110301017761,0.7499366402626038
SB83614_component_1941a,26.99197,-1.678073,4.872000217437744,15.369085311889648,26.991947174072266,-1.6780242919921875,4.9379730224609375,0.9395064115524292,0.986639678478241
SB83614_component_1942a,28.504389,3.586951,5.375,10.51859188079834,28.5045223236084,3.5865578651428223,5.040655612945557,1.0153894424438477,1.0663295984268188
SB83614_component_1944a,29.30966,-2.503447,5.25,17.736486434936523,29.30978012084961,-2.5035805702209473,5.034542560577393,0.992979884147644,1.0427957773208618
SB83614_component_1946a,30.655022,-0.350373,5.794000148773193,16.79420280456543,30.65521240234375,-0.35035789012908936,4.7235918045043945,1.168012022972107,1.2266089916229248
SB83614_component_1948a,27.598158,-2.892115,4.875999927520752,17.602888107299805,27.597997665405273,-2.8921899795532227,8.189796447753906,0.5669330358505249,0.5953750014305115
SB83614_component_1950a,31.031819,2.378164,4.770999908447266,12.894594192504883,31.031442642211914,2.378084182739258,5.524542808532715,0.8223453164100647,0.8636008501052856
SB83614_component_1953a,24.909942,-1.944228,5.486999988555908,16.779817581176758,24.910037994384766,-1.9441423416137695,5.4447479248046875,0.9596179127693176,1.0077601671218872
SB83614_component_1954a,27.247857,3.6185,4.934999942779541,10.798686981201172,27.24801254272461,3.6190285682678223,5.097507476806641,0.9218716025352478,0.9681202173233032
SB83614_component_1955a,26.567788,-2.369067,5.23199987411499,15.571428298950195,26.56790542602539,-2.3689775466918945,4.381664752960205,1.1370242834091187,1.1940666437149048
SB83614_component_1957a,24.837226,-1.07265,5.164999961853027,14.631728172302246,24.837202072143555,-1.0726137161254883,4.966720104217529,0.9902430772781372,1.0399216413497925
SB83614_component_1960a,30.528219,2.5596,4.8420000076293945,16.358108520507812,30.528423309326172,2.559511661529541,4.725610256195068,0.975681483745575,1.0246295928955078
SB83614_component_1965a,29.384829,-3.105786,5.613999843597412,16.319766998291016,29.384807586669922,-3.1058855056762695,4.701647758483887,1.1370079517364502,1.1940494775772095
SB83614_component_1971a,25.04804,-0.568623,5.7870001792907715,18.14106559753418,25.04816246032715,-0.5687997341156006,4.779171466827393,1.1530338525772095,1.2108793258666992
SB83614_component_1976a,29.903163,-1.666971,4.973999977111816,18.21977996826172,29.903181076049805,-1.6669257879257202,5.136815071105957,0.9220468997955322,0.9683042764663696
SB83614_component_1977a,30.049424,-3.005362,4.815999984741211,11.358490943908691,30.049726486206055,-3.005321502685547,4.273022174835205,1.0732293128967285,1.1270711421966553
SB83614_component_1978a,30.477598,2.054648,5.456999778747559,20.908044815063477,30.477657318115234,2.0544896125793457,5.310364723205566,0.9785224199295044,1.0276130437850952
SB83614_component_1979a,30.844111,2.367175,5.514999866485596,17.90584373474121,30.84417724609375,2.366964101791382,4.620127201080322,1.13666570186615,1.1936900615692139
SB83614_component_1983a,26.698709,0.297053,5.135000228881836,17.05980110168457,26.69858169555664,0.29678860306739807,4.60992431640625,1.0606884956359863,1.1139012575149536
SB83614_component_1987a,27.629842,-1.559425,5.35699987411499,22.89316177368164,27.629926681518555,-1.5592691898345947,5.1139984130859375,0.9974754452705383,1.047516942024231
SB83614_component_1988a,29.015816,0.250368,5.104000091552734,22.19130516052246,29.01583480834961,0.2504458427429199,4.1360554695129395,1.1750746965408325,1.2340260744094849
SB83614_component_1991a,26.674944,0.956733,5.011000156402588,16.703332901000977,26.674978256225586,0.9565882682800293,5.433909893035889,0.8781185150146484,0.9221721291542053
SB83614_component_1993a,28.714879,-0.9301,5.505000114440918,24.0393009185791,28.714962005615234,-0.930357038974762,4.460292816162109,1.1752631664276123,1.2342239618301392
SB83614_component_2002a,25.323915,-1.065367,5.374000072479248,18.531034469604492,25.324142456054688,-1.06523597240448,4.13830041885376,1.2365646362304688,1.2986007928848267
SB83614_component_2003a,25.073642,-1.384489,5.2779998779296875,16.39130401611328,25.073720932006836,-1.3845514059066772,4.605518817901611,1.0912694931030273,1.1460163593292236
SB83614_component_2004a,28.299509,-1.829172,4.798999786376953,17.578754425048828,28.299514770507812,-1.829242467880249,5.028442859649658,0.9087792038917542,0.9543709754943848
SB83614_component_2006a,28.982003,-2.938563,5.085999965667725,15.844236373901367,28.981882095336914,-2.9386537075042725,5.228452205657959,0.9262844920158386,0.9727544188499451
SB83614_component_2009a,31.110021,0.573541,5.11299991607666,15.684048652648926,31.109859466552734,0.5734370350837708,5.156429290771484,0.9442084431648254,0.9915776252746582
SB83614_component_2011a,28.26879,-0.362172,4.750999927520752,20.04641342163086,28.268640518188477,-0.36216750741004944,6.024997711181641,0.750877857208252,0.7885479927062988
SB83614_component_2014a,28.20353,2.09262,5.283999919891357,24.01818084716797,28.203468322753906,2.0927674770355225,4.1605610847473145,1.2093502283096313,1.2700209617614746
SB83614_component_2016a,26.521646,1.950042,5.290999889373779,12.276102066040039,26.521732330322266,1.9499198198318481,5.305197715759277,0.9496800899505615,0.9973238110542297
SB83614_component_2021a,26.241719,-0.52453,4.705999851226807,18.674602508544922,26.241838455200195,-0.5244048237800598,5.1546220779418945,0.869353175163269,0.9129670262336731
SB83614_component_2023a,30.207288,-2.041553,5.186999797821045,18.79347801208496,30.207164764404297,-2.0413882732391357,4.719318866729736,1.0465936660766602,1.0990992784500122
SB83614_component_2032a,30.820539,-0.612511,5.289999961853027,18.178693771362305,30.82069206237793,-0.6126842498779297,4.516511917114258,1.1153050661087036,1.1712578535079956
SB83614_component_2034a,27.995758,-0.703057,4.89900016784668,20.412500381469727,27.995651245117188,-0.7031484842300415,4.8393354415893555,0.9639686346054077,1.0123291015625
SB83614_component_2035a,29.496946,2.088303,4.77400016784668,18.291187286376953,29.496849060058594,2.0882914066314697,4.202782154083252,1.0816500186920166,1.1359142065048218
SB83614_component_2036a,25.614129,1.408098,5.427000045776367,12.620929718017578,25.61420440673828,1.408255696296692,4.1564154624938965,1.2433174848556519,1.305692434310913
SB83614_component_2039a,25.332314,-1.817079,5.0970001220703125,17.697917938232422,25.332273483276367,-1.8169654607772827,4.5634307861328125,1.0635658502578735,1.1169228553771973
SB83614_component_2043a,29.726157,1.254556,5.058000087738037,20.151395797729492,29.726221084594727,1.2547039985656738,5.590231895446777,0.8615692257881165,0.9047925472259521
SB83614_component_2047a,30.729052,2.173181,5.401000022888184,19.711679458618164,30.729066848754883,2.1731531620025635,4.943190097808838,1.0404183864593506,1.0926142930984497
SB83614_component_2048a,26.628589,2.428449,5.248000144958496,15.300292015075684,26.628690719604492,2.4284772872924805,4.541325569152832,1.1004045009613037,1.1556097269058228
SB83614_component_2051a,28.155315,-2.391398,5.0279998779296875,16.594058990478516,28.155359268188477,-2.3913846015930176,4.69455623626709,1.0198631286621094,1.0710277557373047
SB83614_component_2062a,30.714204,-0.736568,5.298999786376953,17.488447189331055,30.71419334411621,-0.7364577651023865,5.0624775886535645,0.9967172145843506,1.0467206239700317
SB83614_component_2063a,29.920696,-3.277481,5.10099983215332,11.360801696777344,29.92041015625,-3.2774031162261963,4.66426420211792,1.0413898229599,1.0936343669891357
SB83614_component_2064a,26.780295,-2.211293,5.086999893188477,15.556574821472168,26.7801456451416,-2.2112624645233154,4.6517791748046875,1.0413191318511963,1.0935600996017456
SB83614_component_2065a,28.507041,2.505,5.041999816894531,20.412954330444336,28.5071964263916,2.505143642425537,4.101400375366211,1.1706088781356812,1.229336142539978
SB83614_component_2071a,24.707827,0.498405,5.116000175476074,13.185566902160645,24.708158493041992,0.4984295070171356,5.6314496994018555,0.8650705218315125,0.9084694981575012
SB83614_component_2072a,29.567543,1.273955,4.4720001220703125,19.111112594604492,29.567583084106445,1.274032473564148,4.752577304840088,0.8960119485855103,0.9409631490707397
SB83614_component_2073a,30.355458,-1.899277,4.938000202178955,19.2890625,30.355438232421875,-1.8992130756378174,4.420642375946045,1.0636699199676514,1.1170322895050049
SB83614_component_2077a,28.745385,-2.845437,4.75,14.481706619262695,28.745256423950195,-2.8454647064208984,4.777906894683838,0.9466667175292969,0.9941591620445251
SB83614_component_2086a,30.155284,2.092136,4.939000129699707,18.49812889099121,30.155115127563477,2.0920746326446533,4.781393527984619,0.9836163520812988,1.032962441444397
SB83614_component_2087a,25.970548,-0.641903,4.853000164031982,18.10820960998535,25.970470428466797,-0.6418068408966064,4.6453776359558105,0.9947878122329712,1.044694423675537
SB83614_component_2089a,28.284425,1.030893,4.864999771118164,18.498096466064453,28.2845458984375,1.031009316444397,4.301504611968994,1.0769699811935425,1.1309995651245117
SB83614_component_2090a,28.664091,1.152896,4.584000110626221,21.124425888061523,28.6640625,1.152992606163025,4.481847286224365,0.9739322066307068,1.0227925777435303
SB83614_component_2093a,26.393726,0.92644,4.617000102996826,14.657143592834473,26.393779754638672,0.9263259768486023,4.9349822998046875,0.8908722996711731,0.935565710067749
SB83614_component_2095a,27.312354,-2.124906,4.660999774932861,14.565624237060547,27.312274932861328,-2.1248531341552734,4.598522186279297,0.965165913105011,1.013586401939392
SB83614_component_2097a,28.147273,-1.110613,4.623000144958496,18.792682647705078,28.14724349975586,-1.1106839179992676,4.718642711639404,0.9329277276992798,0.9797309041023254
SB83614_component_2098a,31.288256,-1.319068,4.419000148773193,10.300700187683105,31.2882137298584,-1.3187834024429321,4.52301549911499,0.930330216884613,0.9770030975341797
SB83614_component_2099a,30.537816,-0.319284,4.499000072479248,18.288618087768555,30.537750244140625,-0.3191858232021332,4.288491249084473,0.9989704489707947,1.0490869283676147
SB83614_component_2106a,25.691831,0.06578,4.646999835968018,15.860067367553711,25.691850662231445,0.06566710025072098,3.9199936389923096,1.1288297176361084,1.1854610443115234
SB83614_component_2107a,30.558349,0.521211,4.914999961853027,17.807971954345703,30.558320999145508,0.521311342716217,4.576220989227295,1.0227222442626953,1.0740302801132202
SB83614_component_2108a,28.679092,2.47293,4.828999996185303,20.120834350585938,28.678966522216797,2.4728901386260986,4.376031398773193,1.0507948398590088,1.1035113334655762
SB83614_component_2109a,27.593529,-1.171635,4.9720001220703125,19.88800048828125,27.593297958374023,-1.1718164682388306,5.184542655944824,0.9131914377212524,0.9590045809745789
SB83614_component_2111a,30.948516,-1.439001,4.936999797821045,15.673015594482422,30.948471069335938,-1.4389102458953857,4.062870025634766,1.1571012735366821,1.2151508331298828
SB83614_component_2113a,26.22,-2.231847,5.140999794006348,15.210058212280273,26.219806671142578,-2.2318625450134277,4.4995341300964355,1.0879807472229004,1.1425626277923584
SB83614_component_2118a,26.148216,-1.230609,4.046000003814697,12.643750190734863,26.148345947265625,-1.2304435968399048,4.283434867858887,0.8994455337524414,0.9445690512657166
SB83614_component_2119a,31.134321,1.660303,4.216000080108643,11.842696189880371,31.134336471557617,1.6603879928588867,4.681852340698242,0.8574801087379456,0.9004983305931091
SB83614_component_2122a,27.673512,-2.830477,4.684000015258789,17.809885025024414,27.67371368408203,-2.83046817779541,4.447348594665527,1.0028983354568481,1.0532118082046509
SB83614_component_2129a,30.363617,-1.724253,4.763999938964844,17.579336166381836,30.363798141479492,-1.724294900894165,4.898705005645752,0.9260439872741699,0.9725018739700317
SB83614_component_2133a,25.799984,-2.686715,5.0370001792907715,15.217523574829102,25.799917221069336,-2.68685245513916,3.6812186241149902,1.302931308746338,1.3682969808578491
SB83614_component_2137a,25.008078,-0.853159,4.744999885559082,15.764119148254395,25.008228302001953,-0.853486180305481,4.238498687744141,1.066019892692566,1.1195001602172852
SB83614_component_2151a,25.055099,-1.267852,3.8559999465942383,11.44213581085205,25.05504608154297,-1.2678337097167969,3.492055654525757,1.0514702796936035,1.1042206287384033
SB83614_component_2153a,26.89164,1.105299,4.744999885559082,13.997050285339355,26.89173126220703,1.1050763130187988,3.852916955947876,1.1727020740509033,1.231534481048584
SB83614_component_2154a,27.758865,-1.962243,4.8420000076293945,18.271699905395508,27.758920669555664,-1.962548017501831,4.320548057556152,1.067154049873352,1.120691180229187
SB83614_component_2156a,30.189812,-0.964712,4.263000011444092,17.259109497070312,30.189836502075195,-0.9646704196929932,4.441722393035889,0.9139135479927063,0.9597628116607666
SB83614_component_2157a,24.798746,-2.401017,4.566999912261963,10.450800895690918,24.798648834228516,-2.4007644653320312,4.492393970489502,0.968042254447937,1.0166071653366089
SB83614_component_2158a,27.382079,1.400899,4.302999973297119,17.007905960083008,27.382070541381836,1.4010156393051147,3.624484062194824,1.1304889917373657,1.1872034072875977
SB83614_component_2164a,26.704959,-1.261344,4.125,13.524589538574219,26.7049560546875,-1.2613416910171509,4.1287150382995605,0.9513716697692871,0.9991002082824707
SB83614_component_2172a,28.58881,-0.123889,4.185999870300293,16.415685653686523,28.588754653930664,-0.12384455651044846,4.340976715087891,0.9182330369949341,0.9642990827560425
SB83614_component_2174a,26.507966,-0.412458,4.369999885559082,15.776172637939453,26.508243560791016,-0.41257137060165405,4.7771148681640625,0.8710777163505554,0.9147780537605286
SB83614_component_2186a,29.907151,2.267203,4.535999774932861,17.312976837158203,29.907196044921875,2.2672195434570312,3.8184914588928223,1.1311557292938232,1.187903642654419
SB83614_component_2189a,28.374309,1.295071,4.284999847412109,19.38913917541504,28.374454498291016,1.2950682640075684,4.183862686157227,0.9752468466758728,1.0241731405258179
SB83614_component_2198a,26.338875,-3.034253,4.830999851226807,12.713157653808594,26.338809967041016,-3.034139633178711,4.429008960723877,1.0386557579040527,1.0907632112503052
SB83614_component_2203a,28.675996,-1.401136,4.703999996185303,17.954198837280273,28.676076889038086,-1.4012200832366943,4.126091003417969,1.0855995416641235,1.1400620937347412
SB83614_component_2205a,28.97206,-1.385881,4.75,18.700786590576172,28.97210693359375,-1.3857896327972412,4.415396213531494,1.024389386177063,1.0757811069488525
SB83614_component_2216a,27.04843,-0.275068,4.420000076293945,16.30996322631836,27.04848861694336,-0.2749660015106201,3.458266258239746,1.2170404195785522,1.278097152709961
SB83614_component_2218a,26.589891,0.66749,4.216000080108643,12.080228805541992,26.5900936126709,0.6673597097396851,4.689969062805176,0.8559961915016174,0.898939847946167
SB83614_component_2219a,30.801957,-0.381533,4.47599983215332,16.39560317993164,30.80197525024414,-0.38158121705055237,3.574556350708008,1.1923646926879883,1.2521833181381226
SB83614_component_2227a,30.246877,1.185225,4.698999881744385,17.66541290283203,30.24666976928711,1.185192584991455,4.795012474060059,0.9331616163253784,0.9799765944480896
SB83614_component_2228a,28.002626,-0.589082,4.006999969482422,17.197425842285156,28.002622604370117,-0.5893292427062988,4.458430290222168,0.8558123111724854,0.8987467885017395
SB83614_component_2231a,24.851326,-0.743346,4.38700008392334,12.642651557922363,24.85117530822754,-0.7432453632354736,4.84237003326416,0.8626821637153625,0.9059613347053528
SB83614_component_2232a,30.303735,1.679601,4.085000038146973,13.526491165161133,30.303607940673828,1.679665207862854,3.926600217819214,0.9906415343284607,1.0403401851654053
SB83614_component_2233a,28.851515,2.614011,4.186999797821045,16.419607162475586,28.851388931274414,2.6139397621154785,3.8011090755462646,1.0488992929458618,1.1015205383300781
SB83614_component_2234a,28.909847,-2.772021,3.690000057220459,13.22580623626709,28.909744262695312,-2.7720847129821777,5.347078800201416,0.6571294665336609,0.6900964379310608
SB83614_component_2237a,30.781694,1.398265,4.1570000648498535,14.33448314666748,30.78186798095703,1.3982599973678589,4.154050350189209,0.9529047012329102,1.000710129737854
SB83614_component_2241a,28.372105,0.846442,4.125999927520752,16.180391311645508,28.372285842895508,0.8464223742485046,4.378988742828369,0.8972150683403015,0.9422266483306885
SB83614_component_2243a,30.84996,0.716561,4.432000160217285,17.04615592956543,30.85006332397461,0.7163392305374146,4.748417854309082,0.8887753486633301,0.9333635568618774
SB83614_component_2244a,28.533834,2.512272,4.269000053405762,17.283401489257812,28.5340576171875,2.512378692626953,3.900743007659912,1.0421254634857178,1.0944068431854248
SB83614_component_2251a,27.903406,-2.234652,4.034999847412109,14.308509826660156,27.90338706970215,-2.234694719314575,4.389787673950195,0.875268280506134,0.91917884349823
SB83614_component_2253a,31.327454,-1.277798,4.6020002365112305,10.530892372131348,31.327268600463867,-1.2777910232543945,3.745840072631836,1.1698726415634155,1.2285629510879517
SB83614_component_2254a,29.571986,-1.917405,4.146999835968018,14.153582572937012,29.571842193603516,-1.9173672199249268,3.7808709144592285,1.044439673423767,1.0968371629714966
SB83614_component_2256a,25.972597,-3.296184,4.507999897003174,10.292237281799316,25.972835540771484,-3.2962889671325684,5.4277472496032715,0.7908706665039062,0.8305471539497375
SB83614_component_2260a,30.604183,1.292067,3.8949999809265137,14.425925254821777,30.604076385498047,1.2920091152191162,4.289928913116455,0.8645668029785156,0.9079404473304749
SB83614_component_2268a,24.759103,-1.079898,4.089000225067139,10.788918495178223,24.758991241455078,-1.0798532962799072,2.7486796379089355,1.4165574312210083,1.4876234531402588
SB83614_component_2270a,26.913824,-2.490232,4.428999900817871,14.01582145690918,26.91370391845703,-2.490293025970459,4.303738117218018,0.9799434542655945,1.029105305671692
SB83614_component_2275a,29.248429,2.647413,3.9760000705718994,15.351351737976074,29.24842643737793,2.6473352909088135,3.436328887939453,1.10177481174469,1.1570487022399902
SB83614_component_2277a,27.767448,-1.737396,4.4029998779296875,19.744394302368164,27.76751708984375,-1.73750901222229,3.9261887073516846,1.0678707361221313,1.121443748474121
SB83614_component_2280a,25.685294,-0.243966,4.410999774932861,15.86690616607666,25.6854305267334,-0.24401621520519257,3.781003952026367,1.1108900308609009,1.1666213274002075
SB83614_component_2284a,30.209277,0.41451,4.005000114440918,17.489084243774414,30.208984375,0.4144638478755951,3.9521069526672363,0.9649726748466492,1.0133835077285767
SB83614_component_2289a,31.076537,0.436741,3.5829999446868896,12.270547866821289,31.076549530029297,0.43689367175102234,3.560591697692871,0.9582212567329407,1.0062934160232544
SB83614_component_2295a,30.026507,-0.180012,3.8529999256134033,16.973567962646484,30.026458740234375,-0.18008187413215637,4.319115161895752,0.8494647741317749,0.8920808434486389
SB83614_component_2303a,29.477644,0.266737,4.085000038146973,17.457265853881836,29.477811813354492,0.2668297290802002,4.355302810668945,0.8931304216384888,0.9379370808601379
SB83614_component_2305a,29.324503,-0.855593,4.122000217437744,16.554218292236328,29.32420539855957,-0.8556758165359497,3.952392816543579,0.9930911064147949,1.0429126024246216
SB83614_component_2306a,28.32936,-1.675931,4.328000068664551,16.710424423217773,28.329322814941406,-1.675917387008667,3.6024231910705566,1.1440201997756958,1.2014135122299194
SB83614_component_2310a,29.355762,-2.383094,4.639999866485596,15.675675392150879,29.35598373413086,-2.3830037117004395,3.1197774410247803,1.4162355661392212,1.4872854948043823
SB83614_component_2311a,29.920564,0.360297,4.104000091552734,18.240001678466797,29.920604705810547,0.3604271709918976,5.030918598175049,0.7767857313156128,0.8157556056976318
SB83614_component_2312a,28.560237,0.065161,4.122000217437744,18.0,28.560312271118164,0.0650886595249176,4.309953212738037,0.9107027053833008,0.956390917301178
SB83614_component_2315a,25.236232,-1.561136,4.380000114440918,15.051546096801758,25.236204147338867,-1.561132550239563,4.010618686676025,1.0399295091629028,1.0921008586883545
SB83614_component_2319a,27.009676,-1.778447,3.9820001125335693,12.970684051513672,27.010147094726562,-1.7785292863845825,4.038217067718506,0.9389722347259521,0.9860787391662598
SB83614_component_2320a,25.752753,-1.739263,4.311999797821045,12.462428092956543,25.752853393554688,-1.7394664287567139,3.5637826919555664,1.1521490812301636,1.2099502086639404
SB83614_component_2322a,26.219085,-0.611981,3.9730000495910645,15.765872955322266,26.219234466552734,-0.6119726896286011,3.0042824745178223,1.2592703104019165,1.3224455118179321
SB83614_component_2324a,29.576389,-1.604708,3.8519999980926514,13.906136512756348,29.57638168334961,-1.60466468334198,4.372842788696289,0.8388099074363708,0.8808915019035339
SB83614_component_2330a,29.024903,1.768888,4.129000186920166,18.030569076538086,29.02501106262207,1.7689194679260254,4.510022163391113,0.8717809915542603,0.9155166149139404
SB83614_component_2332a,25.529859,-0.495152,4.355000019073486,14.278688430786133,25.530235290527344,-0.49475181102752686,3.8822100162506104,1.0681945085525513,1.12178373336792
SB83614_component_2337a,28.909658,2.655084,4.057000160217285,14.970479965209961,28.909610748291016,2.6553308963775635,4.4545392990112305,0.8672481775283813,0.9107564091682434
SB83614_component_2338a,28.054009,-2.635726,4.374000072479248,14.827119827270508,28.053909301757812,-2.635648488998413,3.6968202590942383,1.1266567707061768,1.1831790208816528
SB83614_component_2343a,27.251234,-3.320622,4.432000160217285,11.787235260009766,27.25096321105957,-3.3209950923919678,2.7275760173797607,1.5472627878189087,1.6248860359191895
SB83614_component_2357a,24.725284,0.021522,3.6710000038146973,10.548851013183594,24.72515106201172,0.02156875655055046,4.328765869140625,0.8075352311134338,0.8480477333068848
SB83614_component_2359a,30.699751,-1.294399,3.5980000495910645,12.40689754486084,30.699913024902344,-1.2945414781570435,3.4905285835266113,0.9815471172332764,1.0307894945144653
SB83614_component_2361a,27.139924,-3.362014,4.190000057220459,11.51098918914795,27.139638900756836,-3.3620340824127197,4.362801551818848,0.9145126938819885,0.9603920578956604
SB83614_component_2362a,25.989364,-1.798921,4.113999843597412,14.137455940246582,25.989336013793945,-1.798865795135498,3.5061182975769043,1.1173232793807983,1.1733773946762085
SB83614_component_2370a,30.030026,2.6947,3.6440000534057617,14.069498062133789,30.03015899658203,2.694567918777466,3.8532066345214844,0.9005280137062073,0.9457058310508728
SB83614_component_2378a,28.279677,-3.129127,4.083000183105469,10.688482284545898,28.279464721679688,-3.1290924549102783,4.041714668273926,0.9619553089141846,1.0102148056030273
SB83614_component_2379a,28.186107,2.926367,3.890000104904175,14.734848976135254,28.185806274414062,2.9265060424804688,4.39694881439209,0.8424407243728638,0.8847044110298157
SB83614_component_2384a,25.901625,-2.161447,4.052000045776367,14.788321495056152,25.901700973510742,-2.161367654800415,4.4883198738098145,0.8596601486206055,0.9027877449989319
SB83614_component_2389a,30.288771,1.16837,3.9570000171661377,15.337209701538086,30.288551330566406,1.1686395406723022,3.46802020072937,1.0864896774291992,1.1409968137741089
SB83614_component_2392a,28.301115,2.792172,3.8610000610351562,16.291139602661133,28.301225662231445,2.7921979427337646,3.5262558460235596,1.042622685432434,1.0949290990829468
SB83614_component_2394a,27.131915,-2.907251,3.572000026702881,13.278810501098633,27.131847381591797,-2.907421350479126,2.986849546432495,1.138778567314148,1.1959089040756226
SB83614_component_2395a,28.519834,-2.725153,3.421999931335449,11.256579399108887,28.51975440979004,-2.725149393081665,3.355438232421875,0.9711178541183472,1.0198369026184082
SB83614_component_2398a,30.11355,-1.206888,3.8269999027252197,13.24221420288086,30.1134090423584,-1.2069411277770996,3.3628506660461426,1.0836575031280518,1.138022541999817
SB83614_component_2401a,30.151874,2.619933,4.025000095367432,16.361787796020508,30.15186882019043,2.6199135780334473,5.233650207519531,0.7323225140571594,0.7690617442131042
SB83614_component_2403a,28.574074,2.915637,4.066999912261963,14.6823091506958,28.5742130279541,2.9155731201171875,3.867496967315674,1.0013487339019775,1.0515844821929932
SB83614_component_2405a,27.071706,-2.220709,3.9739999771118164,13.943860054016113,27.071945190429688,-2.220766305923462,3.4189507961273193,1.1068178415298462,1.1623449325561523
SB83614_component_2408a,26.900797,-2.705548,3.6070001125335693,13.021660804748535,26.901159286499023,-2.70520281791687,3.66532826423645,0.9370751976966858,0.9840865135192871
SB83614_component_2412a,28.254592,1.651937,3.627000093460083,13.896552085876465,28.254364013671875,1.6518458127975464,3.827904224395752,0.902251660823822,0.9475159049034119
SB83614_component_2414a,25.581931,-0.348466,3.6630001068115234,12.54452133178711,25.58221435546875,-0.3483668267726898,3.699941396713257,0.9427211284637451,0.9900156855583191
SB83614_component_2428a,25.849811,-1.983067,3.5209999084472656,12.944851875305176,25.849796295166016,-1.982999324798584,3.7491817474365234,0.8942741751670837,0.9391382336616516
SB83614_component_2436a,28.382337,-2.568258,3.6540000438690186,13.239130973815918,28.382469177246094,-2.5685219764709473,3.1096019744873047,1.1189351081848145,1.17507004737854
SB83614_component_2440a,27.702921,-1.155049,4.090000152587891,18.09734535217285,27.702816009521484,-1.1550912857055664,3.271150588989258,1.1905946731567383,1.2503246068954468
SB83614_component_2443a,30.94502,1.423901,3.8910000324249268,13.325343132019043,30.945083618164062,1.4236191511154175,3.845228672027588,0.9635632634162903,1.0119034051895142
SB83614_component_2444a,29.49047,1.915532,3.6429998874664307,15.502127647399902,29.490455627441406,1.9155744314193726,3.524481773376465,0.9842491745948792,1.0336271524429321
SB83614_component_2449a,28.548732,-1.197105,3.6760001182556152,16.410715103149414,28.548664093017578,-1.1972968578338623,3.6866965293884277,0.9494657516479492,0.9970986247062683
SB83614_component_2453a,30.448182,1.568112,3.3259999752044678,12.364312171936035,30.448348999023438,1.5680530071258545,2.6527953147888184,1.1938772201538086,1.2537717819213867
SB83614_component_2454a,24.674968,-0.978319,3.7249999046325684,10.261707305908203,24.674793243408203,-0.9782750606536865,3.591606855392456,0.987594485282898,1.0371402502059937
SB83614_component_2455a,27.975707,-1.745711,4.151000022888184,14.719858169555664,27.97570037841797,-1.74604332447052,3.4584200382232666,1.1429208517074585,1.2002590894699097
SB83614_component_2456a,26.549192,2.407441,4.025000095367432,10.13853931427002,26.549169540405273,2.4072134494781494,4.313080310821533,0.8886270523071289,0.9332077503204346
SB83614_component_2471a,29.757435,-0.235481,3.196000099182129,13.206611633300781,29.757322311401367,-0.2353617548942566,3.4326789379119873,0.8865735530853271,0.9310512542724609
SB83614_component_2475a,29.605893,1.721868,3.736999988555908,13.688644409179688,29.605762481689453,1.7220895290374756,3.4552388191223145,1.0298789739608765,1.0815460681915283
SB83614_component_2477a,29.036906,-1.442123,3.694000005722046,14.835341453552246,29.0368595123291,-1.4422062635421753,4.066947937011719,0.8649070858955383,0.9082978367805481
SB83614_component_2482a,30.288043,1.071018,3.808000087738037,13.847272872924805,30.288454055786133,1.071133017539978,3.671949625015259,0.9875097870826721,1.0370513200759888
SB83614_component_2484a,27.849831,1.089228,3.322000026702881,14.506549835205078,27.849958419799805,1.0890319347381592,3.612306833267212,0.8757016658782959,0.9196339845657349
SB83614_component_2485a,30.48661,-0.722856,3.881999969482422,15.527999877929688,30.486608505249023,-0.7227444052696228,3.5530483722686768,1.040388584136963,1.0925829410552979
SB83614_component_2493a,27.607322,0.835917,3.4739999771118164,12.725274085998535,27.607118606567383,0.8361169695854187,3.065289258956909,1.0791939496994019,1.1333351135253906
SB83614_component_2498a,29.640532,-2.471557,3.6740000247955322,12.936619758605957,29.64057159423828,-2.4718971252441406,2.973210096359253,1.1766700744628906,1.2357014417648315
SB83614_component_2501a,27.708927,3.008767,3.803999900817871,13.883212089538574,27.70855140686035,3.0089457035064697,3.237056016921997,1.1190035343170166,1.1751418113708496
SB83614_component_2503a,28.414701,-0.184626,3.697999954223633,15.537814140319824,28.414955139160156,-0.18463507294654846,4.343018531799316,0.8108049035072327,0.8514814972877502
SB83614_component_2506a,25.045121,-0.862146,4.119999885559082,13.597359657287598,25.04496192932129,-0.862338662147522,3.5179927349090576,1.1151760816574097,1.1711223125457764
SB83614_component_2510a,29.773107,-2.843906,3.5209999084472656,10.767583847045898,29.773231506347656,-2.843937397003174,4.6423563957214355,0.7222186923027039,0.758450984954834
SB83614_component_2511a,27.38583,0.737306,3.3340001106262207,12.212454795837402,27.385629653930664,0.7373791933059692,3.863287925720215,0.8217689394950867,0.8629955053329468
SB83614_component_2513a,30.247975,0.500586,3.484999895095825,12.85977840423584,30.247774124145508,0.5004597902297974,3.605304479598999,0.9204537868499756,0.9666312336921692
SB83614_component_2519a,29.28637,1.639784,3.757999897003174,15.789915084838867,29.286094665527344,1.639904499053955,3.6556270122528076,0.9788948893547058,1.0280041694641113
SB83614_component_2520a,26.027555,-0.823622,3.6549999713897705,12.915194511413574,26.027877807617188,-0.823695957660675,3.391495704650879,1.026212453842163,1.077695608139038
SB83614_component_2521a,27.044068,3.080515,3.671999931335449,12.405405044555664,27.044261932373047,3.0803942680358887,3.424816846847534,1.0209547281265259,1.072174072265625
SB83614_component_2523a,31.197513,1.16707,3.8570001125335693,10.864789009094238,31.197736740112305,1.1670751571655273,4.270977020263672,0.8599309921264648,0.9030720591545105
SB83614_component_2528a,27.056107,-0.437841,3.8519999980926514,10.611570358276367,27.056041717529297,-0.4377351999282837,2.9193267822265625,1.2564486265182495,1.3194823265075684
SB83614_component_2530a,24.908713,0.181253,3.7269999980926514,10.648571968078613,24.908367156982422,0.18158067762851715,4.85482931137085,0.7310155630111694,0.7676891684532166
SB83614_component_2533a,29.530406,-2.367659,3.5869998931884766,12.902877807617188,29.530595779418945,-2.3674476146698,2.8953540325164795,1.17969810962677,1.238881230354309
SB83614_component_2534a,29.38504,1.727683,3.625999927520752,14.446215629577637,29.384910583496094,1.7278624773025513,3.1001627445220947,1.1137416362762451,1.1696159839630127
SB83614_component_2539a,27.730167,0.933578,3.882999897003174,16.179166793823242,27.73012924194336,0.9336795806884766,3.30350923538208,1.1192651987075806,1.1754167079925537
SB83614_component_2541a,28.608652,0.569105,3.8440001010894775,17.633028030395508,28.608652114868164,0.5691531300544739,3.6780083179473877,0.9952033758163452,1.0451308488845825
SB83614_component_2542a,24.963066,-0.219805,3.8949999809265137,13.524306297302246,24.963218688964844,-0.21955528855323792,3.5363035202026367,1.0488154888153076,1.1014325618743896
SB83614_component_2544a,30.750874,2.596793,3.8469998836517334,10.745809555053711,30.750864028930664,2.5967442989349365,3.059274911880493,1.1974153518676758,1.257487416267395
SB83614_component_2546a,30.871248,0.675357,3.809999942779541,14.007351875305176,30.871158599853516,0.675184428691864,3.8420584201812744,0.9442830085754395,0.9916558861732483
SB83614_component_2548a,28.340544,-0.598784,3.697999954223633,14.277992248535156,28.340476989746094,-0.5987700819969177,3.3093481063842773,1.064058780670166,1.1174405813217163
SB83614_component_2549a,26.95587,3.041695,3.690999984741211,10.397183418273926,26.955684661865234,3.041522741317749,3.95957612991333,0.8876392841339111,0.9321705102920532
SB83614_component_2552a,27.531069,2.886583,3.424999952316284,13.122604370117188,27.531047821044922,2.886854648590088,3.834193468093872,0.8506045341491699,0.8932778239250183
SB83614_component_2554a,25.686701,-2.030155,3.4730000495910645,10.752321243286133,25.68675994873047,-2.0301737785339355,3.3294901847839355,0.993272066116333,1.0431026220321655
SB83614_component_2558a,26.075205,-1.702743,3.2880001068115234,11.070707321166992,26.075016021728516,-1.7025768756866455,3.372620105743408,0.9283367991447449,0.9749097228050232
SB83614_component_2559a,25.801432,-1.083036,3.6619999408721924,12.849123001098633,25.80139923095703,-1.0829787254333496,3.4278905391693115,1.0172613859176636,1.0682954788208008
SB83614_component_2563a,29.642822,-0.514709,2.806999921798706,10.754788398742676,29.642684936523438,-0.5146753787994385,3.1997010707855225,0.8353609442710876,0.877269446849823
SB83614_component_2565a,28.610658,-1.707827,3.496000051498413,14.813559532165527,28.610565185546875,-1.7079273462295532,2.818486213684082,1.1811271905899048,1.240382194519043
SB83614_component_2572a,27.154992,2.230834,3.4200000762939453,13.204633712768555,27.15521240234375,2.2308168411254883,3.3729093074798584,0.9655230045318604,1.0139614343643188
SB83614_component_2575a,27.733798,2.182263,3.244999885559082,12.43294906616211,27.733793258666992,2.1823325157165527,3.4911386966705322,0.8850926756858826,0.9294961094856262
SB83614_component_2582a,27.134458,-1.551639,3.618000030517578,13.5,27.13445281982422,-1.5516244173049927,3.1660373210906982,1.0881623029708862,1.1427534818649292
SB83614_component_2586a,30.150776,2.64762,3.318000078201294,12.71264362335205,30.150590896606445,2.6473276615142822,3.5432076454162598,0.8917044997215271,0.9364396333694458
SB83614_component_2596a,29.08891,2.535629,3.7690000534057617,14.330798149108887,29.088666915893555,2.5357577800750732,3.127260684967041,1.1476335525512695,1.2052081823349
SB83614_component_2613a,28.431132,0.425965,3.243000030517578,13.569038391113281,28.431076049804688,0.42583921551704407,3.5861239433288574,0.8611183166503906,0.9043189883232117
SB83614_component_2617a,29.490587,1.107162,2.8989999294281006,10.73703670501709,29.490819931030273,1.1072826385498047,2.807445764541626,0.9832817912101746,1.0326112508773804
SB83614_component_2623a,28.808783,-0.707044,3.4210000038146973,15.204444885253906,28.8087158203125,-0.7070863842964172,3.44146728515625,0.9465653300285339,0.9940527677536011
SB83614_component_2626a,30.434069,1.744299,3.4040000438690186,13.670682907104492,30.433958053588867,1.7442271709442139,3.714048385620117,0.8727365732192993,0.9165201187133789
SB83614_component_2629a,25.673328,-0.68343,3.1649999618530273,13.411016464233398,25.673683166503906,-0.683746337890625,1.968377709388733,1.531110167503357,1.6079230308532715
SB83614_component_2637a,30.152554,2.719725,3.4200000762939453,12.0,30.152637481689453,2.719717502593994,3.59106183052063,0.9068686962127686,0.9523645639419556
SB83614_component_2640a,29.37341,-1.477112,2.9660000801086426,10.669065475463867,29.37346076965332,-1.4771711826324463,3.2354884147644043,0.872916042804718,0.9167085886001587
SB83614_component_2649a,27.070655,3.348398,3.6070001125335693,10.424856185913086,27.070772171020508,3.348639488220215,5.005298137664795,0.6862105131149292,0.7206364274024963
SB83614_component_2651a,30.138962,-0.062339,3.546999931335449,16.196346282958984,30.13905906677246,-0.062246792018413544,3.20151686668396,1.0549856424331665,1.107912302017212
SB83614_component_2652a,29.191093,-1.398578,3.424999952316284,12.145389556884766,29.1910343170166,-1.398535132408142,3.3322834968566895,0.9787230491638184,1.0278236865997314
SB83614_component_2660a,25.518757,-1.648091,3.369999885559082,11.196012496948242,25.51871681213379,-1.648126482963562,2.9041717052459717,1.1049655675888062,1.1603996753692627
SB83614_component_2667a,30.341692,-2.100498,3.4210000038146973,13.906503677368164,30.341947555541992,-2.1004228591918945,3.6375503540039062,0.8955404758453369,0.9404680728912354
SB83614_component_2668a,30.63768,-1.618157,3.375,12.096773147583008,30.637451171875,-1.6182584762573242,2.5686330795288086,1.2511600255966187,1.3139283657073975
SB83614_component_2678a,30.09495,0.656679,3.4549999237060547,14.218106269836426,30.09487533569336,0.6565762162208557,3.2160630226135254,1.0229741334915161,1.0742948055267334
SB83614_component_2686a,27.570089,2.276832,2.930999994277954,11.360466003417969,27.570270538330078,2.2767341136932373,2.790086269378662,1.0003209114074707,1.0505051612854004
SB83614_component_2694a,29.376417,1.10362,3.299999952316284,14.666666984558105,29.37654685974121,1.103756308555603,3.4239611625671387,0.9177539944648743,0.9637959599494934
SB83614_component_2696a,30.272288,-2.496851,2.930999994277954,10.248250961303711,30.272586822509766,-2.4968273639678955,3.304267406463623,0.8446597456932068,0.8870347738265991
SB83614_component_2705a,26.754319,2.095417,3.49399995803833,10.337278366088867,26.75453758239746,2.0956039428710938,3.008624315261841,1.1058496236801147,1.1613280773162842
SB83614_component_2706a,28.166351,-0.243724,3.450000047683716,12.190813064575195,28.166248321533203,-0.2438194304704666,3.0407605171203613,1.0803837776184082,1.1345845460891724
SB83614_component_2707a,28.305874,2.099608,3.5309998989105225,15.623893737792969,28.305784225463867,2.099648952484131,3.091461181640625,1.0876147747039795,1.1421782970428467
SB83614_component_2709a,29.601828,0.82774,3.434999942779541,16.67475700378418,29.601852416992188,0.8278440833091736,3.162644386291504,1.0342309474945068,1.0861164331436157
SB83614_component_2713a,28.549328,-0.776936,3.48799991607666,15.365638732910156,28.54932975769043,-0.7768844962120056,3.687262773513794,0.9007692337036133,0.9459591507911682
SB83614_component_2714a,28.596861,0.3287,3.0799999237060547,13.333333015441895,28.596668243408203,0.32873624563217163,3.119885206222534,0.9400550127029419,0.9872157573699951
SB83614_component_2721a,28.710103,0.556868,3.250999927520752,14.513392448425293,28.710277557373047,0.5568839907646179,1.8117436170578003,1.708682656288147,1.7944039106369019
SB83614_component_2727a,27.219973,2.284474,3.2090001106262207,12.53515625,27.219900131225586,2.284677028656006,3.5267345905303955,0.8664392232894897,0.9099068641662598
SB83614_component_2733a,30.567309,0.399696,3.2209999561309814,12.731225967407227,30.56746482849121,0.39972811937332153,3.373300075531006,0.9092366099357605,0.9548512697219849
SB83614_component_2738a,27.90387,2.404854,2.686000108718872,10.022388458251953,27.903907775878906,2.404749631881714,2.7980740070343018,0.9140879511833191,0.9599460363388062
SB83614_component_2741a,25.159318,-0.399332,2.8959999084472656,10.16140365600586,25.159151077270508,-0.3991280794143677,2.807631254196167,0.9821993112564087,1.0314744710922241
SB83614_component_2747a,25.359758,-1.952381,3.2009999752044678,10.887755393981934,25.359601974487305,-1.9521760940551758,3.2742066383361816,0.9309379458427429,0.9776414036750793
SB83614_component_2761a,29.479013,-1.750019,3.1110000610351562,10.8776216506958,29.47914695739746,-1.7500617504119873,3.4783241748809814,0.8516696095466614,0.8943962454795837
SB83614_component_2762a,29.180529,-1.810749,3.2149999141693115,11.16319465637207,29.1801815032959,-1.8106030225753784,2.6993496417999268,1.1341303586959839,1.1910276412963867
SB83614_component_2768a,27.655118,-2.335841,3.0369999408721924,11.417292594909668,27.655336380004883,-2.3358840942382812,2.764950752258301,1.0459202527999878,1.0983920097351074
SB83614_component_2771a,29.678086,-0.597524,3.4809999465942383,12.75091552734375,29.677934646606445,-0.5971527099609375,3.2934913635253906,1.0064417123794556,1.056933045387268
SB83614_component_2775a,29.3573,2.64904,2.9749999046325684,11.94779109954834,29.357410430908203,2.6492674350738525,2.735233783721924,1.0356992483139038,1.087658405303955
SB83614_component_2794a,28.269582,1.52904,3.053999900817871,13.453743934631348,28.269378662109375,1.5290553569793701,2.605048656463623,1.1163345575332642,1.1723389625549316
SB83614_component_2804a,27.316048,-0.845564,2.7939999103546143,10.664121627807617,27.316299438476562,-0.845439076423645,3.0424556732177734,0.8744667172431946,0.9183371067047119
SB83614_component_2808a,29.452365,-2.026044,3.380000114440918,10.336392402648926,29.4522705078125,-2.026235818862915,2.7811810970306396,1.1572538614273071,1.215311050415039
SB83614_component_2830a,29.443332,0.435493,2.937999963760376,12.609441757202148,29.443437576293945,0.43498700857162476,2.969693422317505,0.9420660138130188,0.9893277287483215
SB83614_component_2837a,30.052015,0.254286,3.0179998874664307,12.268291473388672,30.05181884765625,0.2540973722934723,2.5426435470581055,1.1302510499954224,1.1869535446166992
SB83614_component_2843a,25.276838,-0.065662,3.2200000286102295,10.662252426147461,25.276580810546875,-0.06571831554174423,2.3602449893951416,1.2990920543670654,1.3642652034759521
SB83614_component_2861a,29.857738,-0.26556,2.878000020980835,11.651822090148926,29.8577880859375,-0.26536738872528076,2.817312002182007,0.9727405309677124,1.0215411186218262
SB83614_component_2870a,25.662266,-2.08954,2.8889999389648438,10.699999809265137,25.661996841430664,-2.0896735191345215,2.1824588775634766,1.260499358177185,1.323736310005188
SB83614_component_2877a,29.889714,0.454494,2.640000104904175,10.645161628723145,29.88979721069336,0.4545278251171112,3.408802032470703,0.7374683022499084,0.7744656801223755
SB83614_component_2885a,29.588074,0.464712,2.6459999084472656,11.760000228881836,29.587974548339844,0.4647597372531891,2.952216625213623,0.8534592390060425,0.8962756395339966
SB83614_component_2887a,29.432897,0.601868,2.625,11.029411315917969,29.433141708374023,0.6015787720680237,2.902022361755371,0.8613302707672119,0.9045416116714478
SB83614_component_2892a,30.554399,1.630082,2.7009999752044678,10.003703117370605,30.55449867248535,1.6298563480377197,2.258897304534912,1.1385949850082397,1.195716142654419
SB83614_component_2901a,28.957994,-0.310127,3.1600000858306885,14.234234809875488,28.957992553710938,-0.309953510761261,2.8548333644866943,1.0540167093276978,1.1068947315216064
SB83614_component_2911a,29.53763,-0.219963,2.5969998836517334,10.68724250793457,29.5375919342041,-0.22024381160736084,2.4239819049835205,1.0201963186264038,1.0713776350021362
SB83614_component_2912a,25.87016,-1.649037,2.993000030517578,10.465034484863281,25.87045669555664,-1.6490097045898438,2.5514934062957764,1.117000699043274,1.1730384826660156
SB83614_component_2926a,26.606595,-1.134246,2.615000009536743,10.057692527770996,26.607044219970703,-1.1343193054199219,2.4537792205810547,1.014792799949646,1.06570303440094
SB83614_component_2928a,29.22923,0.273977,3.0380001068115234,12.711297988891602,29.229225158691406,0.27414441108703613,1.9695712327957153,1.46878182888031,1.542467713356018
SB83614_component_2938a,27.482462,2.214,2.8239998817443848,12.44052791595459,27.482227325439453,2.2144546508789062,1.660230040550232,1.61971116065979,1.7009689807891846
SB83614_component_2948a,27.372529,-2.755686,2.7290000915527344,10.744094848632812,27.372875213623047,-2.75516939163208,2.688225746154785,0.9666717052459717,1.0151677131652832
SB83614_component_2956a,29.565457,2.28391,2.9749999046325684,10.897435188293457,29.565279006958008,2.283935785293579,2.320713996887207,1.2206932306289673,1.281933069229126
SB83614_component_2958a,29.510377,0.302333,2.934999942779541,12.12809944152832,29.51018714904785,0.30239489674568176,3.0831592082977295,0.9064697623252869,0.9519456028938293
SB83614_component_2962a,26.419641,-0.680056,3.0230000019073486,11.073260307312012,26.41952133178711,-0.6798678636550903,2.0913190841674805,1.3764455318450928,1.4454991817474365
SB83614_component_2971a,29.37795,-2.269021,2.997999906539917,10.162712097167969,29.37834358215332,-2.268681764602661,2.3626058101654053,1.208318829536438,1.2689378261566162
SB83614_component_2975a,29.23651,1.621997,3.1089999675750732,13.173728942871094,29.23647689819336,1.6218998432159424,2.2401328086853027,1.321563720703125,1.387864112854004
SB83614_component_2982a,27.60816,1.103424,2.8580000400543213,10.784906387329102,27.608264923095703,1.1033985614776611,1.9517321586608887,1.3943865299224854,1.464340329170227
SB83614_component_2989a,29.703396,1.735471,3.055000066757202,11.841086387634277,29.703903198242188,1.735756278038025,3.154987096786499,0.9220507144927979,0.9683082699775696
SB83614_component_3003a,27.271813,-0.946612,2.997999906539917,11.270676612854004,27.271926879882812,-0.9466782212257385,2.842627763748169,1.0042753219604492,1.0546579360961914
SB83614_component_3006a,30.035519,2.400033,2.6559998989105225,10.97520637512207,30.03533363342285,2.4000515937805176,2.542773962020874,0.9946298599243164,1.0445284843444824
SB83614_component_3052a,28.875964,2.929619,2.888000011444092,10.425992012023926,28.876317977905273,2.9293620586395264,2.5644943714141846,1.0723501443862915,1.1261478662490845
SB83614_component_3053a,27.379362,2.580091,2.809000015258789,10.365313529968262,27.379457473754883,2.58012056350708,2.42311954498291,1.1038702726364136,1.1592494249343872
SB83614_component_3071a,29.149321,0.866008,2.4700000286102295,10.833333015441895,29.14902114868164,0.8659269213676453,2.606135129928589,0.9024875164031982,0.9477636218070984
SB83614_component_3080a,27.968814,2.878932,2.562000036239624,10.675000190734863,27.968730926513672,2.879267692565918,2.9891669750213623,0.8161502480506897,0.8570950031280518
SB83614_component_3085a,29.320138,0.004093,2.2750000953674316,10.43578052520752,29.3200740814209,0.0037895620334893465,3.2065746784210205,0.6755868792533875,0.7094798684120178
SB83614_component_3091a,28.013347,2.988688,2.6619999408721924,10.007518768310547,28.013032913208008,2.9889028072357178,2.9671072959899902,0.854310929775238,0.8971701264381409
SB83614_component_3095a,28.125428,0.663238,2.559999942779541,10.801687240600586,28.125228881835938,0.6631011366844177,2.233668804168701,1.0913457870483398,1.1460964679718018
SB83614_component_3125a,28.646928,0.402353,2.5769999027252197,11.71363639831543,28.64687728881836,0.4025558531284332,2.3539605140686035,1.0424528121948242,1.0947506427764893
SB83614_component_3139a,30.413476,2.220469,2.549999952316284,10.282258033752441,30.413352966308594,2.220705032348633,2.2151989936828613,1.0961464643478394,1.1511380672454834
SB83614_component_3142a,28.827356,-1.108336,2.484999895095825,10.226337432861328,28.827423095703125,-1.1084843873977661,2.111518383026123,1.120656967163086,1.1768782138824463
SB83614_component_3147a,28.712821,-1.465241,2.6040000915527344,10.251968383789062,28.712812423706055,-1.4652258157730103,1.8810728788375854,1.318185567855835,1.3843164443969727
SB83614_component_3155a,28.014609,-2.015649,2.5920000076293945,10.983050346374512,28.014982223510742,-2.0154855251312256,2.301071882247925,1.0726202726364136,1.1264315843582153
SB83614_component_3160a,28.234379,2.706199,2.5759999752044678,10.303999900817871,28.2347354888916,2.7063167095184326,2.2624387741088867,1.0842019319534302,1.138594388961792
SB83614_component_3166a,29.677251,0.882032,2.4609999656677246,10.841409683227539,29.677087783813477,0.8820548057556152,2.491173267364502,0.9406949877738953,0.9878879189491272
SB83614_component_3206a,29.154789,0.469389,2.3329999446868896,10.143477439880371,29.154874801635742,0.46908316016197205,2.7149994373321533,0.818250298500061,0.8593003153800964
SB83614_component_3212a,30.145791,-0.120088,2.680000066757202,12.350231170654297,30.145626068115234,-0.12027820199728012,1.6654767990112305,1.5322774648666382,1.6091488599777222
SB83614_component_3226a,28.696549,0.640655,2.632999897003174,12.781553268432617,28.696245193481445,0.6407202482223511,2.318925142288208,1.0811980962753296,1.1354397535324097
SB83614_component_3243a,28.4539,-1.258879,2.4700000286102295,10.0,28.45351791381836,-1.2588796615600586,2.0929455757141113,1.123777151107788,1.1801549196243286
SB83614_component_3260a,28.701005,-0.556621,2.615000009536743,11.94063949584961,28.70134162902832,-0.5564746856689453,2.7642109394073486,0.9008275866508484,0.9460204243659973
SB83614_component_3318a,27.592456,-0.671872,2.5439999103546143,10.918455123901367,27.59272003173828,-0.6719861626625061,2.2958438396453857,1.0551542043685913,1.1080892086029053
SB83614_component_3424a,28.752382,0.689355,2.311000108718872,10.225664138793945,28.752552032470703,0.6894388198852539,2.2712299823760986,0.9689024090766907,1.0175104141235352
