Component_ID,RA,DEC,ASKAP_flux,ASKAP_flux_SNR,RA_comp,DEC_comp,Comp_flux,Flux_Ratio_AlphaCorr,Flux_Ratio_NOAlphaCorr
SB82768_component_3a,43.06867,8.436956,1514.678955078125,1247.67626953125,43.068749999999994,8.436888888888888,966.2,1.0886438389204998,1.5676660681827002
SB82768_component_4a,43.790642,2.895935,1196.333984375,1111.8345947265625,43.790791666666664,2.896083333333333,779.6,1.0656457821820131,1.5345484663609543
SB82768_component_7a,45.747013,2.257572,998.625,400.7323303222656,45.747125,2.257472222222222,615.4,1.12687878578326,1.6227250568735783
SB82768_component_13a,44.862784,7.794436,661.239013671875,1563.2127685546875,44.86274999999999,7.7942222222222215,834.3,0.5503874045712192,0.7925674381779636
SB82768_component_14a,43.980926,4.327961,631.8259887695312,1671.497314453125,43.98104166666666,4.3278888888888885,471.5,0.9305678614511377,1.3400339104337884
SB82768_component_15a,42.723041,5.27008,557.375,432.07366943359375,42.72324999999999,5.270277777777777,238.2,1.6249424676362672,2.3399454240134343
SB82768_component_18a,43.813295,3.064115,523.7130126953125,818.3015747070312,43.8135,3.064083333333333,337.2,1.078544478486522,1.5531228134499184
SB82768_component_19a,47.174722,7.345693,492.239990234375,1543.072021484375,47.174583333333324,7.345388888888888,411.2,0.8312966843617383,1.1970816883131687
SB82768_component_23a,44.765921,4.270914,426.2950134277344,1068.4085693359375,44.76591666666666,4.270833333333333,262.6,1.127321504615467,1.6233625796943425
SB82768_component_24a,44.838707,9.631729,421.14801025390625,744.0777587890625,44.83862499999999,9.631444444444444,337.4,0.866806053753063,1.248215798025804
SB82768_component_25a,46.01765,8.288926,415.7650146484375,1139.0821533203125,46.01754166666666,8.288916666666665,239.3,1.2065282754177236,1.7374217076825635
SB82768_component_28a,44.656851,3.849897,393.3080139160156,1101.703125,44.65687499999999,3.8497777777777773,263.9,1.0349650069207985,1.4903676162031665
SB82768_component_30a,48.42889,8.141384,369.2929992675781,1230.9765625,48.42891666666666,8.14125,234.4,1.0940715584849938,1.575482078786596
SB82768_component_32a,49.310389,8.774135,368.7510070800781,1181.894287109375,49.31037499999999,8.774138888888888,279.2,0.9171704670225961,1.3207414293699073
SB82768_component_36a,47.976482,5.863673,345.65899658203125,1090.406982421875,47.97633333333333,5.863666666666666,255.6,0.9391160787775221,1.3523434921049737
SB82768_component_38a,48.574851,8.728968,338.09698486328125,1165.8516845703125,48.57483333333332,8.72886111111111,185.1,1.2684318538878965,1.8265639376730485
SB82768_component_41a,49.361971,6.103934,303.802001953125,955.3522338867188,49.36187499999999,6.104083333333333,200.0,1.0548553176933302,1.519010009765625
SB82768_component_43a,45.172595,6.495669,322.4230041503906,992.07080078125,45.172625,6.4953055555555546,212.2,1.055146837099428,1.5194298027822368
SB82768_component_45a,44.013793,6.607021,281.3059997558594,712.1670532226562,44.01387499999999,6.60686111111111,185.6,1.0525270933957096,1.5156573262707942
SB82768_component_47a,46.527414,8.748931,253.69200134277344,960.9545288085938,46.52729166666666,8.748694444444443,185.1,0.9517713259403062,1.370567268194346
SB82768_component_51a,44.710515,5.685542,232.77200317382812,701.1205444335938,44.710583333333325,5.685388888888888,144.1,1.1217576089256636,1.61535047310082
SB82768_component_52a,50.305926,8.770619,241.31900024414062,313.808837890625,50.305833333333325,8.770638888888888,182.3,0.9192573470554061,1.3237465729245235
SB82768_component_53a,43.585034,4.536492,235.0989990234375,666.0028686523438,43.58504166666666,4.536333333333332,132.5,1.2321601604714698,1.7743320681014152
SB82768_component_56a,45.264415,8.809405,228.8470001220703,630.4324951171875,45.264374999999994,8.809166666666666,142.3,1.1167927464063978,1.6082009846948018
SB82768_component_57a,42.793763,8.512777,218.05799865722656,210.68406677246094,42.794,8.512777777777776,132.7,1.1411253670388386,1.643240381742476
SB82768_component_58a,45.958509,9.175163,216.7550048828125,742.3116455078125,45.958458333333326,9.175083333333331,162.1,0.9285779787200044,1.3371684446811383
SB82768_component_64a,48.199102,9.824876,195.48500061035156,378.846923828125,48.19904166666666,9.824749999999998,124.2,1.0930099235718826,1.5739533060414779
SB82768_component_65a,50.703407,7.184395,196.92799377441406,176.45877075195312,50.70320833333333,7.184249999999999,169.9,0.8049081753203489,1.159081776188429
SB82768_component_66a,50.202845,4.06789,202.42100524902344,278.05084228515625,50.20266666666666,4.067944444444444,135.6,1.0366404439663046,1.492780274697813
SB82768_component_67a,44.537968,2.68326,188.93600463867188,253.9462432861328,44.53787499999999,2.683194444444444,129.9,1.0100382877992948,1.4544727069951644
SB82768_component_69a,45.847326,5.51964,192.17599487304688,739.1384887695312,45.84737499999999,5.519388888888888,124.5,1.0719191937317794,1.5435822881369228
SB82768_component_73a,43.484365,8.412893,187.0590057373047,505.56488037109375,43.48437499999999,8.412916666666666,127.9,1.015641265629802,1.4625410925512485
SB82768_component_75a,48.43482,9.497094,174.5919952392578,465.5786437988281,48.43479166666666,9.496999999999998,117.8,1.029227303007649,1.482105222744124
SB82768_component_76a,48.870303,2.278103,188.35499572753906,112.18284606933594,48.87049999999999,2.278333333333333,111.4,1.1741517060084525,1.690798884448286
SB82768_component_77a,50.218332,8.544472,172.41000366210938,266.4760437011719,50.21829166666666,8.544416666666665,122.2,0.9797685979774995,1.4108838270221715
SB82768_component_80a,48.317086,2.955606,176.98699951171875,341.0154113769531,48.316958333333325,2.9555555555555553,107.9,1.1390746395867473,1.6402872985330745
SB82768_component_84a,44.078352,8.67171,155.34800720214844,459.6094970703125,44.07829166666666,8.67175,108.5,0.9942788679440934,1.4317788682225663
SB82768_component_86a,49.793949,3.90117,158.3209991455078,365.6374206542969,49.79391666666666,3.9011944444444437,112.3,0.9790187886614631,1.4098040885619574
SB82768_component_88a,48.305921,2.47621,156.03799438476562,154.79959106445312,48.30570833333333,2.476361111111111,174.3,0.621677619900057,0.8952265885528722
SB82768_component_89a,48.912196,7.186096,159.48599243164062,606.4105834960938,48.91208333333333,7.186055555555555,107.6,1.0293013318554243,1.4822118255728682
SB82768_component_90a,43.750451,7.67631,151.91700744628906,463.1615905761719,43.75041666666666,7.676249999999999,100.9,1.045556464212229,1.5056194989721412
SB82768_component_94a,49.139465,3.245326,161.24899291992188,365.6439514160156,49.13949999999999,3.2453611111111105,93.1,1.2027617015095093,1.7319977757241878
SB82768_component_95a,50.006837,7.857899,149.7259979248047,366.9754943847656,50.006874999999994,7.857888888888888,103.1,1.0084881787767253,1.4522405230339932
SB82768_component_97a,43.86343,5.988668,141.82000732421875,451.65606689453125,43.86341666666666,5.988805555555555,95.0,1.0366834348791045,1.4928421823601974
SB82768_component_98a,49.670414,4.606569,139.13400268554688,315.49658203125,49.670333333333325,4.606583333333333,120.5,0.8018229697118777,1.1546390264360737
SB82768_component_105a,44.006345,2.39967,135.02099609375,95.62393951416016,44.00637499999999,2.399666666666666,73.6,1.2739598883311933,1.8345244034476904
SB82768_component_106a,46.270656,7.337241,130.88999938964844,566.6233520507812,46.27066666666666,7.337222222222222,82.5,1.1017543603571425,1.5865454471472538
SB82768_component_107a,50.1294,4.239711,134.3159942626953,212.86212158203125,50.12908333333333,4.239861111111111,91.8,1.0160552188596044,1.4631371924040883
SB82768_component_108a,49.695295,4.149708,134.2550048828125,340.7487487792969,49.69512499999999,4.149722222222222,94.8,0.9834548087235111,1.416192034628824
SB82768_component_109a,47.82871,6.979891,136.31300354003906,590.0995483398438,47.82879166666666,6.97986111111111,85.6,1.1058488824107724,1.5924416301406434
SB82768_component_110a,48.548294,4.621367,138.72900390625,471.86737060546875,48.54829166666666,4.621277777777777,77.2,1.2479070219685426,1.7970078226198185
SB82768_component_112a,49.449715,2.811722,125.59400177001953,154.67242431640625,49.449749999999995,2.8119166666666664,88.5,0.9855028591939515,1.4191412629380737
SB82768_component_113a,50.443758,8.297772,128.3159942626953,153.85610961914062,50.44379166666666,8.297833333333331,110.7,0.804943566081637,1.1591327395004094
SB82768_component_116a,47.842541,6.369096,135.1540069580078,577.5812377929688,47.84241666666666,6.368999999999999,93.8,1.0005950460654172,1.4408742746056271
SB82768_component_117a,46.021942,5.556105,128.95599365234375,513.7689208984375,46.021833333333326,5.5561944444444435,73.8,1.213437553064612,1.7473711877011349
SB82768_component_120a,48.407368,5.738095,125.0770034790039,431.3000183105469,48.407374999999995,5.737916666666666,89.5,0.9704802322385286,1.3975084187598201
SB82768_component_124a,44.381706,9.388694,117.1969985961914,251.49571228027344,44.38166666666666,9.388666666666666,70.9,1.1478959278745107,1.6529901071395119
SB82768_component_125a,47.972941,9.123566,117.72899627685547,474.7137145996094,47.97283333333333,9.123305555555554,99.5,0.8216609010711985,1.1832059927322158
SB82768_component_126a,48.989062,6.058705,114.87000274658203,459.4800109863281,48.989,6.0586111111111105,110.9,0.7192955046890996,1.0357980409971328
SB82768_component_132a,49.818064,6.033511,113.31300354003906,336.2403564453125,49.81804166666666,6.03361111111111,68.5,1.1487391983125548,1.6542044312414461
SB82768_component_133a,43.956296,5.565318,119.58499908447266,399.9498291015625,43.956374999999994,5.565472222222222,103.3,0.803912245141922,1.157647619404382
SB82768_component_134a,50.034473,8.425509,113.58200073242188,258.7289123535156,50.034458333333326,8.425444444444443,75.9,1.0392020610450383,1.4964690478579956
SB82768_component_136a,46.190388,8.683373,110.11399841308594,390.47515869140625,46.19029166666666,8.683666666666666,68.2,1.121218923551567,1.6145747567901163
SB82768_component_137a,48.9186,5.739782,107.55699920654297,408.9619445800781,48.91854166666666,5.739555555555555,74.5,1.0025699080034896,1.4437181101549392
SB82768_component_138a,48.363497,4.51134,121.96900177001953,414.8605651855469,48.363499999999995,4.5113611111111105,82.8,1.02294290267707,1.473055576932603
SB82768_component_141a,46.598667,3.429369,110.58100128173828,235.78038024902344,46.59866666666666,3.4293333333333327,67.7,1.134290017957045,1.6333973601438445
SB82768_component_144a,49.228423,3.96426,105.9280014038086,350.7549743652344,49.22841666666666,3.964222222222222,75.9,0.9691729030249173,1.3956258419474121
SB82768_component_145a,47.944192,6.824945,110.88500213623047,497.2421569824219,47.943999999999996,6.82486111111111,70.1,1.0984670951441262,1.581811728048937
SB82768_component_147a,44.395233,5.77834,106.95600128173828,377.9364013671875,44.39529166666666,5.778277777777777,67.9,1.0938748677273729,1.5751988406736122
SB82768_component_149a,46.85477,7.771463,103.51899719238281,472.6894836425781,46.85491666666666,7.771416666666665,70.0,1.0269617708586634,1.4788428170340402
SB82768_component_151a,42.671371,5.662387,114.3030014038086,121.34076690673828,42.67158333333333,5.662749999999999,74.4,1.0668834044991509,1.5363306640296852
SB82768_component_152a,48.716069,5.665042,101.62799835205078,366.8880615234375,48.715875,5.664888888888888,83.7,0.8431797632814083,1.2141935286983367
SB82768_component_153a,49.3559,3.684428,106.98699951171875,298.8463439941406,49.35587499999999,3.684555555555555,69.3,1.0720870102050213,1.5438239467780484
SB82768_component_156a,46.05705,7.332056,102.47100067138672,405.02374267578125,46.05691666666666,7.332194444444443,61.3,1.1608410667389535,1.6716313323227852
SB82768_component_157a,50.378171,4.44112,99.13200378417969,108.93626403808594,50.377958333333325,4.441305555555555,66.3,1.0383233418894884,1.495203676986119
SB82768_component_158a,50.560105,5.722942,99.88500213623047,95.12857818603516,50.55991666666666,5.722833333333333,61.3,1.1315456243360533,1.6294453855828788
SB82768_component_159a,48.696718,2.257491,102.9280014038086,62.684532165527344,48.69662499999999,2.2577777777777777,61.1,1.1698349456064483,1.6845826743667527
SB82768_component_160a,43.514914,7.250203,93.0009994506836,297.1278076171875,43.514874999999996,7.249833333333332,59.4,1.0872600523357472,1.5656733914256498
SB82768_component_162a,46.969895,2.785992,100.83699798583984,172.0767822265625,46.96991666666666,2.786055555555555,92.3,0.7586657314556482,1.0924918525009735
SB82768_component_165a,46.273908,3.372031,94.46600341796875,323.5137023925781,46.27383333333333,3.3721388888888884,66.6,0.9849939742250114,1.4184084597292606
SB82768_component_172a,42.595658,7.586977,92.59400177001953,104.98185729980469,42.59587499999999,7.587194444444443,77.0,0.8350728992890281,1.202519503506747
SB82768_component_173a,50.017775,7.251392,92.34100341796875,247.56301879882812,50.01779166666666,7.251194444444444,98.6,0.6503541791876374,0.9365213328394397
SB82768_component_181a,48.779977,4.067836,85.78500366210938,340.41668701171875,48.77991666666666,4.067805555555555,61.5,0.9686536498398439,1.3948781083269817
SB82768_component_182a,42.716994,4.347628,92.95099639892578,96.52232360839844,42.71699999999999,4.347722222222222,60.1,1.074018688631871,1.5466055973198964
SB82768_component_183a,42.601087,3.611632,85.73400115966797,35.73739242553711,42.60141666666666,3.6117777777777773,62.5,0.9525885038174917,1.3717440185546874
SB82768_component_184a,47.440476,9.881222,83.61100006103516,189.59410095214844,47.440458333333325,9.88111111111111,47.9,1.2121606050581832,1.74553236035564
SB82768_component_186a,48.07601,6.108196,82.09500122070312,320.68359375,48.075958333333325,6.108166666666666,45.9,1.2420420202443156,1.7885621180981073
SB82768_component_187a,43.163323,4.977909,83.26599884033203,168.21414184570312,43.16358333333333,4.977888888888888,54.2,1.066843389222093,1.5362730413345393
SB82768_component_188a,43.650808,5.807208,81.54499816894531,273.64093017578125,43.65079166666666,5.807138888888888,44.6,1.2696813179388626,1.8283631876445137
SB82768_component_189a,43.286685,7.548123,79.93599700927734,232.3720703125,43.28695833333333,7.548055555555554,45.6,1.2173341746341166,1.7529823905543276
SB82768_component_192a,43.888007,6.559433,79.77899932861328,175.72467041015625,43.888458333333325,6.559138888888888,54.1,1.0240557026509045,1.4746580282553285
SB82768_component_198a,45.285022,3.301913,76.44100189208984,238.87814331054688,45.28470833333333,3.301583333333333,52.6,1.0091898810680302,1.4532509865416319
SB82768_component_206a,48.685603,5.35171,72.78700256347656,284.32421875,48.68558333333333,5.351555555555555,49.9,1.0129442658884609,1.4586573660015343
SB82768_component_207a,49.99499,3.93226,71.0250015258789,128.20396423339844,49.995083333333326,3.932333333333333,55.2,0.8935203228176044,1.2866848102514294
SB82768_component_211a,49.154886,3.402686,72.00399780273438,194.0808563232422,49.15483333333333,3.4027222222222218,50.3,0.9940789688121364,1.4314910099947193
SB82768_component_213a,45.766191,4.187835,71.50499725341797,296.70123291015625,45.76608333333333,4.187611111111111,70.7,0.7023429725412561,1.0113860997654591
SB82768_component_216a,43.638366,4.081244,71.93099975585938,226.1981201171875,43.63829166666666,4.0809999999999995,47.0,1.0627974394809283,1.530446803316157
SB82768_component_217a,47.075151,9.635371,71.08300018310547,209.6843719482422,47.075083333333325,9.635166666666665,76.6,0.6444203417521349,0.9279765036958939
SB82768_component_219a,50.365438,6.490635,70.10199737548828,106.21514129638672,50.36537499999999,6.490694444444443,98.3,0.4952324970416049,0.713143411754713
SB82768_component_222a,47.256972,9.661859,69.4469985961914,192.9083251953125,47.25666666666666,9.661527777777776,50.4,0.9568749938748723,1.3779166388133215
SB82768_component_224a,46.600736,2.38119,72.41600036621094,78.11866760253906,46.60074999999999,2.38175,36.7,1.3702529037005844,1.973188020877682
SB82768_component_225a,42.848456,3.862247,72.11599731445312,81.76416778564453,42.84879166666666,3.862055555555555,43.0,1.1646499681455131,1.677116216615189
SB82768_component_227a,47.493719,6.820492,65.4800033569336,303.1481628417969,47.49379166666666,6.820138888888888,43.7,1.0405417658978262,1.4983982461540868
SB82768_component_228a,49.740411,3.005631,65.62300109863281,79.736328125,49.740333333333325,3.0057499999999995,54.1,0.8423470971767276,1.2129944750209392
SB82768_component_233a,48.998266,2.81379,71.61000061035156,107.20059967041016,48.99816666666666,2.8139999999999996,39.2,1.2685858743762457,1.8267857298559071
SB82768_component_235a,45.727052,5.438239,65.13400268554688,297.41552734375,45.726749999999996,5.438138888888888,59.1,0.7653367145295472,1.1020981841886104
SB82768_component_237a,48.199492,2.970238,65.83100128173828,144.0503387451172,48.199458333333325,2.9702499999999996,45.7,1.0003374350923395,1.4405033103225007
SB82768_component_238a,43.079468,3.414295,63.87699890136719,81.26844787597656,43.07945833333333,3.414194444444444,36.1,1.2287670659421837,1.7694459529464595
SB82768_component_245a,42.487571,6.889491,62.36899948120117,52.366920471191406,42.487958333333324,6.88961111111111,33.9,1.277618935493129,1.8397934950206836
SB82768_component_250a,48.453734,5.798775,61.058998107910156,186.72476196289062,48.453875,5.798611111111111,40.9,1.0367131962924536,1.4928850393132067
SB82768_component_252a,43.217249,7.200492,55.611000061035156,140.0780792236328,43.21733333333333,7.2004722222222215,42.2,0.9151252004882976,1.3177962099771363
SB82768_component_253a,46.582842,7.502872,57.89699935913086,242.2468719482422,46.58295833333333,7.503138888888888,37.5,1.072153701157677,1.5439199829101562
SB82768_component_254a,46.358117,5.685632,59.31100082397461,246.10374450683594,46.358124999999994,5.685638888888888,36.2,1.137781695897737,1.6384254371263702
SB82768_component_257a,47.507955,8.384723,55.731998443603516,267.9422912597656,47.508041666666664,8.3845,47.2,0.8199641758470158,1.1807626788899048
SB82768_component_258a,48.154938,3.459545,57.34400177001953,187.39869689941406,48.154708333333325,3.459777777777777,35.3,1.1280946835571588,1.624475970822083
SB82768_component_265a,49.819764,9.973504,61.222999572753906,55.155853271484375,49.81979166666666,9.973388888888888,50.4,0.8435606797324281,1.2147420550149586
SB82768_component_268a,43.547644,8.367191,54.766998291015625,144.12368774414062,43.54741666666666,8.367138888888888,52.5,0.7244224419347234,1.043180919828869
SB82768_component_269a,46.973655,8.930697,56.542999267578125,233.6487579345703,46.97366666666666,8.930305555555554,68.9,0.5698911075798435,0.8206531098342252
SB82768_component_270a,46.39161,5.236975,57.26900100708008,235.67489624023438,46.39154166666666,5.23711111111111,37.2,1.0690768574107286,1.5394892743838728
SB82768_component_272a,45.586658,9.927454,55.42900085449219,104.97917175292969,45.58666666666666,9.927194444444444,61.2,0.6289525596359543,0.9057026283413756
SB82768_component_273a,48.86493,5.413515,54.321998596191406,213.8661346435547,48.86487499999999,5.413194444444444,39.2,0.9623253665641374,1.3857652703110053
SB82768_component_274a,43.726024,3.717138,53.14699935913086,142.48526000976562,43.72591666666666,3.7168888888888882,32.8,1.1252192846119085,1.6203353463149655
SB82768_component_275a,47.516382,3.272225,56.858001708984375,148.45431518554688,47.516124999999995,3.2721111111111107,35.9,1.0998397316092106,1.5837883484396762
SB82768_component_276a,45.250397,2.362762,59.15800094604492,61.75156784057617,45.25037499999999,2.362805555555555,77.4,0.5307680718340206,0.7643152577008387
SB82768_component_277a,46.79916,10.176516,56.70899963378906,84.76681518554688,46.799125,10.176166666666665,44.9,0.8770773708593028,1.263006673358331
SB82768_component_278a,44.57574,3.418042,53.678001403808594,158.34219360351562,44.57554166666666,3.417722222222222,35.6,1.0470769522479249,1.5078090281968706
SB82768_component_279a,48.53422,3.626426,54.11600112915039,175.1326904296875,48.534375,3.6263611111111107,37.0,1.0156784405701893,1.4625946251121726
SB82768_component_280a,46.610959,6.015878,54.125,238.43612670898438,46.611083333333326,6.015666666666666,42.1,0.8927874451654008,1.28562945368171
SB82768_component_281a,46.944258,8.107839,60.51499938964844,244.01210021972656,46.94441666666666,8.107666666666665,42.7,0.9841638736506451,1.4172131004601507
SB82768_component_282a,46.3548,8.74803,52.939998626708984,196.07406616210938,46.35462499999999,8.748083333333332,33.2,1.1073326434759299,1.5945782718888246
SB82768_component_285a,49.053,9.078783,52.7239990234375,184.99649047851562,49.05295833333333,9.078888888888887,54.9,0.6669115819884295,0.9603642809369308
SB82768_component_290a,47.076762,4.248098,56.69599914550781,110.51851654052734,47.07616666666666,4.248361111111111,28.2,1.3961612036807125,2.0104964235995677
SB82768_component_292a,48.581985,2.645611,51.520999908447266,64.32084655761719,48.58191666666666,2.645805555555555,33.1,1.080907549618415,1.5565256769923645
SB82768_component_294a,47.526446,2.74813,52.9739990234375,93.75929260253906,47.526083333333325,2.748305555555555,33.3,1.1047163623048415,1.5908107814846097
SB82768_component_298a,48.613217,4.408085,49.36899948120117,205.70416259765625,48.61316666666666,4.407916666666666,32.5,1.0548804063606896,1.519046137883113
SB82768_component_299a,46.482658,4.130511,48.41400146484375,145.8253173828125,46.482791666666664,4.130638888888888,32.0,1.0506383797604733,1.5129375457763672
SB82768_component_300a,50.354197,4.980162,49.73400115966797,62.954429626464844,50.35416666666666,4.980472222222222,33.5,1.0309577173775064,1.4845970495423275
SB82768_component_302a,44.69184,5.310307,49.611000061035156,183.7444305419922,44.69166666666666,5.3102222222222215,27.1,1.27127923005652,1.8306642088942862
SB82768_component_305a,45.488335,10.26635,53.952999114990234,60.21540069580078,45.488249999999994,10.266027777777776,37.5,0.9991175420142191,1.4387466430664062
SB82768_component_306a,49.726651,10.079859,51.15399932861328,41.45380783081055,49.72666666666666,10.079444444444443,42.1,0.8437810322509982,1.2150593664753748
SB82768_component_308a,50.112792,5.236157,49.641998291015625,111.8062973022461,50.11274999999999,5.236333333333333,31.5,1.094387092795271,1.5759364536830358
SB82768_component_309a,44.927611,2.394239,50.15800094604492,50.10789108276367,44.927791666666664,2.3940277777777776,36.4,0.956910007440701,1.3779670589572781
SB82768_component_312a,47.712128,9.308067,50.83599853515625,184.1884002685547,47.71220833333333,9.307694444444444,32.6,1.0828941791865003,1.5593864581336272
SB82768_component_317a,47.216399,9.017805,45.78499984741211,199.06521606445312,47.21637499999999,9.01761111111111,28.4,1.1195336141639909,1.6121478819511308
SB82768_component_318a,43.084559,7.97206,44.805999755859375,79.86809539794922,43.08454166666666,7.972027777777777,31.7,0.9815426397941747,1.4134384781028195
SB82768_component_319a,45.625689,4.784595,46.47200012207031,214.1566925048828,45.62562499999999,4.784305555555555,32.0,1.0084947625726695,1.4522500038146973
SB82768_component_320a,50.038543,3.641649,45.9119987487793,70.85185241699219,50.03833333333333,3.6413888888888883,29.7,1.0734999076844787,1.5458585437299428
SB82768_component_321a,47.437159,4.520072,44.70899963378906,133.85928344726562,47.43695833333333,4.519944444444444,32.1,0.9672131245929525,1.3928037269093165
SB82768_component_322a,45.740641,8.708269,43.823001861572266,157.07168579101562,45.7405,8.708194444444443,29.4,1.0351113096032798,1.4905782946113015
SB82768_component_324a,44.530819,3.086997,47.01900100708008,108.58892059326172,44.53091666666666,3.087055555555555,30.0,1.0883896512878413,1.567300033569336
SB82768_component_325a,50.069455,8.681977,44.41600036621094,97.83260345458984,50.06949999999999,8.68186111111111,29.9,1.0315743158572117,1.4854849620806334
SB82768_component_327a,43.83358,6.185555,44.43299865722656,138.42054748535156,43.833375,6.185805555555555,24.1,1.2803268161939476,1.843692890341351
SB82768_component_328a,46.86628,7.733793,44.095001220703125,198.62612915039062,46.86654166666666,7.73386111111111,34.6,0.8850045856669313,1.2744220005983562
SB82768_component_329a,45.534566,8.682201,42.83300018310547,161.63397216796875,45.534499999999994,8.681638888888887,35.5,0.8378811167027119,1.2065633854395907
SB82768_component_330a,48.578715,9.657015,43.79899978637695,111.16497802734375,48.57849999999999,9.657027777777776,31.0,0.9811485353529573,1.4128709608508694
SB82768_component_331a,49.836647,4.274271,48.89400100708008,117.25180053710938,49.836499999999994,4.274472222222221,35.2,0.964595373310611,1.3890341195193203
SB82768_component_337a,45.953122,4.508101,46.93000030517578,193.12757873535156,45.953083333333325,4.507833333333333,31.0,1.0512865884635747,1.5138709775863155
SB82768_component_339a,47.663178,5.836904,41.279998779296875,166.4516143798828,47.66266666666666,5.836944444444444,22.5,1.2740586433640904,1.8346666124131945
SB82768_component_340a,46.723695,4.452909,42.53300094604492,151.90357971191406,46.723749999999995,4.452472222222221,28.5,1.036366644086148,1.4923859981068395
SB82768_component_341a,46.660661,9.689443,41.45800018310547,117.44476318359375,46.660624999999996,9.689138888888888,30.8,0.9347379892279506,1.3460389669839437
SB82768_component_343a,44.638544,5.574035,43.090999603271484,148.58966064453125,44.63866666666666,5.573722222222221,23.0,1.3010410322743415,1.873521721881369
SB82768_component_344a,48.31325,6.13838,41.87900161743164,164.23138427734375,48.31295833333333,6.138194444444443,26.4,1.1016018425434941,1.5863258188421077
SB82768_component_345a,43.32491,5.830059,41.83599853515625,103.29875946044922,43.324999999999996,5.829972222222222,29.0,1.0018077845644213,1.442620639143319
SB82768_component_353a,43.731777,8.050038,38.38600158691406,131.01023864746094,43.73166666666666,8.04947222222222,18.4,1.448729537180764,2.0861957384192427
SB82768_component_355a,44.972803,3.392728,40.74599838256836,130.1789093017578,44.97295833333333,3.3926388888888885,23.1,1.2249130020419403,1.7638960338774181
SB82768_component_356a,43.525275,8.483272,38.84199905395508,103.57866668701172,43.52524999999999,8.483249999999998,21.8,1.237306631464664,1.781743075869499
SB82768_component_361a,50.353355,4.021912,41.90800094604492,43.47303009033203,50.353249999999996,4.022055555555555,28.6,1.0175673714157036,1.465314718393179
SB82768_component_365a,46.45082,5.392073,40.016998291015625,164.00408935546875,46.45074999999999,5.392138888888888,96.0,0.2894713166663881,0.4168437321980794
SB82768_component_367a,46.15862,4.424156,39.13800048828125,157.18072509765625,46.15854166666666,4.42411111111111,23.6,1.1516457048332125,1.658389851198358
SB82768_component_370a,49.915779,5.701734,38.60300064086914,99.49226379394531,49.91595833333333,5.701499999999999,25.4,1.0554061201161962,1.519803174837368
SB82768_component_373a,42.608338,4.116383,36.51599884033203,29.400964736938477,42.608624999999996,4.1163333333333325,43.7,0.5802751980588998,0.83560638078563
SB82768_component_375a,43.326865,7.242029,41.70399856567383,133.23960876464844,43.32699999999999,7.241833333333332,31.1,0.9312141548034432,1.3409645841052678
SB82768_component_377a,47.480644,8.01839,38.93199920654297,188.9902801513672,47.48054166666666,8.018416666666665,25.9,1.043852660879665,1.5031659925306167
SB82768_component_380a,48.977165,7.873037,37.268001556396484,161.3333282470703,48.97691666666666,7.87311111111111,28.8,0.8986195817421878,1.2940278318193223
SB82768_component_381a,48.181814,9.737328,39.93899917602539,90.56462097167969,48.18191666666666,9.73711111111111,26.4,1.0505712500877644,1.5128408778797497
SB82768_component_382a,45.072063,8.751895,37.803001403808594,111.84320068359375,45.07212499999999,8.75161111111111,23.6,1.1123630142918408,1.60182209338172
SB82768_component_383a,44.844873,5.273259,41.94499969482422,168.4538116455078,44.84462499999999,5.2732777777777775,26.3,1.1075330831789791,1.5948669085484493
SB82768_component_385a,47.900508,6.533968,40.71699905395508,171.8016815185547,47.900499999999994,6.5338055555555545,28.2,1.002672062688934,1.443865214679258
SB82768_component_386a,46.117981,9.852546,37.689998626708984,89.10164642333984,46.11766666666666,9.852916666666665,27.1,0.9658042042298258,1.3907748570741323
SB82768_component_387a,44.12368,4.719612,38.367000579833984,139.516357421875,44.123458333333325,4.719583333333333,24.5,1.0874868775404394,1.5660000236666933
SB82768_component_388a,44.684649,7.764742,37.891998291015625,126.30665588378906,44.684458333333325,7.76436111111111,24.8,1.061031039697119,1.5279031568957913
SB82768_component_392a,45.285406,7.553677,37.11000061035156,112.11480712890625,45.285083333333326,7.552916666666666,25.5,1.0106087215929678,1.4552941415824143
SB82768_component_398a,47.58801,9.564327,35.749000549316406,118.37417602539062,47.58791666666666,9.564083333333333,62.2,0.39912210431304024,0.5747427741047654
SB82768_component_402a,43.053618,9.309643,35.56399917602539,39.25386047363281,43.05383333333333,9.30961111111111,31.0,0.7966749440178822,1.1472257798717869
SB82768_component_403a,47.945947,8.698605,36.12799835205078,162.0089569091797,47.945874999999994,8.698416666666665,24.4,1.0282206814347408,1.4806556701660156
SB82768_component_405a,48.498935,6.809084,35.54999923706055,161.59091186523438,48.498999999999995,6.809333333333332,23.2,1.0641035000939019,1.5323275533215754
SB82768_component_406a,46.54282,5.664249,36.055999755859375,147.77049255371094,46.542958333333324,5.664222222222222,28.9,0.8663870659498298,1.2476124482996325
SB82768_component_407a,44.448722,2.812407,36.819000244140625,62.8310546875,44.44879166666666,2.8123611111111106,24.7,1.0351595649593517,1.490647783163588
SB82768_component_409a,43.408174,5.64919,37.2140007019043,111.75375366210938,43.40829166666666,5.649333333333333,35.1,0.7362605075170984,1.0602279402251935
SB82768_component_410a,46.371851,9.991928,34.79999923706055,74.20042419433594,46.37145833333333,9.991777777777777,27.1,0.8917481240376093,1.284132813175666
SB82768_component_413a,48.599688,6.332305,37.25600051879883,130.26573181152344,48.59958333333333,6.332027777777777,28.8,0.8983302083672791,1.2936111291249592
SB82768_component_414a,47.870001,9.467958,38.87200164794922,120.72050476074219,47.86987499999999,9.467472222222222,27.3,0.9887955842096373,1.423882844247224
SB82768_component_416a,44.582712,4.951637,34.02899932861328,130.37930297851562,44.582874999999994,4.951361111111111,22.4,1.0549537512096503,1.5191517557416645
SB82768_component_419a,49.621219,5.810824,34.0260009765625,110.83387756347656,49.620999999999995,5.810944444444444,21.0,1.1251848506346895,1.6202857607886905
SB82768_component_423a,50.488298,6.776025,34.9640007019043,48.29281997680664,50.48791666666666,6.776222222222222,25.9,0.9374618799834838,1.349961417061942
SB82768_component_427a,45.937314,8.909213,34.54499816894531,131.85113525390625,45.93691666666666,8.908916666666666,21.4,1.1209949638235197,1.614252250885295
SB82768_component_428a,49.332088,6.713311,32.6510009765625,130.08367919921875,49.331875,6.712916666666666,14.5,1.5637263647312474,2.2517931707974137
SB82768_component_432a,49.090964,4.526125,32.9370002746582,121.53874969482422,49.09079166666666,4.526194444444444,32.4,0.7059456948369851,1.016574082551179
SB82768_component_439a,49.55173,6.711739,32.77799987792969,129.0472412109375,49.55149999999999,6.711999999999999,25.2,0.903262893038681,1.3007142808702257
SB82768_component_443a,47.061339,10.302689,33.64500045776367,39.958431243896484,47.061208333333326,10.302472222222221,23.3,1.0027597152939975,1.4439914359555224
SB82768_component_445a,49.461989,8.453632,31.81999969482422,124.29686737060547,49.461833333333324,8.453583333333333,21.4,1.0325679923998363,1.4869158735899168
SB82768_component_446a,49.357088,7.687304,30.989999771118164,127.00819396972656,49.357208333333325,7.687305555555555,18.3,1.1759876046574205,1.6934426104436155
SB82768_component_447a,42.494145,7.3314,32.98699951171875,31.476144790649414,42.49495833333333,7.331249999999999,20.7,1.1066358350542485,1.593574855638587
SB82768_component_451a,49.763281,4.936051,31.1560001373291,85.8292007446289,49.76341666666666,4.935555555555555,45.5,0.475513182517852,0.6847472557654748
SB82768_component_452a,50.270059,7.443816,31.599000930786133,59.285179138183594,50.26966666666666,7.443833333333332,23.4,0.9377557917795984,1.3503846551618006
SB82768_component_453a,45.889084,6.565722,33.707000732421875,134.2908477783203,45.889083333333325,6.565416666666666,21.0,1.1146360282120065,1.6050952729724703
SB82768_component_454a,42.482244,4.772402,33.37300109863281,31.30675506591797,42.482375,4.772944444444444,19.4,1.194609031165502,1.7202577885893204
SB82768_component_457a,45.837196,5.028893,31.67300033569336,145.95852661132812,45.83749999999999,5.028777777777777,18.6,1.1825200743231348,1.7028494804136214
SB82768_component_460a,42.711418,7.710998,30.90999984741211,43.96870422363281,42.711625,7.71161111111111,20.6,1.0419911812555533,1.5004854294860246
SB82768_component_461a,46.170537,9.867686,32.42900085449219,73.87016296386719,46.17066666666666,9.86736111111111,25.4,0.8866089527467838,1.2767323171059917
SB82768_component_462a,44.746138,2.910906,32.03900146484375,64.98783111572266,44.746249999999996,2.9104999999999994,32.3,0.6888246985270463,0.9919195499951626
SB82768_component_463a,49.069433,6.511153,31.180999755859375,126.75202941894531,49.06949999999999,6.511388888888888,20.3,1.066660612857861,1.536009840190117
SB82768_component_464a,47.429201,9.608286,29.68899917602539,82.93016052246094,47.42929166666666,9.60822222222222,22.8,0.9042592739154871,1.3021490866677803
SB82768_component_466a,48.707377,3.444497,30.624000549316406,87.24786376953125,48.70766666666666,3.4447499999999995,17.2,1.2364191924272774,1.7804651482160703
SB82768_component_469a,50.214749,7.02444,29.45199966430664,57.976375579833984,50.21479166666666,7.024722222222222,18.5,1.105542185917474,1.591999981854413
SB82768_component_471a,48.010701,9.214441,30.677000045776367,114.89513397216797,48.01062499999999,9.214305555555555,21.0,1.0144388033787208,1.4608095259893508
SB82768_component_477a,43.060715,5.125498,29.841999053955078,59.9236946105957,43.06058333333333,5.125583333333332,19.9,1.0413748782320593,1.499597942409803
SB82768_component_480a,48.278779,5.722546,28.895999908447266,106.62730407714844,48.278833333333324,5.721666666666666,26.3,0.7629819073306877,1.0987072208535082
SB82768_component_483a,48.907002,4.179118,29.29599952697754,108.50370025634766,48.90716666666666,4.179611111111111,19.4,1.0486700164757246,1.5101030684009042
SB82768_component_487a,44.489736,8.052608,27.85300064086914,91.62171936035156,44.48958333333333,8.052833333333332,16.7,1.158211249505068,1.6678443497526432
SB82768_component_491a,43.739088,4.137031,27.363000869750977,86.5917739868164,43.739,4.1371111111111105,15.4,1.2338866466914946,1.776818238295518
SB82768_component_494a,45.609559,10.347307,29.618000030517578,31.013612747192383,45.60966666666666,10.34711111111111,19.5,1.054759337374602,1.5188717964367988
SB82768_component_497a,43.754059,3.872398,27.868000030517578,91.0718994140625,43.75420833333333,3.872388888888888,16.5,1.172881453557557,1.688969698819247
SB82768_component_499a,48.551555,6.603921,29.8439998626709,121.81224060058594,48.55179166666666,6.604138888888888,21.9,0.9463355940880408,1.3627397197566622
SB82768_component_500a,46.35764,4.157271,29.10700035095215,112.81783294677734,46.357375,4.156999999999999,18.7,1.0809064426500206,1.5565240829386175
SB82768_component_502a,44.740838,6.951142,30.27899932861328,116.45769500732422,44.74066666666666,6.951111111111111,18.9,1.112530625571409,1.6020634565403853
SB82768_component_504a,48.545978,3.368745,31.232999801635742,92.67951965332031,48.54599999999999,3.368527777777777,19.5,1.112272879365606,1.6016922975197816
SB82768_component_505a,49.800233,9.813795,27.690000534057617,27.94147300720215,49.800124999999994,9.813805555555554,20.5,0.9379968154001223,1.3507317333686641
SB82768_component_508a,42.985551,4.372365,30.56999969482422,47.69110870361328,42.98558333333333,4.372055555555555,18.0,1.17938388719024,1.6983333163791232
SB82768_component_513a,49.015692,2.705381,27.350000381469727,37.72413635253906,49.01537499999999,2.7052499999999995,17.4,1.0915417443254265,1.5718391023833178
SB82768_component_517a,43.978051,7.617073,26.875,93.9685287475586,43.978333333333325,7.617305555555554,39.7,0.4700999738171753,0.6769521410579344
SB82768_component_518a,48.752537,9.718491,26.30299949645996,58.32150650024414,48.75241666666666,9.718166666666665,21.4,0.8535397751298943,1.229112126002802
SB82768_component_519a,44.120484,6.393062,27.23900032043457,81.55389404296875,44.12029166666666,6.392777777777777,14.0,1.3511245647746448,1.9456428800310408
SB82768_component_522a,45.035093,9.26642,27.319000244140625,82.53474426269531,45.03541666666666,9.266194444444443,26.4,0.7186098006898266,1.0348106153083572
SB82768_component_529a,46.333105,3.953055,29.30900001525879,112.7269287109375,46.33308333333333,3.9533333333333327,21.0,0.9692012536864597,1.3956666673932756
SB82768_component_530a,49.189101,8.055513,26.304000854492188,112.41026306152344,49.189249999999994,8.055555555555555,17.6,1.0378662822102627,1.494545503096147
SB82768_component_534a,44.655608,7.111892,25.13800048828125,98.1953125,44.655583333333325,7.111638888888888,16.3,1.0709652682959145,1.54220861891296
SB82768_component_536a,47.172294,4.091206,25.78700065612793,32.35508346557617,47.17266666666666,4.0923333333333325,10.7,1.6735909335563162,2.4100000613203676
SB82768_component_540a,50.530058,7.773823,26.96500015258789,34.65938186645508,50.52979166666666,7.773722222222221,20.7,0.9046119957195898,1.3026570122023136
SB82768_component_542a,43.120398,4.060664,27.288000106811523,49.16756820678711,43.120416666666664,4.060388888888888,14.1,1.343955398947548,1.9353191565114556
SB82768_component_545a,50.169661,8.461483,25.43899917602539,48.54771041870117,50.17004166666666,8.461527777777777,17.8,0.9924583266462751,1.4291572570800781
SB82768_component_547a,48.579578,9.835547,26.674999237060547,56.99786376953125,48.57941666666666,9.835444444444443,16.8,1.1026238821345267,1.5877975736345562
SB82768_component_548a,42.943151,3.230458,26.018999099731445,24.40806770324707,42.943,3.2310277777777774,16.3,1.1084988388247214,1.5962576134804567
SB82768_component_550a,44.076259,8.137591,24.375,95.96456146240234,44.07558333333333,8.137805555555554,15.3,1.1063319493253267,1.5931372549019607
SB82768_component_554a,50.192342,2.977464,25.979999542236328,30.492958068847656,50.191958333333325,2.9785277777777774,16.3,1.1068373235591915,1.5938650025911858
SB82768_component_557a,44.888013,4.45736,25.090999603271484,95.04166412353516,44.88770833333333,4.4569722222222214,14.2,1.227048927048343,1.7669718030472876
SB82768_component_558a,47.430291,3.87805,25.732999801635742,88.73448181152344,47.43062499999999,3.878444444444444,12.4,1.4411228103812685,2.0752419194867535
SB82768_component_560a,46.891091,4.884851,26.58099937438965,91.03082275390625,46.89124999999999,4.8846388888888885,16.2,1.1394323658097425,1.6408024305178797
SB82768_component_561a,44.817399,8.189208,24.3439998626709,75.83800506591797,44.817125,8.18911111111111,13.4,1.2615933740019778,1.8167164076620073
SB82768_component_562a,46.954203,9.349879,23.961999893188477,88.7481460571289,46.95437499999999,9.349388888888887,19.7,0.8446739421349714,1.2163451722430698
SB82768_component_564a,45.299201,4.695851,24.808000564575195,109.76991271972656,45.299249999999994,4.695305555555555,16.0,1.076723126766911,1.5505000352859497
SB82768_component_569a,44.689239,7.043244,24.315000534057617,87.46403503417969,44.68937499999999,7.043055555555554,14.3,1.1807841281318616,1.7003496876963369
SB82768_component_570a,46.115185,7.603369,25.21500015258789,98.49608612060547,46.114999999999995,7.603722222222221,14.7,1.191170422876902,1.7153061328291084
SB82768_component_571a,46.217868,9.51225,24.135000228881836,71.83036041259766,46.217999999999996,9.512749999999999,16.6,1.009651465697489,1.4539156764386647
SB82768_component_575a,49.276044,5.980673,25.67300033569336,100.67843627929688,49.27604166666666,5.980527777777777,15.5,1.1502101326668288,1.6563226023027975
SB82768_component_577a,50.642989,7.637955,26.3439998626709,27.243019104003906,50.64341666666666,7.638388888888888,20.0,0.9147111660158995,1.317199993133545
SB82768_component_578a,43.828759,9.677042,24.472000122070312,37.0226936340332,43.82899999999999,9.677361111111109,12.2,1.3929704267802512,2.005901649350026
SB82768_component_580a,47.011708,10.023395,24.03700065612793,39.212074279785156,47.011624999999995,10.023444444444443,17.1,0.9761497014004402,1.4056725529899372
SB82768_component_581a,49.402214,4.92844,23.649999618530273,83.86524200439453,49.40212499999999,4.929194444444444,16.4,1.0014275866079576,1.4420731474713582
SB82768_component_582a,45.458434,3.084683,23.33099937438965,63.9205436706543,45.458458333333326,3.0843888888888884,17.5,0.9258221228282377,1.333199964250837
SB82768_component_585a,43.690519,6.708531,23.2810001373291,70.5484848022461,43.69141666666666,6.708999999999999,12.0,1.347263823049128,1.940083344777425
SB82768_component_587a,47.533962,7.100687,24.283000946044922,116.18660736083984,47.533958333333324,7.1003888888888875,30.4,0.5547036633107039,0.7987829258567409
SB82768_component_588a,48.323497,2.880994,23.197999954223633,48.735294342041016,48.32258333333333,2.881472222222222,14.0,1.1506805397802713,1.6569999967302596
SB82768_component_591a,48.424266,6.012329,24.28499984741211,72.27678680419922,48.42445833333333,6.012499999999999,13.9,1.2132647103470395,1.7471222911807271
SB82768_component_592a,43.077155,6.656978,23.71299934387207,53.64931869506836,43.077208333333324,6.656305555555555,14.8,1.1126460608825492,1.6022296853967615
SB82768_component_593a,43.474614,4.263638,23.56599998474121,66.75920867919922,43.47441666666666,4.263583333333333,23.6,0.6934355951743872,0.9985593213873394
SB82768_component_595a,45.245651,7.6872,23.125,83.7862319946289,45.245749999999994,7.685888888888888,14.5,1.1075057763272635,1.5948275862068966
SB82768_component_599a,49.579005,6.411847,23.160999298095703,82.4234848022461,49.57916666666666,6.411583333333333,23.1,0.6962698254231219,1.002640662255225
SB82768_component_600a,45.706142,8.335821,22.25200080871582,74.92256164550781,45.70649999999999,8.335249999999998,11.0,1.4047810584457192,2.022909164428711
SB82768_component_601a,46.460381,6.197666,22.582000732421875,97.75757598876953,46.460333333333324,6.198333333333332,13.5,1.1616115176189437,1.672740794994213
SB82768_component_602a,42.691592,7.779669,25.569000244140625,33.46727752685547,42.69241666666666,7.779555555555555,13.3,1.3350402739177722,1.9224812213639566
SB82768_component_603a,49.603632,3.68079,23.76799964904785,57.134613037109375,49.60337499999999,3.6809722222222216,14.2,1.1623490067588598,1.6738027921864684
SB82768_component_609a,48.016026,2.733929,24.51099967956543,41.756385803222656,48.01562499999999,2.733916666666666,16.8,1.0131739229492382,1.4589880761646088
SB82768_component_610a,45.763247,7.141194,24.259000778198242,94.76171875,45.763999999999996,7.141694444444443,11.7,1.4398568190412233,2.0734188699314737
SB82768_component_611a,42.972919,7.203247,22.12299919128418,46.47688674926758,42.973124999999996,7.20311111111111,22.1,0.6951587451895684,1.0010406873884243
SB82768_component_612a,46.540216,6.974482,22.131999969482422,97.92920684814453,46.53974999999999,6.974166666666666,14.3,1.0747733380131113,1.5476923055582112
SB82768_component_613a,48.555507,7.043612,22.031999588012695,93.35592651367188,48.55566666666666,7.043138888888888,16.7,0.9161565786375202,1.31928141245585
SB82768_component_615a,45.897788,3.408211,22.524999618530273,83.7360610961914,45.897458333333326,3.4081388888888884,13.0,1.2032439891716573,1.7326922783484826
SB82768_component_616a,48.517866,2.422942,23.48900032043457,20.354419708251953,48.518249999999995,2.423333333333333,10.9,1.496477862664999,2.154954157838034
SB82768_component_617a,42.991362,5.21914,22.55699920654297,42.320823669433594,42.992,5.218999999999999,13.6,1.1517936416817478,1.6586028828340418
SB82768_component_620a,49.020864,8.641626,21.871000289916992,94.67964935302734,49.02066666666666,8.642138888888887,13.5,1.1250378626610793,1.6200740955494068
SB82768_component_622a,49.558761,8.427682,21.190000534057617,76.2230224609375,49.55854166666666,8.427305555555554,15.6,0.9432756642599469,1.358333367567796
SB82768_component_623a,43.242627,3.618159,22.013999938964844,40.31867980957031,43.242458333333325,3.618305555555555,13.0,1.1759473275370913,1.6933846106896033
SB82768_component_624a,49.541411,8.205056,21.038000106811523,75.40501403808594,49.54154166666666,8.205194444444443,16.6,0.8800931196084052,1.2673494040247903
SB82768_component_627a,47.632156,7.18019,23.0049991607666,112.2195053100586,47.63216666666666,7.179805555555554,16.2,0.9861420276191297,1.420061676590531
SB82768_component_630a,48.694852,8.006507,22.643999099731445,95.54429626464844,48.69508333333333,8.006305555555555,13.6,1.1562359845166232,1.6649999338037829
SB82768_component_632a,47.432391,8.964183,23.542999267578125,101.91773986816406,47.432249999999996,8.964277777777777,13.4,1.2200826506598272,1.7569402438491137
SB82768_component_633a,43.666149,3.130869,23.680999755859375,35.397605895996094,43.66616666666666,3.131,15.4,1.0678532489234742,1.5377272568739853
SB82768_component_634a,45.004199,8.185973,21.52400016784668,71.27153015136719,45.00404166666666,8.186277777777777,11.5,1.299742760895354,1.871652188508407
SB82768_component_636a,47.379403,2.251078,23.19499969482422,19.36143684387207,47.37954166666666,2.2507499999999996,10.2,1.5791611831984764,2.2740195779239434
SB82768_component_637a,46.212103,7.232756,21.451000213623047,88.64049530029297,46.21241666666666,7.233083333333332,11.4,1.3066971886068501,1.8816666854055304
SB82768_component_641a,46.038455,7.002218,20.70599937438965,79.63845825195312,46.038666666666664,7.00211111111111,29.4,0.4890813777835573,0.7042856930064506
SB82768_component_643a,45.598156,8.936893,21.131999969482422,78.26666259765625,45.597624999999994,8.93686111111111,13.1,1.1202154716978434,1.6131297686627804
SB82768_component_644a,44.979967,9.397865,21.70800018310547,55.51918029785156,44.979791666666664,9.397388888888887,15.4,0.9788842853826261,1.409610401500355
SB82768_component_646a,46.030213,8.861955,20.71299934387207,80.59532928466797,46.03008333333333,8.862194444444443,17.4,0.8266582493117528,1.190402261142073
SB82768_component_649a,44.744308,6.530669,21.743000030517578,76.83039093017578,44.74429166666666,6.530361111111111,11.4,1.3244844869150885,1.9072807044313664
SB82768_component_651a,48.407578,9.16156,21.736000061035156,86.25396728515625,48.40695833333333,9.16161111111111,16.3,0.9260283508984108,1.3334969362598255
SB82768_component_652a,49.012654,7.130646,21.30699920654297,93.45175170898438,49.01237499999999,7.131138888888888,14.7,1.006554316934666,1.4494557283362564
SB82768_component_655a,47.66256,3.770632,21.51099967956543,70.2973861694336,47.66229166666666,3.7707222222222216,11.2,1.333751227009819,1.9206249713897707
SB82768_component_657a,43.980995,2.815949,20.56800079345703,30.607145309448242,43.981249999999996,2.8169444444444443,12.5,1.142652905343074,1.6454400634765625
SB82768_component_661a,48.343675,2.421027,22.934999465942383,20.56950569152832,48.34354166666666,2.4211666666666662,31.1,0.5121186667379667,0.7374597899016843
SB82768_component_662a,42.9384,6.627781,21.183000564575195,35.48241424560547,42.938624999999995,6.628722222222222,14.8,0.9939350899504904,1.4312838219307564
SB82768_component_663a,43.968762,6.760102,22.95599937438965,66.1556167602539,43.96883333333333,6.757694444444444,11.8,1.3509723414503818,1.9454236757957328
SB82768_component_664a,49.785855,5.657157,21.333999633789062,73.0616455078125,49.78554166666666,5.6578888888888885,10.5,1.4109617646763823,2.0318094889322915
SB82768_component_665a,49.103707,2.714409,21.85300064086914,26.81349754333496,49.10366666666666,2.714111111111111,13.9,1.0917634201913793,1.5721583194869886
SB82768_component_671a,43.932119,5.390451,20.659000396728516,73.78214263916016,43.93220833333333,5.3903333333333325,14.8,0.9693482920426555,1.3958784051843591
SB82768_component_674a,42.746113,3.98899,20.207000732421875,17.929903030395508,42.746333333333325,3.989083333333333,13.7,1.0242678729039854,1.4749635571110857
SB82768_component_675a,43.105776,4.297562,20.145999908447266,35.09756088256836,43.10574999999999,4.297694444444444,12.1,1.1562073295265975,1.6649586701196089
SB82768_component_676a,44.66926,8.541595,21.326000213623047,73.79238891601562,44.66854166666666,8.541444444444444,11.6,1.276684779596972,1.8384482942778488
SB82768_component_677a,42.91364,8.953642,20.820999145507812,23.9597225189209,42.912749999999996,8.954027777777776,11.8,1.2253264825544528,1.7644914530091365
SB82768_component_678a,47.39622,3.047495,19.757999420166016,53.544715881347656,47.39591666666666,3.046583333333333,12.7,1.080367492842959,1.5557479858398438
SB82768_component_681a,45.957972,2.879345,20.655000686645508,49.65144348144531,45.957583333333325,2.8797499999999996,12.2,1.175703047487109,1.6930328431676647
SB82768_component_683a,45.431004,3.459026,20.469999313354492,64.16927337646484,45.43087499999999,3.459194444444444,11.3,1.25797394297575,1.8115043640136717
SB82768_component_684a,46.632913,5.883505,20.312000274658203,93.60369110107422,46.631583333333325,5.883638888888888,12.3,1.146779294845797,1.6513821361510734
SB82768_component_687a,47.954036,6.340443,20.160999298095703,92.9078369140625,47.95391666666666,6.340138888888888,14.9,0.9396325371971065,1.3530872012144768
SB82768_component_689a,42.635261,5.267858,19.850000381469727,16.44573402404785,42.63583333333333,5.268333333333333,12.1,1.1392194994768052,1.6404958992950187
SB82768_component_691a,44.774427,5.368069,20.437000274658203,86.59745788574219,44.774249999999995,5.368138888888888,16.0,0.8870118645872825,1.2773125171661377
SB82768_component_692a,44.540014,3.415682,20.22100067138672,60.723724365234375,44.54004166666666,3.4158888888888885,34.5,0.40702005568580946,0.5861159614894701
SB82768_component_696a,45.882116,9.827354,19.31100082397461,40.91313552856445,45.88162499999999,9.82697222222222,15.2,0.8822536327413376,1.2704605805246454
SB82768_component_698a,47.009381,7.742289,20.267000198364258,100.33168029785156,47.00970833333333,7.742222222222221,12.3,1.144238670827356,1.6477235933629477
SB82768_component_699a,47.090487,5.363339,20.374000549316406,88.96943664550781,47.090875,5.363444444444443,12.8,1.1053469181801014,1.5917187929153442
SB82768_component_701a,50.390507,6.605442,19.676000595092773,32.415157318115234,50.390249999999995,6.605277777777777,18.6,0.7346088289548779,1.0578494943598264
SB82768_component_702a,42.764933,7.912817,21.540000915527344,28.156864166259766,42.76537499999999,7.912972222222221,13.6,1.099864209292832,1.5838235967299519
SB82768_component_703a,46.931692,5.879625,19.323999404907227,85.88444519042969,46.93179166666666,5.879138888888888,13.5,0.994020881549872,1.4314073633264612
SB82768_component_704a,46.738182,4.744254,19.854000091552734,75.20454406738281,46.737333333333325,4.7444999999999995,10.5,1.3130793796721822,1.890857151576451
SB82768_component_706a,47.96253,9.412951,18.908000946044922,67.28826141357422,47.962708333333325,9.412888888888888,11.6,1.1319308252187088,1.6300000815555968
SB82768_component_709a,42.760621,3.487217,19.68400001525879,15.153194427490234,42.760999999999996,3.4874166666666664,14.0,0.9763770931669907,1.4060000010899134
SB82768_component_710a,46.286299,5.824855,18.926000595092773,77.88477325439453,46.2865,5.824749999999999,11.2,1.1734729623036984,1.689821481704712
SB82768_component_713a,46.29985,4.200534,19.54599952697754,76.35155487060547,46.29987499999999,4.202111111111111,9.8,1.3850455907916381,1.9944897476507693
SB82768_component_715a,46.988458,8.49403,18.46500015258789,77.25941467285156,46.988791666666664,8.493277777777777,15.7,0.8167364235322732,1.1761146594005027
SB82768_component_716a,45.109346,3.537118,19.53499984741211,74.2775650024414,45.109333333333325,3.5368888888888885,10.8,1.256093353303849,1.8087962821677879
SB82768_component_719a,49.468784,4.914816,20.260000228881836,71.08772277832031,49.46883333333333,4.914666666666666,13.0,1.0822518938452743,1.5584615560678334
SB82768_component_723a,49.997408,9.275358,19.68000030517578,32.20949172973633,49.997499999999995,9.27511111111111,13.8,0.9903262145977753,1.426086978635926
SB82768_component_726a,45.665966,8.513658,19.60700035095215,67.37800598144531,45.665749999999996,8.514083333333332,10.5,1.2967436153591256,1.8673333667573475
SB82768_component_728a,49.065509,5.108923,18.410999298095703,70.27098846435547,49.065374999999996,5.108638888888888,13.1,0.9759741762696058,1.4054197937477637
SB82768_component_730a,47.732879,5.462889,18.149999618530273,83.64055633544922,47.73241666666666,5.462666666666666,13.9,0.906763605861073,1.305755368239588
SB82768_component_731a,48.267421,6.460623,19.27199935913086,82.35897064208984,48.26779166666666,6.460638888888888,14.1,0.9491610776105343,1.3668084651865857
SB82768_component_733a,49.554063,6.507607,18.915000915527344,69.79705047607422,49.553749999999994,6.507694444444444,13.7,0.9587780002718932,1.3806570011333827
SB82768_component_736a,43.539211,6.82395,18.916000366210938,63.264217376708984,43.538875,6.823472222222222,11.5,1.1422567528968839,1.6448695970618206
SB82768_component_737a,45.314614,5.081336,18.899999618530273,89.5734634399414,45.31462499999999,5.080805555555555,11.3,1.1614903683387807,1.6725663379230329
SB82768_component_739a,46.664052,9.837044,19.892000198364258,43.33769226074219,46.663708333333325,9.837666666666665,13.7,1.0083008854596223,1.451970817398851
SB82768_component_745a,43.511761,2.891508,17.420000076293945,22.134689331054688,43.51237499999999,2.8920277777777774,13.7,0.8829982569112497,1.2715328522842297
SB82768_component_748a,48.071699,7.131132,18.05900001525879,81.34684753417969,48.071374999999996,7.13036111111111,11.6,1.0811052341401757,1.5568103461429992
SB82768_component_749a,43.267044,5.460854,18.8700008392334,44.92857360839844,43.26779166666666,5.461361111111111,11.8,1.1105092312117042,1.5991526134943557
SB82768_component_753a,45.563899,4.43499,18.14699935913086,79.24453735351562,45.56383333333333,4.435444444444444,13.5,0.9334763431977461,1.344222174750434
SB82768_component_754a,48.94467,8.183045,17.940000534057617,80.44843292236328,48.94454166666666,8.182916666666666,10.4,1.1979022294068755,1.7250000513516939
SB82768_component_756a,48.185289,3.307879,18.91699981689453,55.312862396240234,48.18516666666666,3.308305555555555,11.8,1.1132751451613043,1.6031355777029264
SB82768_component_757a,46.511579,7.0043,18.457000732421875,77.87763977050781,46.51183333333333,7.004416666666666,19.3,0.6641039773927226,0.956321281472636
SB82768_component_760a,43.047617,4.248965,18.643999099731445,32.8818359375,43.04783333333333,4.2491666666666665,16.1,0.8041655386362174,1.158012366442947
SB82768_component_762a,47.271128,6.357978,18.152999877929688,88.1213607788086,47.27116666666666,6.35711111111111,16.8,0.7503629529623963,1.0805357070196242
SB82768_component_763a,44.443635,6.956457,17.427000045776367,54.28971862792969,44.44354166666666,6.955138888888888,14.0,0.8644240822051452,1.2447857175554549
SB82768_component_767a,49.196765,4.80667,18.094999313354492,73.25910949707031,49.196749999999994,4.806583333333332,12.1,1.0384975145913085,1.495454488706983
SB82768_component_770a,42.83369,4.958432,19.319000244140625,26.248641967773438,42.833375,4.958027777777777,11.0,1.2196191184950431,1.7562727494673296
SB82768_component_771a,48.733213,4.234116,17.881999969482422,78.08733367919922,48.733083333333326,4.234444444444444,10.8,1.1498060650572297,1.655740737915039
SB82768_component_772a,44.178259,9.259589,17.082000732421875,40.00468826293945,44.178,9.259888888888888,10.8,1.0983664063846434,1.581666734483507
SB82768_component_774a,42.952048,8.165157,16.266000747680664,22.84550666809082,42.952374999999996,8.16625,12.9,0.8756354557522694,1.260930290517881
SB82768_component_775a,42.577662,5.817565,19.33300018310547,19.74770164489746,42.57754166666666,5.816944444444443,11.3,1.1881002093647168,1.710884971956236
SB82768_component_776a,44.387558,9.187025,17.422000885009766,46.959571838378906,44.38733333333333,9.185777777777776,10.5,1.1522348146089747,1.6592381795247395
SB82768_component_777a,47.183996,4.066853,18.45599937438965,33.6788330078125,47.18420833333333,4.066166666666666,9.4,1.3634586579317722,1.9634041887648561
SB82768_component_778a,49.787787,9.314079,16.948999404907227,32.846900939941406,49.78741666666666,9.313833333333331,12.8,0.9195309587384477,1.324140578508377
SB82768_component_779a,46.384166,4.537662,17.695999145507812,74.66666412353516,46.38429166666666,4.537277777777777,12.1,1.0155983325877764,1.4624792682237862
SB82768_component_780a,46.144632,6.295031,16.93199920654297,72.66952514648438,46.144458333333326,6.294666666666666,12.9,0.9114876528044156,1.3125580780265866
SB82768_component_781a,43.272479,8.281608,18.179000854492188,37.55991744995117,43.271541666666664,8.282555555555554,10.3,1.2256459830428597,1.764951539271086
SB82768_component_783a,50.520221,4.039009,17.058000564575195,13.463299751281738,50.520374999999994,4.038499999999999,10.3,1.1500670492321423,1.6561165596674945
SB82768_component_785a,48.078775,4.598546,18.308000564575195,54.48809814453125,48.07874999999999,4.597499999999999,9.1,1.397113810442115,2.011868193909362
SB82768_component_786a,48.456454,7.037313,18.007999420166016,81.48416137695312,48.45641666666666,7.037249999999999,9.9,1.2631721276768209,1.8189898404208096
SB82768_component_788a,45.02362,7.677607,17.982999801635742,59.34983444213867,45.02354166666666,7.67811111111111,8.9,1.4031509469155299,2.02056177546469
SB82768_component_789a,43.315125,8.55322,18.652999877929688,45.38442611694336,43.314874999999994,8.553388888888888,12.0,1.079442969745094,1.5544166564941406
SB82768_component_794a,45.660129,2.668025,17.363000869750977,33.78015899658203,45.659833333333324,2.6683888888888885,8.5,1.418528684187245,2.0427059846765854
SB82768_component_795a,44.653529,5.730405,16.891000747680664,54.487098693847656,44.65358333333333,5.731305555555555,5.8,2.0223655022707527,2.9122415082208044
SB82768_component_798a,44.041152,7.231051,16.933000564575195,60.47500228881836,44.04133333333333,7.231444444444444,10.2,1.1528319706174361,1.6600980945661958
SB82768_component_802a,48.331094,6.062351,17.62299919128418,59.738983154296875,48.33041666666666,6.061611111111111,13.3,0.9201538364010238,1.3250375331792617
SB82768_component_804a,47.04172,5.042013,17.638999938964844,69.44487762451172,47.04220833333333,5.040777777777777,7.2,1.701271877808272,2.449861102634006
SB82768_component_805a,49.113253,4.906748,16.31399917602539,66.048583984375,49.11345833333333,4.906416666666666,9.1,1.2449482657581084,1.7927471622005924
SB82768_component_809a,45.670109,4.464175,18.20800018310547,79.85964965820312,45.66991666666666,4.46386111111111,16.2,0.7805118397952061,1.1239506285867573
SB82768_component_811a,47.808753,5.948285,16.760000228881836,71.01695251464844,47.80899999999999,5.947916666666666,11.2,1.0391739669445057,1.4964285918644498
SB82768_component_812a,49.477819,3.950761,18.420000076293945,55.31531524658203,49.477958333333326,3.9504722222222215,13.3,0.9617678326338243,1.3849624117514243
SB82768_component_814a,44.090583,2.366274,16.750999450683594,12.709407806396484,44.09029166666666,2.3667499999999997,16.4,0.7092986563951484,1.0214024055294875
SB82768_component_816a,49.250793,6.661606,16.273000717163086,67.24380493164062,49.24999999999999,6.661027777777777,11.0,1.0273234918538354,1.4793637015602805
SB82768_component_818a,49.456434,8.824918,17.28700065612793,57.62333297729492,49.456083333333325,8.825222222222221,13.3,0.9026102651965233,1.2997744854231525
SB82768_component_821a,43.775246,2.952844,17.299999237060547,20.521944046020508,43.77533333333333,2.951444444444444,7.2,1.6685754458845419,2.402777671813965
SB82768_component_822a,43.400555,5.425485,17.010000228881836,48.050846099853516,43.40029166666666,5.42536111111111,11.1,1.06417634624909,1.5324324530524176
SB82768_component_825a,44.80409,7.980797,16.326000213623047,50.544891357421875,44.8045,7.9817222222222215,7.9,1.4351092622273613,2.0665823055219046
SB82768_component_826a,47.883474,10.220049,16.38599967956543,20.229629516601562,47.88295833333333,10.220277777777776,11.5,0.9894807794772206,1.4248695373535156
SB82768_component_827a,48.823906,10.066196,17.10099983215332,20.52941131591797,48.82337499999999,10.064944444444443,12.0,0.9896292374006479,1.42508331934611
SB82768_component_828a,48.380677,8.422749,18.215999603271484,74.04877471923828,48.38137499999999,8.422944444444443,10.9,1.1605364119687598,1.6711926241533472
SB82768_component_829a,50.044454,3.526504,15.890000343322754,22.63532829284668,50.04479166666666,3.5262222222222217,10.9,1.0123476277036298,1.457798196635115
SB82768_component_832a,45.33857,8.86344,16.42799949645996,52.65384292602539,45.337958333333326,8.863333333333332,9.0,1.2675772390128355,1.8253332773844402
SB82768_component_833a,47.04523,4.905183,16.34000015258789,58.776981353759766,47.044,4.904472222222221,8.1,1.4008747202434546,2.017283969455295
SB82768_component_839a,46.325931,3.710159,16.749000549316406,66.99600219726562,46.32633333333333,3.7104999999999997,9.5,1.224327353231787,1.7630526894017269
SB82768_component_840a,45.357058,2.425333,15.390999794006348,17.177453994750977,45.35791666666666,2.4252499999999997,11.9,0.8981567369231865,1.293361327227424
SB82768_component_841a,47.475853,9.773295,16.89299964904785,41.30317687988281,47.475624999999994,9.773055555555555,13.8,0.8500802914745522,1.2241304093512935
SB82768_component_843a,46.901443,8.281265,15.810999870300293,71.54298400878906,46.90158333333333,8.28111111111111,11.6,0.9465283073441724,1.3630172301983012
SB82768_component_844a,50.06148,3.471243,16.854000091552734,20.42909049987793,50.06162499999999,3.4707777777777773,12.8,0.9143769784000533,1.3167187571525574
SB82768_component_846a,48.190243,4.833708,15.789999961853027,49.654090881347656,48.19049999999999,4.833722222222222,9.9,1.1075904314776424,1.5949494910962654
SB82768_component_848a,47.270221,7.744164,16.086000442504883,78.0873794555664,47.269749999999995,7.744055555555555,10.7,1.0439905306071942,1.503364527336905
SB82768_component_856a,47.323704,9.935447,15.956999778747559,31.913999557495117,47.32333333333333,9.935138888888888,11.3,0.9806297314645449,1.4121238742254476
SB82768_component_857a,49.850746,5.296232,15.416000366210938,40.67546081542969,49.851499999999994,5.295166666666666,9.4,1.138875156181283,1.6400000389586102
SB82768_component_858a,45.520553,3.492459,16.459999084472656,52.756404876708984,45.519999999999996,3.492805555555555,9.7,1.1783934864696644,1.6969071221105831
SB82768_component_859a,43.465032,7.007477,15.538999557495117,54.714786529541016,43.46512499999999,7.006666666666666,10.6,1.0180039189799213,1.4659433544806715
SB82768_component_861a,42.815177,5.875913,17.79800033569336,25.42571449279785,42.81462499999999,5.875666666666666,11.4,1.0841730814353612,1.5612280996222245
SB82768_component_863a,45.885091,4.591712,15.779999732971191,69.82300567626953,45.88479166666666,4.591444444444444,7.9,1.3871140192584053,1.9974683206292647
SB82768_component_866a,47.772602,2.901347,14.637999534606934,33.573394775390625,47.772375,2.902333333333333,8.8,1.155131209128099,1.6634090380235151
SB82768_component_869a,48.652043,4.18535,15.545999526977539,60.25581359863281,48.651666666666664,4.185888888888888,11.4,0.9469914537171121,1.3636841690331174
SB82768_component_870a,47.798839,9.504274,15.126999855041504,46.40184020996094,47.799208333333326,9.504055555555555,14.9,0.7050157109680307,1.0152348896001009
SB82768_component_874a,44.620931,6.256551,15.281999588012695,45.3471794128418,44.62091666666666,6.257916666666666,5.0,2.122474299282563,3.056399917602539
SB82768_component_875a,49.503759,6.501167,14.954000473022461,53.21708679199219,49.50333333333333,6.500722222222222,11.2,0.9271961683187592,1.3351786136627197
SB82768_component_879a,50.572836,4.31101,14.223999977111816,10.05229663848877,50.57304166666666,4.310444444444444,10.5,0.9407293734399502,1.3546666644868397
SB82768_component_881a,49.779252,4.062887,15.180999755859375,36.405277252197266,49.77904166666666,4.063083333333333,13.5,0.7809061904801986,1.1245185004340277
SB82768_component_882a,42.540654,7.727227,13.583000183105469,13.945586204528809,42.54054166666666,7.727305555555555,7.6,1.241121717543852,1.787236866198088
SB82768_component_883a,50.676523,7.101282,16.56399917602539,16.223308563232422,50.67699999999999,7.101777777777777,11.1,1.0362737145932632,1.4922521780203055
SB82768_component_884a,47.096174,8.374948,15.048999786376953,68.7168960571289,47.09591666666666,8.375416666666666,9.4,1.111762556755484,1.6009574240826545
SB82768_component_886a,45.398028,8.936645,15.119000434875488,52.13448715209961,45.39841666666666,8.936499999999999,9.6,1.0936644799631787,1.5748958786328635
SB82768_component_887a,45.628379,9.501088,15.352999687194824,45.155879974365234,45.62799999999999,9.500499999999999,29.7,0.35897900758070744,0.5169360164038661
SB82768_component_891a,49.090899,5.915871,15.220000267028809,63.682010650634766,49.09083333333333,5.9153055555555545,9.8,1.078501727813944,1.5530612517376334
SB82768_component_893a,44.187953,3.608809,15.145999908447266,45.75830841064453,44.18754166666666,3.608583333333333,7.7,1.3659647292913133,1.9670129751230214
SB82768_component_899a,47.313336,2.581799,14.956999778747559,18.284839630126953,47.312749999999994,2.581694444444444,11.2,0.9273821349288943,1.3354464088167464
SB82768_component_900a,49.740677,8.055006,14.088000297546387,48.747406005859375,49.740624999999994,8.054916666666665,10.3,0.9498267320630849,1.3677670191792608
SB82768_component_903a,45.890083,7.613658,13.812000274658203,53.74319076538086,45.890541666666664,7.613638888888888,8.5,1.1284177615712905,1.624941208783318
SB82768_component_904a,43.930619,5.282387,14.718999862670898,48.73841094970703,43.931374999999996,5.283083333333333,8.5,1.2025181398292613,1.7316470426671646
SB82768_component_905a,46.552733,9.436757,14.85200023651123,48.22077941894531,46.552833333333325,9.436444444444444,26.6,0.38773550539041013,0.5583458735530538
SB82768_component_907a,48.193498,7.176636,14.479999542236328,66.11872100830078,48.193374999999996,7.176972222222221,10.1,0.9955874999048288,1.433663321013498
SB82768_component_908a,44.948848,4.14068,14.998000144958496,58.81568908691406,44.948833333333326,4.140833333333333,9.9,1.0520355599739262,1.5149495095917673
SB82768_component_909a,44.993408,8.236508,15.243000030517578,52.023887634277344,44.993958333333325,8.236527777777777,9.6,1.1026342497484038,1.5878125031789145
SB82768_component_913a,48.64477,2.873611,14.78600025177002,28.489402770996094,48.644458333333326,2.8739999999999997,9.8,1.0477481300402391,1.5087755358948998
SB82768_component_914a,49.84851,8.02439,14.111000061035156,42.76060485839844,49.848208333333325,8.023972222222222,12.7,0.7715895437210868,1.1111023670106424
SB82768_component_919a,45.383497,7.646564,13.541000366210938,40.663665771484375,45.38408333333333,7.646749999999999,8.7,1.080845846690321,1.5564368237024067
SB82768_component_920a,44.31877,6.903193,15.583999633789062,53.73793029785156,44.31891666666666,6.9032777777777765,8.9,1.215965305237527,1.7510111948077598
SB82768_component_921a,49.593134,6.226119,14.718999862670898,54.11396789550781,49.59320833333333,6.226416666666666,11.9,0.8589415284494722,1.2368907447622604
SB82768_component_923a,45.983628,9.788815,14.762999534606934,32.953121185302734,45.98333333333333,9.788638888888888,9.6,1.0679124111583842,1.5378124515215557
SB82768_component_929a,49.658776,6.50998,14.76099967956543,50.900001525878906,49.65899999999999,6.509555555555555,9.2,1.1141924321387178,1.6044564869092859
SB82768_component_931a,48.743742,5.543072,15.687999725341797,57.047271728515625,48.74354166666666,5.54325,9.0,1.2104791810937185,1.743111080593533
SB82768_component_932a,46.257708,10.239024,13.440999984741211,18.720056533813477,46.25679166666666,10.239444444444443,6.2,1.505470160623369,2.1679032233453563
SB82768_component_933a,44.989749,5.090539,14.348999977111816,58.567344665527344,44.99008333333333,5.090888888888888,10.1,0.9865804879121481,1.420693067040774
SB82768_component_935a,45.48,4.617273,14.310999870300293,63.3230094909668,45.48041666666666,4.61675,9.7,1.0245437405849263,1.4753608113711643
SB82768_component_937a,46.396003,3.659763,13.569000244140625,49.16304397583008,46.394833333333324,3.660916666666666,8.9,1.0587419090963424,1.5246067690045646
SB82768_component_939a,43.934631,9.849008,14.15999984741211,17.5682373046875,43.93487499999999,9.847972222222221,9.4,1.0460866408056593,1.50638296249065
SB82768_component_940a,47.710087,8.482054,13.812999725341797,65.4644546508789,47.709999999999994,8.481749999999998,10.8,0.8881708359208517,1.2789814560501662
SB82768_component_941a,46.999958,7.244054,14.244999885559082,61.1373405456543,47.00041666666666,7.243472222222222,10.2,0.969827599478747,1.3965686162312827
SB82768_component_942a,48.708519,5.628999,14.758000373840332,53.8613166809082,48.70833333333333,5.628305555555555,9.9,1.0352007625901707,1.4907071084687205
SB82768_component_943a,47.579837,7.714879,14.557999610900879,63.295650482177734,47.58008333333333,7.714138888888888,10.4,0.9720769047077766,1.3998076548943152
SB82768_component_944a,44.463016,8.423797,14.348999977111816,48.64067840576172,44.46279166666666,8.423194444444443,15.9,0.6266957816297292,0.9024528287491709
SB82768_component_946a,49.24715,8.914023,13.288999557495117,46.95759582519531,49.24729166666666,8.913694444444443,13.2,0.6991182135537305,1.0067423907193271
SB82768_component_950a,44.902285,7.404137,13.345000267028809,43.89802932739258,44.902583333333325,7.403416666666666,7.4,1.2523309906322135,1.8033784144633525
SB82768_component_953a,50.455247,3.523362,15.218999862670898,10.290060997009277,50.455499999999994,3.5239722222222216,8.9,1.1874856422159092,1.7099999845697638
SB82768_component_954a,50.047519,3.108076,13.73799991607666,11.070104598999023,50.047999999999995,3.108027777777777,8.6,1.1093212158514458,1.5974418507065884
SB82768_component_955a,47.138676,8.041106,14.305000305175781,63.86160659790039,47.13829166666666,8.041055555555555,8.1,1.2264083912766577,1.7660494203920718
SB82768_component_956a,50.383438,3.635667,14.531000137329102,12.602775573730469,50.383374999999994,3.6356666666666664,17.9,0.5637346592773341,0.8117877171692236
SB82768_component_959a,49.122191,8.077433,13.99899959564209,59.31779479980469,49.12266666666666,8.077749999999998,8.8,1.1047056868165175,1.590795408595692
SB82768_component_960a,49.446843,7.117529,13.689000129699707,56.10245895385742,49.447041666666664,7.117555555555555,8.8,1.0802426406826178,1.5555681965567847
SB82768_component_962a,48.493631,6.263684,13.78600025177002,52.819923400878906,48.49374999999999,6.262583333333333,8.8,1.0878972295509772,1.5665909377011384
SB82768_component_966a,45.702366,6.329317,14.107000350952148,56.8830680847168,45.70204166666666,6.328333333333332,8.9,1.1007201867830596,1.5850562192081066
SB82768_component_969a,48.705553,7.204178,13.635000228881836,60.87053298950195,48.70541666666666,7.204583333333332,8.9,1.063891658421125,1.5320224976271726
SB82768_component_976a,45.088904,8.780085,13.449999809265137,41.257667541503906,45.08862499999999,8.778277777777777,7.4,1.2621844322293359,1.817567541792586
SB82768_component_978a,43.504384,7.344392,12.892000198364258,42.13072204589844,43.50479166666666,7.344583333333333,7.6,1.1779828618916606,1.6963158155742446
SB82768_component_979a,42.615198,7.79101,13.505000114440918,16.135005950927734,42.614999999999995,7.79161111111111,8.0,1.1722948741763959,1.6881250143051147
SB82768_component_980a,42.643554,4.433186,13.923999786376953,11.564784049987793,42.64333333333333,4.433111111111111,12.9,0.7495602691753944,1.079379828401314
SB82768_component_981a,46.774042,8.95123,13.63599967956543,57.779659271240234,46.77341666666666,8.950944444444444,8.2,1.154796318846005,1.6629267901909062
SB82768_component_983a,48.975349,9.159628,13.982000350952148,44.10725784301758,48.97487499999999,9.159916666666666,10.7,0.9074397341659826,1.3067290047618831
SB82768_component_986a,45.225368,10.193344,12.961000442504883,15.429762840270996,45.22604166666666,10.192888888888888,11.0,0.818235091606048,1.1782727675004439
SB82768_component_987a,43.786636,7.221836,13.307999610900879,47.87050247192383,43.786624999999994,7.221472222222221,11.0,0.840141340093518,1.2098181464455344
SB82768_component_988a,44.272248,3.878282,13.168999671936035,45.25429153442383,44.272458333333326,3.8779999999999997,8.2,1.115247338031665,1.6059755697482971
SB82768_component_992a,46.395365,9.915762,13.522000312805176,30.52370262145996,46.394499999999994,9.916722222222221,6.6,1.422752203649445,2.0487879261826025
SB82768_component_994a,49.837558,8.790874,13.126999855041504,35.76839065551758,49.83720833333333,8.790333333333333,7.5,1.2154482646309561,1.7502666473388673
SB82768_component_996a,43.19289,6.711328,12.152999877929688,30.767087936401367,43.19308333333333,6.711499999999999,8.4,1.00470015282069,1.4467856997535342
SB82768_component_998a,48.44581,4.790297,13.631999969482422,49.751827239990234,48.445874999999994,4.790166666666666,17.9,0.5288576688071883,0.7615642441051633
SB82768_component_999a,48.069365,7.243988,13.017000198364258,69.98387145996094,48.06887499999999,7.24436111111111,8.8,1.0272129837692996,1.4792045679959382
SB82768_component_1006a,44.058462,5.721084,13.821000099182129,45.0195426940918,44.059,5.721527777777777,4.5,2.13284461688626,3.0713333553738065
SB82768_component_1008a,45.463862,6.69942,12.682000160217285,46.4542121887207,45.46399999999999,6.698805555555555,8.5,1.0360986061733388,1.4920000188490923
SB82768_component_1009a,47.780338,7.852301,12.692999839782715,55.427947998046875,47.78045833333333,7.852277777777776,6.9,1.2774603951521541,1.839565194171408
SB82768_component_1012a,47.593026,9.257255,12.286999702453613,47.996089935302734,47.59291666666666,9.257166666666665,10.3,0.8284015138950692,1.1929125924712245
SB82768_component_1018a,49.81642,5.168893,12.41100025177002,36.078487396240234,49.81587499999999,5.169555555555555,11.6,0.7429867280451037,1.0699138148077603
SB82768_component_1019a,49.485583,6.390561,12.397000312805176,39.73397445678711,49.48533333333333,6.390722222222221,16.2,0.5314150606757639,0.7652469328892084
SB82768_component_1020a,47.255269,6.871928,12.928999900817871,59.58064651489258,47.25545833333333,6.870499999999999,7.8,1.1510722663795478,1.657564089848445
SB82768_component_1023a,44.867653,9.744996,13.477999687194824,28.137786865234375,44.867708333333326,9.745166666666666,7.4,1.2648120166552352,1.8213513090803815
SB82768_component_1026a,45.857173,2.548324,13.491000175476074,19.055084228515625,45.856958333333324,2.546861111111111,8.8,1.0646178330721976,1.5330682017586448
SB82768_component_1027a,47.940122,3.287848,13.255999565124512,42.351436614990234,47.94029166666666,3.2889166666666663,6.2,1.4847490378087032,2.1380644459878244
SB82768_component_1028a,48.017747,10.192171,12.527000427246094,16.905532836914062,48.01862499999999,10.19286111111111,8.3,1.0480964758414724,1.5092771599091679
SB82768_component_1029a,50.388747,4.067213,12.425999641418457,12.146627426147461,50.38912499999999,4.067083333333333,13.6,0.6344898648741366,0.9136764442219454
SB82768_component_1030a,43.415621,9.183894,13.399999618530273,24.587154388427734,43.415124999999996,9.18461111111111,8.9,1.045555377901869,1.5056179346663228
SB82768_component_1033a,48.860291,7.454441,13.229000091552734,59.590087890625,48.86029166666666,7.454249999999999,9.8,0.9374178190323839,1.349897968525789
SB82768_component_1034a,45.041881,9.415682,13.227999687194824,36.340660095214844,45.04149999999999,9.415527777777777,5.9,1.5569491372308988,2.242033845287258
SB82768_component_1040a,49.452388,9.948203,12.767999649047852,14.812065124511719,49.45208333333333,9.948249999999998,10.3,0.8608309998225853,1.2396116164124127
SB82768_component_1041a,44.96607,7.548893,12.331999778747559,39.14920425415039,44.96679166666666,7.5483055555555545,10.3,0.8314354629656346,1.1972815319172385
SB82768_component_1043a,48.610913,2.757653,13.779000282287598,21.836767196655273,48.60991666666666,2.757083333333333,8.8,1.08734483964326,1.5657954866235906
SB82768_component_1044a,49.661165,4.083097,12.331000328063965,32.62169647216797,49.660374999999995,4.082638888888888,7.9,1.0839355967033935,1.5608861174764512
SB82768_component_1045a,45.590028,7.513566,12.618000030517578,39.30841064453125,45.590374999999995,7.512138888888888,5.3,1.6532819160239811,2.380754722739166
SB82768_component_1047a,43.733868,4.089112,12.76099967956543,38.66969299316406,43.73324999999999,4.090833333333332,7.6,1.16601292986641,1.6790789052059776
SB82768_component_1049a,47.918986,2.757072,11.866000175476074,20.146011352539062,47.91841666666666,2.7562777777777776,8.4,0.9809736122289888,1.4126190685090565
SB82768_component_1051a,45.559347,2.840178,12.295999526977539,27.56950569152832,45.55958333333333,2.840555555555555,8.7,0.9814695857185533,1.4133332789629356
SB82768_component_1052a,48.05999,2.806877,12.305000305175781,21.85612678527832,48.06016666666666,2.8069999999999995,15.9,0.5374236390345559,0.7738993902626278
SB82768_component_1058a,50.257479,6.994223,10.784000396728516,20.424243927001953,50.25716666666666,6.994444444444444,6.9,1.0853331428358093,1.562898608221524
SB82768_component_1061a,48.643945,4.338361,13.288000106811523,54.016258239746094,48.642958333333326,4.3389999999999995,6.2,1.4883332845677444,2.143225823679278
SB82768_component_1064a,48.621268,8.067019,11.829999923706055,56.333335876464844,48.620625,8.066833333333332,7.1,1.1570673901308282,1.6661971723529656
SB82768_component_1065a,47.841497,5.846445,12.97599983215332,46.6762580871582,47.84024999999999,5.846972222222221,7.5,1.2014669499508779,1.730133310953776
SB82768_component_1066a,48.648302,3.968952,12.309000015258789,46.80228042602539,48.64829166666666,3.969527777777777,6.6,1.2951232429603048,1.8650000023119377
SB82768_component_1068a,46.497095,8.356953,11.984000205993652,54.22624588012695,46.497249999999994,8.35786111111111,7.8,1.0669386946575399,1.536410282819699
SB82768_component_1073a,44.447026,7.284697,12.784000396728516,46.1516227722168,44.44695833333333,7.284472222222221,10.2,0.8703598817900562,1.253333372228286
SB82768_component_1076a,46.945182,8.358995,12.79800033569336,57.13393020629883,46.94458333333333,8.35897222222222,8.8,1.0099310064357272,1.4543182199651543
SB82768_component_1077a,48.358448,10.140231,12.192999839782715,15.317838668823242,48.35787499999999,10.139694444444443,9.5,0.8912903894081045,1.283473667345549
SB82768_component_1081a,48.22944,2.644761,10.26200008392334,14.292479515075684,48.22995833333333,2.645222222222222,7.1,1.0037046264754104,1.445352124496245
SB82768_component_1082a,47.269853,5.724228,12.48799991607666,58.905662536621094,47.270041666666664,5.723666666666666,7.5,1.1562823184520339,1.665066655476888
SB82768_component_1083a,46.4063,4.118136,12.13700008392334,42.28919982910156,46.40624999999999,4.1193888888888885,11.1,0.7593126531417733,1.0934234309840847
SB82768_component_1085a,42.773628,8.911903,13.03499984741211,11.817769050598145,42.774499999999996,8.913194444444443,7.1,1.2749258961174978,1.8359154714664945
SB82768_component_1086a,50.177068,3.508696,10.138999938964844,10.78617000579834,50.176874999999995,3.509055555555555,8.0,0.8801108890783101,1.2673749923706055
SB82768_component_1095a,46.493965,9.315877,11.112000465393066,37.41414260864258,46.49408333333333,9.315638888888888,8.6,0.8972760184971661,1.2920930773712869
SB82768_component_1098a,47.712623,8.684307,11.77299976348877,57.42926788330078,47.71249999999999,8.684805555555554,8.2,0.9970238418988432,1.4357316784742402
SB82768_component_1101a,49.547839,7.872646,11.477999687194824,42.8283576965332,49.54679166666666,7.872472222222221,7.6,1.048781159810165,1.510263116736161
SB82768_component_1102a,42.882211,8.428762,11.78499984741211,15.425392150878906,42.88287499999999,8.429444444444444,10.6,0.7720687541983072,1.1117924384351048
SB82768_component_1105a,49.428571,9.106053,12.116999626159668,35.63823318481445,49.42887499999999,9.106194444444442,8.4,1.0017239774879965,1.4424999554951985
SB82768_component_1106a,48.629488,5.613387,11.329999923706055,40.46428680419922,48.62958333333333,5.61361111111111,8.9,0.8840404991860684,1.273033699292815
SB82768_component_1107a,47.073891,8.128076,11.503999710083008,53.75700759887695,47.073583333333325,8.12872222222222,6.5,1.2290449489022497,1.7698461092435396
SB82768_component_1109a,48.70846,6.160444,11.260000228881836,45.040000915527344,48.70941666666666,6.159138888888888,6.3,1.2411666874407734,1.7873016236320376
SB82768_component_1114a,43.949383,8.02362,11.42199993133545,41.38405990600586,43.94875,8.022805555555555,7.8,1.0169036621864032,1.464358965555827
SB82768_component_1116a,46.883656,10.402212,11.743000030517578,13.359498977661133,46.88374999999999,10.402249999999999,8.2,0.9944832448017773,1.4320731744533632
SB82768_component_1117a,46.895237,5.790634,11.29699993133545,47.267784118652344,46.89545833333333,5.790555555555555,10.3,0.7616547629379345,1.0967961098383932
SB82768_component_1118a,47.996565,9.833303,12.407999992370605,27.63474464416504,47.99620833333333,9.833888888888888,7.8,1.1046875073107514,1.5907692297911034
SB82768_component_1120a,45.791685,5.888743,12.420000076293945,54.47368621826172,45.791374999999995,5.888249999999999,4.8,1.7968533016573756,2.5875000158945722
SB82768_component_1122a,48.453567,5.888056,12.602999687194824,38.1909065246582,48.453374999999994,5.886694444444443,8.1,1.0804910340365697,1.555925887308003
SB82768_component_1124a,44.329171,8.979735,11.211999893188477,34.928348541259766,44.32899999999999,8.977027777777776,3.8,2.0489518334607117,2.950526287681178
SB82768_component_1126a,46.43738,10.15248,12.102999687194824,18.706336975097656,46.43704166666666,10.151277777777777,7.8,1.077533249810685,1.5516666265634391
SB82768_component_1133a,50.002073,4.412344,11.314000129699707,22.054580688476562,50.002624999999995,4.410833333333333,9.2,0.854005392275641,1.2297826227934465
SB82768_component_1136a,50.138982,6.376489,11.732000350952148,27.604705810546875,50.138374999999996,6.375972222222221,7.2,1.1315450046247346,1.6294444931877983
SB82768_component_1138a,47.912316,10.132114,11.385000228881836,17.302433013916016,47.913,10.131472222222222,7.6,1.0402835049565908,1.4980263459055048
SB82768_component_1141a,48.505074,8.89409,11.550999641418457,46.76518249511719,48.50529166666666,8.893749999999999,7.5,1.0695240819647645,1.540133285522461
SB82768_component_1142a,44.50456,3.848664,11.51200008392334,42.63703536987305,44.50529166666666,3.849694444444444,5.7,1.4025171782294024,2.0196491375304104
SB82768_component_1144a,43.77758,9.6417,10.765999794006348,15.358059883117676,43.77566666666666,9.640749999999999,5.2,1.4377496957763185,2.0703845757704515
SB82768_component_1145a,44.694638,5.582037,11.430999755859375,41.11870574951172,44.69529166666666,5.582416666666666,4.2,1.890023420877653,2.721666608537946
SB82768_component_1147a,47.005985,2.400376,11.307999610900879,12.371991157531738,47.00641666666666,2.399972222222222,11.8,0.665481579011628,0.9583050517712609
SB82768_component_1148a,48.856022,3.726962,11.434000015258789,39.97901916503906,48.85637499999999,3.726944444444444,6.0,1.3233636426642474,1.905666669209798
SB82768_component_1149a,44.095931,4.636368,11.062999725341797,38.017181396484375,44.096,4.6356111111111105,7.3,1.0524035449992333,1.5154794144303831
SB82768_component_1150a,46.890032,3.187007,12.131999969482422,26.840707778930664,46.89041666666666,3.1879166666666663,7.9,1.066442808877222,1.535696198668661
SB82768_component_1153a,44.476351,8.291702,10.833000183105469,35.40196228027344,44.47783333333333,8.291638888888889,7.2,1.044836931094789,1.5045833587646484
SB82768_component_1154a,48.111684,6.77266,11.147000312805176,50.668182373046875,48.11216666666666,6.772027777777777,5.9,1.3120133754263044,1.8893220869161313
SB82768_component_1159a,48.19156,7.956078,10.545999526977539,51.44390106201172,48.19158333333333,7.957166666666666,5.2,1.4083696732012232,2.028076832111065
SB82768_component_1160a,50.001412,3.995776,11.402000427246094,20.470378875732422,50.00291666666666,3.9947499999999994,7.2,1.0997166928257307,1.5836111704508462
SB82768_component_1163a,43.757543,4.272394,11.354000091552734,39.017181396484375,43.75695833333333,4.271194444444444,7.7,1.023977535664817,1.47454546643542
SB82768_component_1165a,47.299575,6.931001,10.973999977111816,52.759613037109375,47.299208333333326,6.931138888888888,6.9,1.1044552528254796,1.5904347792915676
SB82768_component_1167a,44.936652,7.597011,11.805000305175781,37.00627136230469,44.93720833333333,7.5971111111111105,7.7,1.0646516666852686,1.5331169227501014
SB82768_component_1168a,47.293794,3.565323,11.291000366210938,31.985837936401367,47.29333333333333,3.5646388888888882,5.7,1.3755925866540122,1.9808772572299889
SB82768_component_1172a,44.738869,7.839821,10.920999526977539,34.89137268066406,44.73766666666666,7.839944444444443,4.3,1.763706004889771,2.539767331855242
SB82768_component_1173a,50.042496,7.600518,11.505999565124512,26.5727481842041,50.042583333333326,7.600722222222221,7.3,1.0945453341519054,1.5761643239896592
SB82768_component_1175a,44.785451,4.249339,10.364999771118164,28.013511657714844,44.78454166666666,4.248166666666666,7.5,0.9597106059133111,1.3819999694824219
SB82768_component_1176a,48.660167,3.225052,12.008000373840332,32.02133560180664,48.66058333333333,3.225361111111111,6.5,1.2828905231064454,1.8473846728985126
SB82768_component_1180a,49.587636,8.490235,11.190999984741211,39.967857360839844,49.58804166666666,8.489194444444443,8.6,0.9036551015798795,1.301279067993164
SB82768_component_1181a,43.498282,8.936079,11.555999755859375,29.10831069946289,43.499083333333324,8.935694444444444,5.4,1.4860931249035854,2.139999954788773
SB82768_component_1182a,44.870775,3.763512,11.513999938964844,41.5667839050293,44.87183333333333,3.764083333333333,8.3,0.9633417695604672,1.3872289083090172
SB82768_component_1184a,47.697528,2.737578,11.029000282287598,20.273897171020508,47.69758333333333,2.739305555555555,5.6,1.3676670427517665,1.9694643361227855
SB82768_component_1192a,48.21688,6.540665,11.085000038146973,48.19565200805664,48.21691666666666,6.540166666666666,6.8,1.132032895428412,1.6301470644333784
SB82768_component_1193a,44.637347,4.395319,10.71500015258789,38.26785659790039,44.636041666666664,4.395555555555555,6.5,1.1447511428118733,1.6484615619365985
SB82768_component_1194a,45.870508,7.805204,9.769000053405762,36.86415481567383,45.87024999999999,7.804416666666666,9.2,0.7373854186946148,1.0618478318919307
SB82768_component_1196a,48.654564,8.681713,10.300999641418457,42.04489517211914,48.65441666666666,8.682333333333332,7.1,1.0075190910990919,1.4508450199180927
SB82768_component_1198a,45.652187,2.939181,11.711999893188477,33.178470611572266,45.65279166666666,2.9387777777777773,8.2,0.9918579261370215,1.4282926699010339
SB82768_component_1199a,49.406511,8.822892,10.454000473022461,38.153289794921875,49.40641666666666,8.822444444444443,9.4,0.7723015787887505,1.1121277098960065
SB82768_component_1200a,42.988163,5.98347,10.21399974822998,16.26432991027832,42.98808333333333,5.983972222222222,7.5,0.9457292912332329,1.3618666330973308
SB82768_component_1203a,48.047317,2.887484,11.048999786376953,24.230262756347656,48.04641666666666,2.8877499999999996,7.0,1.0961176880169392,1.5784285409109933
SB82768_component_1204a,50.333774,5.044016,11.277999877929688,14.917989730834961,50.33366666666666,5.042583333333333,7.1,1.103077427625531,1.5884506870323505
SB82768_component_1205a,44.994393,5.324332,10.128000259399414,41.17073059082031,44.99462499999999,5.323527777777777,6.6,1.0656437179621208,1.5345454938483962
SB82768_component_1206a,50.06896,3.221721,11.937999725341797,11.262264251708984,50.06737499999999,3.223083333333333,7.9,1.049389547600877,1.511139205739468
SB82768_component_1215a,43.435011,4.738582,10.552000045776367,28.365591049194336,43.435624999999995,4.739472222222221,5.0,1.4655378554490093,2.1104000091552733
SB82768_component_1216a,43.541585,6.446725,10.454999923706055,33.725807189941406,43.541124999999994,6.446527777777777,6.5,1.1169736761851512,1.6084615267240083
SB82768_component_1220a,43.128617,5.387746,10.907999992370605,23.97362518310547,43.12841666666666,5.3878611111111105,7.4,1.0236362804736816,1.4740540530230548
SB82768_component_1221a,46.02457,2.804328,11.125,22.938142776489258,46.02420833333333,2.8047777777777774,5.3,1.4576605857729052,2.099056603773585
SB82768_component_1222a,50.49997,7.021127,11.21500015258789,14.993314743041992,50.499708333333324,7.0209722222222215,8.6,0.9055930762151219,1.3040697851846386
SB82768_component_1227a,49.471467,4.81641,9.711999893188477,33.605533599853516,49.47154166666666,4.8165,7.5,0.8992483847509453,1.2949333190917969
SB82768_component_1230a,46.090898,3.660262,10.631999969482422,41.36964797973633,46.090083333333325,3.6608333333333327,7.4,0.9977356903528972,1.4367567526327596
SB82768_component_1231a,46.86821,10.123278,9.369999885559082,14.283535957336426,46.86879166666666,10.12336111111111,9.4,0.6922197606114594,0.9968084984637321
SB82768_component_1234a,44.500963,7.477142,10.954999923706055,39.40647506713867,44.49999999999999,7.477472222222222,5.9,1.2894147326061618,1.856779648085772
SB82768_component_1242a,43.724338,5.839999,10.611000061035156,37.896427154541016,43.724666666666664,5.842,4.2,1.7544430988208806,2.5264285859607516
SB82768_component_1244a,47.687545,3.899614,9.949999809265137,31.78913688659668,47.687625,3.899222222222222,5.1,1.3548310996641144,1.9509803547578701
SB82768_component_1247a,43.717341,6.886247,10.01200008392334,29.104650497436523,43.71683333333333,6.883638888888888,4.3,1.6169055428811578,2.3283721125403116
SB82768_component_1249a,42.860869,7.920198,10.347999572753906,16.60995101928711,42.86045833333333,7.919499999999999,10.5,0.684383237492825,0.9855237688337054
SB82768_component_1253a,47.716085,9.614447,9.970999717712402,32.478824615478516,47.71512499999999,9.614888888888888,5.5,1.2589494003364954,1.8129090395840732
SB82768_component_1255a,42.766609,7.030711,9.312999725341797,15.811544418334961,42.76624999999999,7.029194444444443,6.2,1.0431101263531213,1.5020967298938381
SB82768_component_1256a,48.119573,2.558367,9.105999946594238,11.585241317749023,48.12020833333333,2.557722222222222,5.8,1.0902645989285267,1.56999999079211
SB82768_component_1257a,43.937037,9.498084,9.574999809265137,18.134469985961914,43.93491666666666,9.499166666666666,3.0,2.2164083626357765,3.191666603088379
SB82768_component_1259a,46.4041,4.917481,10.104999542236328,37.98871994018555,46.40433333333333,4.915833333333333,8.3,0.8454549411176073,1.2174698243658226
SB82768_component_1260a,45.770596,8.508607,9.918000221252441,36.463233947753906,45.77166666666666,8.50786111111111,6.8,1.0128554324480525,1.4585294443018297
SB82768_component_1261a,49.706761,3.253558,10.208000183105469,16.817134857177734,49.70579166666666,3.2548611111111105,7.6,0.9327372855153145,1.343157918829667
SB82768_component_1264a,43.426129,7.53161,9.836000442504883,31.83171844482422,43.426958333333324,7.531055555555555,7.4,0.923036937545416,1.3291892489871462
SB82768_component_1276a,45.635569,6.532541,9.87399959564209,40.13821029663086,45.635625,6.531527777777777,10.3,0.6657146912436078,0.9586407374409796
SB82768_component_1279a,45.77805,8.73717,10.237000465393066,39.0725212097168,45.77783333333333,8.736638888888887,5.9,1.2049054595801867,1.7350848246428925
SB82768_component_1280a,49.409741,9.93026,10.59000015258789,13.138957977294922,49.408958333333324,9.929555555555554,7.0,1.0505825602119938,1.512857164655413
SB82768_component_1282a,44.453575,8.979281,9.949999809265137,28.840579986572266,44.45354166666666,8.979694444444442,6.4,1.079631032544841,1.5546874701976776
SB82768_component_1284a,47.022179,3.133414,8.189000129699707,17.840959548950195,47.024249999999995,3.134444444444444,3.6,1.5796491497515133,2.2747222582499185
SB82768_component_1287a,49.546019,9.249782,9.77400016784668,26.203754425048828,49.54537499999999,9.249277777777776,6.9,0.9836837843092875,1.4165217634560405
SB82768_component_1288a,43.416541,4.70532,9.310999870300293,25.3016300201416,43.41674999999999,4.704694444444444,4.9,1.3195702065194013,1.900204055163325
SB82768_component_1292a,47.265046,8.847067,9.28499984741211,41.266666412353516,47.26483333333333,8.84775,4.9,1.3158854405383054,1.8948979280432874
SB82768_component_1296a,45.691363,10.053038,10.588000297546387,17.357378005981445,45.69004166666666,10.052972222222222,6.7,1.0974162910506973,1.580298551872595
SB82768_component_1299a,45.188402,2.252124,9.8100004196167,18.405254364013672,45.18899999999999,2.252333333333333,7.5,0.9083223979371613,1.3080000559488931
SB82768_component_1301a,42.964519,8.355981,8.588000297546387,12.0280122756958,42.964124999999996,8.355666666666666,6.3,0.9466376256108231,1.3631746504041884
SB82768_component_1316a,45.06575,2.794444,9.12600040435791,15.520408630371094,45.06437499999999,2.7944166666666663,9.2,0.6888504035608661,0.9919565656910773
SB82768_component_1317a,43.937074,3.472432,9.973999977111816,28.994184494018555,43.936249999999994,3.4730277777777774,5.6,1.2368402125267979,1.7810714244842532
SB82768_component_1319a,44.968349,9.570543,9.14799976348877,24.59139633178711,44.96829166666666,9.571916666666665,6.2,1.02462917111499,1.4754838328207693
SB82768_component_1320a,45.643614,9.110873,9.510000228881836,34.086021423339844,45.64466666666666,9.110499999999998,4.8,1.375851465785796,1.9812500476837158
SB82768_component_1322a,44.65507,8.717472,9.187999725341797,30.93602752685547,44.65425,8.715805555555555,6.4,0.9969497307181459,1.4356249570846558
SB82768_component_1323a,44.621224,5.065457,9.699999809265137,33.33333206176758,44.621958333333325,5.064388888888888,5.1,1.3207901166079505,1.9019607469147328
SB82768_component_1324a,48.094226,7.152163,9.331000328063965,40.21982955932617,48.09270833333333,7.154416666666665,4.6,1.4086484893303435,2.028478332187819
SB82768_component_1326a,49.746136,6.727487,8.67199993133545,29.698631286621094,49.744749999999996,6.727472222222222,5.5,1.0949362573823909,1.5767272602428088
SB82768_component_1328a,43.698045,8.633536,9.1899995803833,28.27692222595215,43.69808333333333,8.634944444444443,4.6,1.3873624017479174,1.9978259957355002
SB82768_component_1329a,44.739993,5.879003,8.770999908447266,30.03767204284668,44.740916666666664,5.877861111111111,6.1,0.9985079621457373,1.4378688374503714
SB82768_component_1330a,46.652054,7.020492,9.197999954223633,42.781394958496094,46.65241666666666,7.020194444444444,4.5,1.4194272880185312,2.043999989827474
SB82768_component_1332a,45.364793,3.541054,9.526000022888184,32.623287200927734,45.36554166666666,3.539944444444444,4.4,1.503454061270894,2.16500000520186
SB82768_component_1335a,44.021955,7.986201,9.126999855041504,35.79215621948242,44.02170833333333,7.985527777777777,7.4,0.8565024009931346,1.2333783587893923
SB82768_component_1336a,49.314287,9.219923,10.253000259399414,34.29096984863281,49.31433333333333,9.219777777777777,7.9,0.901272537385217,1.2978481341011916
SB82768_component_1340a,46.050243,9.835655,8.848999977111816,20.62704086303711,46.050374999999995,9.835749999999999,7.3,0.8417896752070008,1.2121917776865503
SB82768_component_1341a,47.422378,6.606419,9.050999641418457,43.099998474121094,47.42191666666666,6.60575,6.3,0.9976730918843452,1.4366666097489615
SB82768_component_1344a,44.11666,2.831632,9.361000061035156,15.92006778717041,44.116749999999996,2.8303055555555554,9.3,0.6989909620554321,1.0065591463478663
SB82768_component_1347a,49.184239,9.402628,10.010000228881836,29.014493942260742,49.185249999999996,9.40361111111111,7.3,0.9522335702663963,1.371232908066005
SB82768_component_1352a,49.876768,3.622527,8.300000190734863,16.533864974975586,49.875833333333325,3.621694444444444,5.4,1.0673739599116365,1.537037072358308
SB82768_component_1353a,44.359932,9.181644,9.482999801635742,23.946969985961914,44.35920833333333,9.180888888888887,5.9,1.1161588077304057,1.6072881019721597
SB82768_component_1357a,44.658405,4.151355,9.25,30.528053283691406,44.65712499999999,4.150666666666666,7.6,0.8452017766708064,1.2171052631578947
SB82768_component_1358a,45.98275,6.001037,8.729000091552734,37.95217514038086,45.983124999999994,6.002138888888888,4.2,1.4432696147527417,2.0783333551316034
SB82768_component_1360a,43.753096,8.508984,8.998000144958496,29.893688201904297,43.751749999999994,8.50886111111111,4.9,1.2752113709525321,1.8363265601956114
SB82768_component_1366a,49.526993,7.572651,8.989999771118164,33.924530029296875,49.52770833333333,7.572444444444444,4.5,1.3873288821387637,1.9977777269151475
SB82768_component_1378a,45.13924,5.334022,8.836000442504883,38.25108337402344,45.141124999999995,5.333666666666666,5.8,1.0579374626707476,1.5234483521560143
SB82768_component_1380a,48.958822,7.984277,8.979999542236328,38.212764739990234,48.95704166666666,7.984583333333332,5.3,1.176610462290034,1.6943395362710054
SB82768_component_1384a,43.109563,3.848797,8.517999649047852,15.049469947814941,43.110375,3.848694444444444,5.3,1.1160766164534375,1.6071697451033682
SB82768_component_1387a,45.092754,5.796855,9.812000274658203,41.226890563964844,45.09316666666666,5.79611111111111,5.8,1.174794268271206,1.691724185285897
SB82768_component_1388a,46.722699,9.065232,8.77400016784668,39.16964340209961,46.72270833333333,9.066277777777776,6.6,0.9231790996042941,1.3293939648252546
SB82768_component_1391a,50.049037,6.27195,8.934000015258789,22.560606002807617,50.05024999999999,6.272305555555555,5.9,1.0515409695120552,1.5142372907218287
SB82768_component_1392a,49.950115,6.891177,9.894000053405762,28.268571853637695,49.95012499999999,6.890749999999999,18.3,0.3754508392777964,0.5406557406232656
SB82768_component_1393a,44.616419,8.88634,9.095000267028809,25.26388931274414,44.615958333333325,8.886944444444444,4.6,1.3730208912410808,1.9771739710932195
SB82768_component_1394a,49.049344,8.047107,9.107999801635742,42.56074523925781,49.0485,8.046972222222221,8.9,0.7106655556437911,1.023370764228735
SB82768_component_1398a,46.278391,4.84404,9.041999816894531,40.72972869873047,46.27854166666666,4.842527777777777,5.4,1.1627945696739213,1.674444410536024
SB82768_component_1400a,49.330755,2.874132,8.4399995803833,12.578240394592285,49.33112499999999,2.8748888888888886,5.7,1.0282526328563353,1.480701680769
SB82768_component_1402a,50.051201,6.78816,9.519000053405762,24.72467613220215,50.05112499999999,6.787972222222221,5.7,1.159708217263863,1.6700000093694318
SB82768_component_1407a,44.418482,5.457265,8.718000411987305,30.062070846557617,44.42054166666666,5.4575,4.0,1.5135234519712577,2.179500102996826
SB82768_component_1408a,48.611,3.794322,8.34000015258789,36.10389709472656,48.612333333333325,3.7941388888888885,5.0,1.158319359841207,1.6680000305175782
SB82768_component_1409a,44.051657,5.154822,8.005000114440918,27.414384841918945,44.050999999999995,5.153888888888888,5.3,1.0488605083980334,1.5103773800831921
SB82768_component_1410a,49.60319,3.331148,8.847000122070312,16.81939125061035,49.60424999999999,3.3316388888888886,5.4,1.1377177514012629,1.6383333559389466
SB82768_component_1415a,42.907791,8.620117,9.369999885559082,11.582200050354004,42.908583333333326,8.620166666666666,2.6,2.5026406729798913,3.603846109830416
SB82768_component_1416a,47.154693,7.423447,8.618000030517578,35.90833282470703,47.15483333333333,7.423638888888888,4.5,1.329922208343139,1.915111117892795
SB82768_component_1420a,43.315235,9.465066,8.652999877929688,11.2816162109375,43.31620833333333,9.464333333333332,5.4,1.1127694617562396,1.602407384801794
SB82768_component_1423a,43.646872,3.911428,8.923999786376953,26.32448387145996,43.64766666666666,3.911805555555555,5.3,1.1692730567233718,1.683773544599425
SB82768_component_1425a,46.719606,10.119359,8.350000381469727,13.893510818481445,46.72008333333333,10.119444444444444,5.6,1.0354538069095163,1.4910714966910228
SB82768_component_1426a,47.60986,5.094783,8.774999618530273,34.14396667480469,47.61054166666666,5.095583333333333,10.4,0.5859303953824585,0.8437499633202186
SB82768_component_1428a,48.934649,4.355396,8.819999694824219,33.7931022644043,48.93483333333333,4.355194444444444,29.5,0.2076246029628608,0.2989830405025159
SB82768_component_1430a,47.021792,6.471686,8.383000373840332,37.09292221069336,47.02204166666666,6.4690555555555544,5.7,1.0213083689804514,1.4707018199719881
SB82768_component_1437a,45.059766,9.929038,8.20199966430664,14.440139770507812,45.059749999999994,9.927777777777777,6.7,0.8501140723322712,1.2241790543741253
SB82768_component_1443a,49.418918,5.667528,8.178000450134277,32.07059097290039,49.418833333333325,5.6674999999999995,5.4,1.051684882412771,1.514444527802644
SB82768_component_1444a,45.871671,9.960739,9.333999633789062,17.950000762939453,45.87329166666666,9.959444444444443,6.9,0.9394008517323321,1.3527535701143567
SB82768_component_1445a,44.981218,8.265056,8.425000190734863,30.4151611328125,44.98224999999999,8.264249999999999,4.9,1.1940048755747052,1.719387794027523
SB82768_component_1450a,44.294371,2.843713,8.605999946594238,16.116106033325195,44.29416666666666,2.8428611111111106,4.0,1.4940791616531457,2.1514999866485596
SB82768_component_1455a,48.813167,9.377921,8.059000015258789,26.59735870361328,48.81325,9.376916666666665,6.2,0.9026548665433228,1.2998387121385144
SB82768_component_1456a,46.169628,9.661275,8.711000442504883,24.95988655090332,46.17004166666666,9.661083333333332,8.5,0.711674444317308,1.0248235814711626
SB82768_component_1457a,46.901647,2.803799,8.343999862670898,14.612959861755371,46.90208333333333,2.803666666666666,6.9,0.8397643974050152,1.2092753424160723
SB82768_component_1458a,46.394898,4.890393,9.394000053405762,37.130435943603516,46.39433333333333,4.890055555555555,6.1,1.0694315297722625,1.540000008755043
SB82768_component_1460a,50.333012,5.273486,8.1850004196167,11.243132591247559,50.332874999999994,5.2725833333333325,5.1,1.114501842395466,1.604902043062098
SB82768_component_1471a,46.325738,9.835884,8.140999794006348,18.844905853271484,46.32466666666666,9.836555555555554,3.8,1.4877378356261264,2.1423683668437756
SB82768_component_1472a,43.858128,4.087525,7.952000141143799,25.651613235473633,43.85787499999999,4.08686111111111,4.5,1.2271456893717103,1.7671111424763997
SB82768_component_1479a,43.150784,9.282968,8.9350004196167,11.396684646606445,43.15191666666666,9.28347222222222,6.2,1.0007720059639007,1.4411290999381772
SB82768_component_1483a,43.608225,7.106309,7.770999908447266,26.98263931274414,43.60858333333333,7.10636111111111,4.9,1.1013188805598477,1.585918348662707
SB82768_component_1485a,44.236346,3.256864,9.086000442504883,23.237852096557617,44.23541666666666,3.254805555555555,4.1,1.538938121238237,2.2160976689036302
SB82768_component_1488a,46.986999,10.26159,9.022000312805176,11.537084579467773,46.98774999999999,10.262444444444442,5.3,1.1821136414208473,1.7022642099632408
SB82768_component_1489a,49.626149,9.839191,8.090999603271484,10.590313911437988,49.625208333333326,9.838944444444444,5.8,0.9687382483118667,1.3949999315985318
SB82768_component_1490a,46.867501,7.964271,8.177000045776367,38.389671325683594,46.86733333333333,7.963805555555554,6.2,0.9158715561570816,1.3188709751252206
SB82768_component_1494a,47.292522,3.75511,9.069000244140625,26.21098518371582,47.29283333333333,3.755694444444444,10.3,0.6114408491652039,0.8804854605961772
SB82768_component_1495a,44.347441,5.61077,7.964000225067139,29.387454986572266,44.34983333333333,5.609694444444444,3.6,1.5362469147511773,2.212222284740872
SB82768_component_1496a,45.631545,9.622152,8.291999816894531,22.71780776977539,45.63079166666666,9.620666666666665,7.2,0.7997588382610926,1.1516666412353516
SB82768_component_1497a,46.982841,8.138145,7.984000205993652,31.93600082397461,46.983124999999994,8.13911111111111,4.9,1.131505632846089,1.6293877971415616
SB82768_component_1499a,45.017645,7.092017,8.817000389099121,28.25961685180664,45.01687499999999,7.092249999999999,7.7,0.7951744105676467,1.1450649855972885
SB82768_component_1500a,47.676994,3.873676,7.96999979019165,27.482759475708008,47.67441666666666,3.8739999999999997,3.5,1.581330059267741,2.2771427971976146
SB82768_component_1501a,44.557967,7.476178,8.442000389099121,29.51748275756836,44.55616666666666,7.475972222222222,3.9,1.5031870361515964,2.16461548438439
SB82768_component_1502a,48.466102,9.670973,8.791999816894531,23.382978439331055,48.465875,9.671999999999999,6.8,0.8978649503901086,1.2929411495433134
SB82768_component_1507a,48.680064,3.055683,7.6529998779296875,18.94306755065918,48.67929166666666,3.056333333333333,3.8,1.3985576418784078,2.0139473362972864
SB82768_component_1509a,44.710389,4.031346,8.727999687194824,32.567161560058594,44.70941666666666,4.033666666666666,3.6,1.683621573640683,2.4244443575541177
SB82768_component_1513a,49.816273,6.728081,8.038000106811523,25.762821197509766,49.816374999999994,6.727666666666666,5.8,0.9623925998284242,1.3858620873812972
SB82768_component_1519a,45.658479,7.6126,8.184000015258789,27.648649215698242,45.65783333333333,7.611999999999999,2.5,2.2733058717447276,3.2736000061035155
SB82768_component_1520a,48.202204,9.332428,7.7129998207092285,28.461254119873047,48.20249999999999,9.33175,4.6,1.1643880788397272,1.676739091458528
SB82768_component_1521a,49.432487,4.454318,7.671000003814697,26.180885314941406,49.43304166666666,4.4536388888888885,4.5,1.1837819945633918,1.7046666675143771
SB82768_component_1525a,44.066772,7.810087,7.879000186920166,27.742958068847656,44.066624999999995,7.810194444444443,5.2,1.0522041926911954,1.5151923436384933
SB82768_component_1528a,46.701971,5.576654,7.922999858856201,31.565738677978516,46.701541666666664,5.578027777777777,5.3,1.0381163699181102,1.494905633746453
SB82768_component_1529a,48.777489,4.384995,7.744999885559082,30.372549057006836,48.775999999999996,4.384499999999999,4.8,1.1205014919658094,1.6135416428248088
SB82768_component_1530a,43.978508,3.035174,7.3379998207092285,14.675999641418457,43.97895833333333,3.036194444444444,8.8,0.5790649593503512,0.833863615989685
SB82768_component_1532a,43.825963,3.244683,6.980999946594238,15.687640190124512,43.82662499999999,3.2439166666666663,5.8,0.83583759625875,1.2036206804472824
SB82768_component_1534a,50.158101,7.62638,7.196000099182129,15.711790084838867,50.15958333333333,7.62611111111111,5.1,0.9798356697936506,1.4109804116043392
SB82768_component_1536a,46.739187,5.752658,7.566999912261963,33.188594818115234,46.73770833333333,5.752055555555555,4.0,1.3136993905764462,1.8917499780654907
SB82768_component_1537a,48.860452,9.886005,8.260000228881836,14.491229057312012,48.85937499999999,9.886777777777777,4.4,1.3036459017817366,1.8772727792913262
SB82768_component_1538a,46.044181,9.100666,7.51800012588501,26.378948211669922,46.04441666666666,9.101416666666665,4.2,1.24304055809295,1.7900000299726213
SB82768_component_1540a,47.225497,7.579023,7.565000057220459,34.861751556396484,47.224875,7.578888888888888,6.7,0.7840908643076866,1.1291044861523072
SB82768_component_1545a,49.078409,3.3572,7.395999908447266,20.487533569335938,49.07804166666666,3.356416666666666,4.7,1.0927763817794893,1.5736170017972906
SB82768_component_1547a,42.802952,7.417391,7.855000019073486,13.660869598388672,42.804958333333325,7.417972222222221,4.4,1.2397261863934392,1.7852272770621558
SB82768_component_1551a,43.765858,8.94651,7.324999809265137,19.690858840942383,43.764374999999994,8.946416666666666,2.7,1.8839792465294096,2.7129628923204208
SB82768_component_1552a,47.878571,5.440742,8.220999717712402,30.44814682006836,47.87916666666666,5.441305555555555,5.4,1.0572145568047542,1.5224073551319262
SB82768_component_1555a,47.323794,9.571856,7.757999897003174,26.844289779663086,47.323208333333326,9.570805555555554,5.6,0.9620419353731375,1.3853571244648526
SB82768_component_1558a,45.240167,7.234666,7.548999786376953,23.664575576782227,45.24145833333333,7.23386111111111,4.1,1.278609177050847,1.84121946009194
SB82768_component_1563a,47.613057,6.27825,7.373000144958496,32.62389373779297,47.61179166666666,6.279499999999999,3.9,1.3128402895783522,1.8905128576816657
SB82768_component_1572a,43.639134,3.579774,7.465000152587891,19.389612197875977,43.638749999999995,3.5790833333333327,6.2,0.8361234276860499,1.2040322826754661
SB82768_component_1573a,47.199023,10.206006,7.5980000495910645,10.963924407958984,47.19804166666666,10.205305555555555,4.8,1.099234411532663,1.5829166769981384
SB82768_component_1574a,44.056044,7.40111,7.560999870300293,25.119600296020508,44.05541666666666,7.402055555555554,3.8,1.3817449781157933,1.9897368079737614
SB82768_component_1575a,44.684321,6.597654,7.4079999923706055,27.849624633789062,44.685624999999995,6.596777777777777,4.3,1.1963679733244517,1.722790695900141
SB82768_component_1576a,43.365226,3.980907,6.867000102996826,17.12468910217285,43.363833333333325,3.9807222222222216,4.8,0.9934775951493606,1.4306250214576721
SB82768_component_1577a,50.047391,8.737787,7.809000015258789,17.828767776489258,50.04687499999999,8.737694444444443,4.5,1.2050780353293702,1.7353333367241754
SB82768_component_1578a,45.750249,7.231859,7.48199987411499,29.11284065246582,45.74866666666666,7.231416666666666,2.4,2.1649043629982354,3.1174999475479126
SB82768_component_1581a,43.138834,6.5855,8.057999610900879,21.03916358947754,43.138625,6.5858888888888885,4.2,1.3323251085032246,1.9185713359287806
SB82768_component_1583a,49.490563,7.54288,8.027000427246094,31.35546875,49.490583333333326,7.545472222222221,4.8,1.161299688526745,1.6722917556762695
SB82768_component_1593a,45.868918,8.248029,7.830999851226807,27.19097328186035,45.867749999999994,8.24736111111111,2.2,2.471876653758204,3.5595453869212754
SB82768_component_1595a,45.016504,5.393256,7.478000164031982,34.30275344848633,45.016999999999996,5.393833333333332,5.4,0.9616653570939246,1.3848148451911078
SB82768_component_1601a,43.793257,7.437006,6.959000110626221,23.91408920288086,43.792291666666664,7.43661111111111,4.0,1.2081451447537164,1.7397500276565552
SB82768_component_1605a,45.944517,9.749288,7.864999771118164,19.324323654174805,45.94333333333333,9.748555555555555,4.1,1.3321315630452377,1.9182926271019913
SB82768_component_1606a,46.955609,8.96824,7.0960001945495605,27.71875,46.95570833333333,8.968138888888888,14.9,0.33071935414359904,0.4762416237952725
SB82768_component_1608a,44.424019,7.573431,7.046000003814697,23.486665725708008,44.423624999999994,7.572833333333333,2.3,2.1273897572039884,3.0634782625281294
SB82768_component_1619a,49.465517,8.369561,6.98199987411499,24.75886344909668,49.46608333333333,8.370888888888889,4.6,1.0540331400049767,1.5178260595902153
SB82768_component_1621a,43.435175,4.465527,7.863999843597412,19.610973358154297,43.43495833333333,4.465749999999999,4.9,1.1144989842374147,1.6048979272647779
SB82768_component_1628a,46.844034,2.682927,7.183000087738037,11.437897682189941,46.84312499999999,2.6815555555555552,4.4,1.1336668725668029,1.632500019940463
SB82768_component_1629a,50.203016,6.769285,6.999000072479248,16.08965492248535,50.20229166666666,6.770722222222221,3.5,1.388673712770875,1.9997143064226424
SB82768_component_1630a,46.445572,7.772971,7.423999786376953,33.745452880859375,46.444708333333324,7.773722222222221,5.6,0.9206237712705814,1.3257142475673132
SB82768_component_1631a,46.218251,10.262902,7.479000091552734,10.460140228271484,46.21874999999999,10.26147222222222,3.9,1.331714695904958,1.917692331167368
SB82768_component_1635a,47.68346,4.602991,7.89300012588501,27.50174331665039,47.683249999999994,4.6027499999999995,4.4,1.2457236055386463,1.7938636649738657
SB82768_component_1640a,48.85412,3.00093,6.461999893188477,14.047825813293457,48.854499999999994,3.0003055555555553,4.3,1.043592025350796,1.5027906728345295
SB82768_component_1642a,47.776803,8.106591,6.90500020980835,32.88095474243164,47.77591666666666,8.107805555555554,4.7,1.0202300214799664,1.469148980810287
SB82768_component_1643a,44.115794,3.802218,7.1529998779296875,25.637990951538086,44.116249999999994,3.8035833333333327,3.3,1.5052427308985086,2.167575720584754
SB82768_component_1647a,49.965289,3.858732,6.875,12.707947731018066,49.96516666666666,3.859333333333333,5.5,0.8680450679321796,1.25
SB82768_component_1648a,43.695459,5.10911,6.559000015258789,22.69550132751465,43.69683333333333,5.109555555555555,4.2,1.0844776407261871,1.5616666702997115
SB82768_component_1649a,46.39984,5.048573,6.796999931335449,29.42424201965332,46.400166666666664,5.048444444444444,4.6,1.0261047421097567,1.4776086807250979
SB82768_component_1650a,47.605386,3.577058,7.36899995803833,23.618589401245117,47.605458333333324,3.5762777777777774,5.5,0.9304180464243798,1.3398181741887873
SB82768_component_1653a,49.107465,4.139013,7.151000022888184,28.376983642578125,49.107833333333325,4.138472222222222,5.0,0.9931824481041586,1.4302000045776366
SB82768_component_1654a,47.399338,7.344682,6.807000160217285,30.253334045410156,47.399874999999994,7.34286111111111,4.2,1.1254824602838418,1.6207143238612582
SB82768_component_1655a,48.82305,9.190377,7.934000015258789,28.956205368041992,48.82341666666666,9.190305555555554,5.3,1.0395576727878082,1.4969811349544886
SB82768_component_1656a,43.344376,7.512915,7.316999912261963,20.381614685058594,43.344249999999995,7.513999999999999,6.5,0.7817213151875922,1.125692294194148
SB82768_component_1659a,45.94028,6.446934,7.6020002365112305,32.90909194946289,45.940458333333325,6.4464999999999995,4.7,1.1232134147613337,1.6174468588321766
SB82768_component_1664a,49.45212,8.302298,6.632999897003174,26.96341323852539,49.45249999999999,8.300999999999998,4.1,1.123462018768441,1.6178048529276035
SB82768_component_1675a,48.225704,5.461589,7.270999908447266,25.875446319580078,48.223749999999995,5.461361111111111,3.0,1.683081495856794,2.4236666361490884
SB82768_component_1685a,47.09175,2.776028,7.520999908447266,13.012110710144043,47.09083333333333,2.7762499999999997,7.4,0.7057910136698403,1.0163513389793601
SB82768_component_1696a,48.015141,9.668191,6.803999900817871,18.241287231445312,48.01499999999999,9.66736111111111,3.5,1.3499836699693695,1.943999971662249
SB82768_component_1697a,45.6862,2.969724,6.949999809265137,18.733154296875,45.68637499999999,2.9694722222222216,6.3,0.766084197658691,1.1031745728992282
SB82768_component_1698a,44.285959,8.7195,6.263000011444092,20.334415435791016,44.286583333333326,8.719444444444443,4.5,0.9665006702921295,1.3917777803209093
SB82768_component_1703a,46.718496,4.39314,6.632999897003174,24.65799331665039,46.71812499999999,4.390805555555555,3.1,1.4858691215969704,2.139677386130056
SB82768_component_1706a,48.197277,8.884016,6.513999938964844,28.570175170898438,48.19804166666666,8.883249999999999,3.6,1.2565434487842113,1.8094444274902344
SB82768_component_1709a,45.499588,9.828147,6.8379998207092285,15.094922065734863,45.500583333333324,9.82961111111111,2.8,1.6959120053965069,2.4421427931104387
SB82768_component_1719a,47.574355,5.755846,6.51200008392334,30.009218215942383,47.575374999999994,5.756083333333333,4.2,1.0767065819473514,1.550476210457938
SB82768_component_1721a,47.249891,6.830661,7.4120001792907715,34.47441864013672,47.24904166666666,6.828277777777777,4.8,1.0723250331909642,1.5441667040189109
SB82768_component_1727a,49.629107,7.61062,6.89300012588501,25.624536514282227,49.629749999999994,7.609583333333332,3.7,1.2937156243308918,1.8629730069959485
SB82768_component_1735a,49.530538,3.353577,5.440000057220459,10.441458702087402,49.52954166666666,3.354805555555555,3.4,1.1110976986402339,1.6000000168295467
SB82768_component_1744a,47.029862,8.12412,6.26200008392334,25.876033782958984,47.032,8.123527777777777,3.9,1.115015033485241,1.6056410471598308
SB82768_component_1747a,43.762539,6.32889,6.480000019073486,19.51807403564453,43.76358333333333,6.326888888888888,4.0,1.1249864113514338,1.6200000047683716
SB82768_component_1748a,47.114026,3.002161,6.85699987411499,15.170353889465332,47.11420833333333,3.001805555555555,4.8,0.9920308202561823,1.428541640440623
SB82768_component_1755a,48.69669,8.791703,6.855999946594238,26.167940139770508,48.696374999999996,8.78986111111111,3.8,1.2529088293440873,1.8042105122616416
SB82768_component_1758a,43.848321,8.217937,6.543000221252441,22.1047306060791,43.84716666666666,8.218305555555554,3.8,1.1957092782183878,1.7218421634874848
SB82768_component_1761a,49.389861,3.461358,5.901000022888184,13.787383079528809,49.38829166666666,3.4604722222222217,3.5,1.170819192168175,1.6860000065394811
SB82768_component_1762a,44.996656,5.614234,6.454999923706055,27.00836944580078,44.996916666666664,5.613333333333332,3.7,1.2115093723839212,1.7445945739746094
SB82768_component_1764a,45.076532,3.297336,7.073999881744385,23.42384147644043,45.07670833333333,3.298361111111111,3.1,1.584658247200267,2.281935445723995
SB82768_component_1768a,47.05269,5.934511,6.5289998054504395,28.889379501342773,47.05145833333333,5.93425,8.0,0.5667466079651413,0.8161249756813049
SB82768_component_1771a,47.88981,9.058353,6.619999885559082,28.290597915649414,47.88916666666666,9.057777777777776,4.5,1.021592577843761,1.471111085679796
SB82768_component_1772a,47.776497,7.254721,6.556000232696533,32.13725662231445,47.77737499999999,7.25311111111111,4.2,1.0839816509246565,1.5609524363563174
SB82768_component_1774a,44.837662,8.406969,6.474999904632568,20.686901092529297,44.836833333333324,8.40686111111111,6.0,0.7494122309436845,1.0791666507720947
SB82768_component_1777a,46.484575,6.260395,6.296999931335449,27.61842155456543,46.48491666666666,6.258249999999999,5.0,0.8745727573064016,1.25939998626709
SB82768_component_1783a,48.054814,5.318879,6.361000061035156,19.693498611450195,48.05529166666666,5.319444444444444,5.3,0.833454298882696,1.2001886907613504
SB82768_component_1786a,47.07704,8.084105,5.98799991607666,26.972972869873047,47.07637499999999,8.082472222222222,3.8,1.0942850092481369,1.575789451599121
SB82768_component_1788a,46.43489,5.538131,6.998000144958496,29.280336380004883,46.43699999999999,5.536999999999999,4.2,1.1570627640418856,1.6661905107044037
SB82768_component_1790a,48.003487,4.788096,6.269000053405762,18.384164810180664,48.001458333333325,4.787472222222221,2.6,1.674392177607828,2.411153866694524
SB82768_component_1793a,46.750812,5.116865,6.921000003814697,27.355731964111328,46.75133333333333,5.115972222222221,5.0,0.961238386955191,1.3842000007629394
SB82768_component_1795a,47.871443,4.56374,6.617000102996826,19.179710388183594,47.87066666666666,4.563555555555555,3.2,1.4359635759782796,2.067812532186508
SB82768_component_1796a,45.14399,3.696084,6.138999938964844,23.431297302246094,45.143249999999995,3.695083333333333,3.6,1.184206359789863,1.7052777608235676
SB82768_component_1797a,48.179042,3.241168,6.453999996185303,17.779613494873047,48.178708333333326,3.239972222222222,4.5,0.9959756204663036,1.4342222213745117
SB82768_component_1799a,47.90498,4.849801,6.676000118255615,18.24043846130371,47.905583333333325,4.848055555555555,4.2,1.1038226621269398,1.5895238376799083
SB82768_component_1806a,45.130124,8.269647,6.486000061035156,23.0,45.13108333333333,8.268777777777776,3.9,1.1549005874029503,1.6630769387269633
SB82768_component_1807a,48.522468,3.115589,6.52400016784668,15.72048282623291,48.52233333333333,3.1150555555555552,4.2,1.0786906988358136,1.5533333732968284
SB82768_component_1812a,46.74723,6.342355,6.507999897003174,29.581817626953125,46.746249999999996,6.341333333333332,3.6,1.2553860472659417,1.8077777491675482
SB82768_component_1813a,46.201429,4.78928,6.973999977111816,29.67659568786621,46.20191666666666,4.78825,4.4,1.1006811425256446,1.58499999479814
SB82768_component_1815a,48.269138,2.78201,5.940000057220459,10.384614944458008,48.26941666666666,2.780944444444444,3.5,1.1785572007284761,1.6971428734915597
SB82768_component_1817a,46.323426,3.858787,5.747000217437744,21.36431312561035,46.323208333333326,3.8570833333333328,3.8,1.0502431987688416,1.5123684782730906
SB82768_component_1818a,48.250215,4.175087,6.551000118255615,23.0669002532959,48.25008333333333,4.174583333333333,4.2,1.083154922414269,1.5597619329180035
SB82768_component_1819a,45.659022,6.948433,6.235000133514404,23.797710418701172,45.65729166666666,6.947666666666666,3.3,1.3120633004736146,1.8893939798528498
SB82768_component_1822a,48.631865,7.674684,6.171999931335449,26.95196533203125,48.63145833333333,7.675833333333332,4.4,0.9741043817588159,1.4027272571216929
SB82768_component_1827a,43.436828,3.525313,6.236000061035156,13.497835159301758,43.437458333333325,3.5249999999999995,5.5,0.7873642322336492,1.133818192915483
SB82768_component_1831a,47.017896,5.36777,6.206999778747559,27.464601516723633,47.01895833333333,5.365888888888888,3.0,1.4367881452261193,2.068999926249186
SB82768_component_1832a,44.611663,4.121132,6.7210001945495605,26.460630416870117,44.611083333333326,4.122777777777777,5.7,0.8188254133964863,1.1791228411490458
SB82768_component_1839a,49.710351,9.259626,6.76800012588501,14.586207389831543,49.71079166666666,9.260472222222221,3.4,1.3823362656562006,1.9905882723191206
SB82768_component_1843a,43.562815,3.768885,6.664999961853027,18.934659957885742,43.561208333333326,3.7704999999999993,4.0,1.1571040689309369,1.6662499904632568
SB82768_component_1853a,48.566916,4.876626,5.730000019073486,21.301115036010742,48.56766666666666,4.877416666666666,4.6,0.8650257836187887,1.2456521780594536
SB82768_component_1855a,47.03316,4.745954,6.515999794006348,24.870227813720703,47.03229166666666,4.746388888888888,3.1,1.4596597377636924,2.1019354174214024
SB82768_component_1856a,45.660106,7.265754,6.250999927520752,24.228683471679688,45.65941666666666,7.266694444444443,2.8,1.550328473351086,2.2324999741145546
SB82768_component_1858a,50.00173,6.48902,5.892000198364258,16.738637924194336,50.00104166666666,6.4914444444444435,4.2,0.9741946118943843,1.402857190086728
SB82768_component_1863a,49.956572,6.468298,6.010000228881836,18.6068115234375,49.95566666666666,6.467583333333333,2.3,1.814591671983356,2.6130435777747114
SB82768_component_1867a,43.944198,7.521898,6.27400016784668,22.248228073120117,43.944374999999994,7.52286111111111,4.2,1.0373552194104718,1.4938095637730189
SB82768_component_1870a,43.516612,6.743106,5.683000087738037,18.041271209716797,43.515833333333326,6.742833333333333,4.1,0.9625561360427604,1.3860975823751311
SB82768_component_1872a,49.971503,5.024198,6.763999938964844,15.407744407653809,49.969874999999995,5.022472222222222,3.0,1.5657218097365322,2.2546666463216147
SB82768_component_1874a,43.292081,4.962298,6.440000057220459,15.518073081970215,43.291624999999996,4.963972222222222,2.3,1.9444209694445824,2.8000000248784604
SB82768_component_1876a,49.7167,7.29665,5.775000095367432,18.046875,49.71670833333333,7.296555555555555,5.3,0.7566732603911797,1.089622659503289
SB82768_component_1882a,49.697974,4.84041,6.401000022888184,16.164140701293945,49.69758333333333,4.840277777777777,5.0,0.889017039952297,1.2802000045776367
SB82768_component_1883a,45.453365,5.568966,5.765999794006348,24.536169052124023,45.45391666666666,5.569416666666666,2.3,1.7409209331774518,2.5069564321766733
SB82768_component_1885a,43.544264,6.247959,5.9039998054504395,17.783132553100586,43.543499999999995,6.245388888888888,4.7,0.8723298573946896,1.2561701713724338
SB82768_component_1891a,43.260805,5.681831,6.599999904632568,17.414247512817383,43.26112499999999,5.680694444444444,4.2,1.0912566410607916,1.57142854872204
SB82768_component_1892a,45.916096,6.173645,6.125,27.34375,45.91562499999999,6.173916666666666,4.3,0.9891676355506233,1.4244186046511629
SB82768_component_1893a,45.569845,9.022799,6.244999885559082,23.30223846435547,45.569624999999995,9.024388888888888,3.2,1.3552353374741466,1.9515624642372131
SB82768_component_1894a,49.179789,9.345227,6.011000156402588,17.889881134033203,49.17866666666666,9.346833333333333,2.5,1.6697020925135444,2.4044000625610353
SB82768_component_1901a,43.934228,7.66383,5.77400016784668,20.548044204711914,43.93637499999999,7.662749999999999,3.9,1.0281215113720794,1.4805128635504308
SB82768_component_1912a,47.286777,6.968227,5.421999931335449,24.871559143066406,47.28666666666666,6.969194444444444,2.9,1.2983559444756836,1.869655148736362
SB82768_component_1914a,49.126707,9.439892,5.988999843597412,16.31879997253418,49.12741666666666,9.440166666666665,2.8,1.4853490788803796,2.1389285155705045
SB82768_component_1920a,45.232349,7.333601,5.500999927520752,19.234264373779297,45.2345,7.334166666666666,5.1,0.7490377812987712,1.078627436768775
SB82768_component_1921a,48.584471,6.063418,5.760000228881836,18.000001907348633,48.58654166666666,6.065222222222221,3.2,1.2499849474922757,1.8000000715255737
SB82768_component_1924a,48.228705,9.726506,6.189000129699707,15.511279106140137,48.22733333333333,9.724999999999998,3.0,1.4326216101379865,2.063000043233236
SB82768_component_1925a,47.800011,3.447327,6.191999912261963,16.918033599853516,47.79945833333333,3.4446388888888886,7.6,0.565782629944788,0.8147368305607846
SB82768_component_1932a,47.081233,6.671265,5.960000038146973,25.25423812866211,47.080458333333326,6.670305555555554,3.8,1.089168134313491,1.568421062670256
SB82768_component_1934a,47.237724,8.201368,6.47599983215332,30.547168731689453,47.23720833333333,8.200444444444443,4.1,1.0968701881425,1.5795121541837367
SB82768_component_1936a,47.930503,3.55457,6.052999973297119,19.58899688720703,47.92945833333333,3.5543333333333327,3.9,1.077800363695216,1.5520512752043896
SB82768_component_1937a,48.006682,5.791418,5.997000217437744,22.460676193237305,48.006833333333326,5.790972222222221,2.9,1.436045920313115,2.0679311094612913
SB82768_component_1941a,47.107827,6.904972,5.914999961853027,28.574878692626953,47.10866666666666,6.905027777777777,3.6,1.1409970097123445,1.6430555449591742
SB82768_component_1949a,48.246917,3.588072,5.888000011444092,19.11688232421875,48.24683333333333,3.5897777777777775,2.6,1.5726305753595877,2.2646153890169582
SB82768_component_1952a,48.02005,6.155532,6.125999927520752,26.634780883789062,48.02091666666666,6.1571944444444435,2.2,1.9336887357226464,2.7845454216003414
SB82768_component_1955a,48.383534,6.207514,6.076000213623047,23.921260833740234,48.382708333333326,6.207833333333332,2.5,1.6877574458209137,2.430400085449219
SB82768_component_1960a,50.223021,5.822464,5.958000183105469,11.892216682434082,50.225333333333325,5.8221388888888885,4.4,0.9403295770334045,1.3540909507057883
SB82768_component_1972a,49.436443,7.219981,5.5,23.60515022277832,49.438083333333324,7.218055555555555,4.8,0.7957079789378313,1.1458333333333335
SB82768_component_1974a,46.127847,3.266433,5.784999847412109,19.54391860961914,46.129749999999994,3.2652499999999995,3.6,1.1159201301187762,1.6069444020589192
SB82768_component_1977a,44.768546,7.142852,5.991000175476074,21.47311782836914,44.768874999999994,7.145194444444444,4.0,1.0400916308605657,1.4977500438690186
SB82768_component_1979a,48.170375,3.355561,5.745999813079834,17.68000030517578,48.16870833333333,3.3558611111111105,2.9,1.3759411856781174,1.981379245889598
SB82768_component_1984a,47.234711,5.839724,5.561999797821045,27.13170623779297,47.23649999999999,5.839583333333333,3.2,1.2070166230845845,1.7381249368190765
SB82768_component_1991a,49.167271,5.903634,5.507999897003174,24.157894134521484,49.16829166666666,5.901972222222222,4.0,0.9562384289529116,1.3769999742507935
SB82768_component_1995a,47.295567,8.343459,5.6529998779296875,25.812786102294922,47.29504166666666,8.345138888888888,5.1,0.7697346922444045,1.1084313486136643
SB82768_component_1996a,49.780349,3.849937,5.7779998779296875,13.01351261138916,49.78004166666666,3.8477222222222216,3.2,1.2538910741374,1.8056249618530273
SB82768_component_1997a,48.581518,7.307417,5.585000038146973,24.388647079467773,48.58145833333333,7.307305555555555,3.7,1.0482230783815165,1.509459469769452
SB82768_component_2007a,47.240003,8.881432,5.065999984741211,22.122270584106445,47.24054166666666,8.879972222222221,4.1,0.8580519611510449,1.2356097523759053
SB82768_component_2010a,50.030442,6.18498,5.321000099182129,14.821727752685547,50.030583333333325,6.185444444444443,3.5,1.055741232585528,1.5202857426234655
SB82768_component_2015a,49.543349,3.331742,5.354000091552734,11.200837135314941,49.54283333333333,3.329416666666666,3.1,1.1993582898531068,1.7270968037266885
SB82768_component_2016a,49.154904,4.158832,5.453000068664551,20.97307777404785,49.15449999999999,4.1586388888888886,3.8,0.9965157505343368,1.4350000180696187
SB82768_component_2023a,46.942451,6.548383,5.525000095367432,25.0,46.94179166666666,6.548805555555555,4.8,0.7993248471847535,1.1510416865348816
SB82768_component_2027a,47.872777,4.659389,5.146999835968018,15.644376754760742,47.87383333333333,4.660138888888889,3.2,1.1169569555649437,1.6084374487400055
SB82768_component_2032a,45.969412,4.45215,5.098999977111816,22.36403465270996,45.96999999999999,4.4519166666666665,2.7,1.3114553426720617,1.8885185100414135
SB82768_component_2038a,43.548396,6.581533,5.084000110626221,16.890365600585938,43.549249999999994,6.581666666666666,3.3,1.0698524173080597,1.540606094129158
SB82768_component_2041a,45.162751,2.977255,5.191999912261963,13.177664756774902,45.16191666666666,2.9772777777777772,3.9,0.9244902392909345,1.3312820287851188
SB82768_component_2047a,44.662261,3.786284,5.546000003814697,18.364238739013672,44.66170833333333,3.7853611111111105,4.9,0.7859882367450117,1.131836735472387
SB82768_component_2048a,48.486607,4.368673,5.1529998779296875,19.819231033325195,48.486708333333326,4.368472222222222,3.0,1.1928096344245303,1.7176666259765625
SB82768_component_2052a,44.619009,8.051029,5.590000152587891,17.52351188659668,44.61758333333333,8.051444444444444,3.3,1.1763326211379515,1.6939394401781487
SB82768_component_2059a,43.302246,4.06921,5.677999973297119,13.815084457397461,43.304583333333326,4.070027777777777,3.2,1.232189968134903,1.7743749916553497
SB82768_component_2063a,47.646171,9.393005,5.189000129699707,18.80072593688965,47.645875,9.394944444444443,6.9,0.52223605450264,0.7520290043043053
SB82768_component_2067a,45.305096,9.312948,5.144000053405762,14.781609535217285,45.305125,9.310583333333332,3.0,1.1907263668804637,1.7146666844685872
SB82768_component_2071a,45.991769,4.95526,5.491000175476074,25.073060989379883,45.99224999999999,4.9544444444444435,3.4,1.1215142636086444,1.61500005161061
SB82768_component_2087a,47.495152,3.252269,5.002999782562256,12.570351600646973,47.493249999999996,3.252694444444444,2.9,1.198021872032809,1.725172338814571
SB82768_component_2088a,44.848491,9.275616,5.567999839782715,15.818181037902832,44.84887499999999,9.274222222222221,2.7,1.4320814219764597,2.062222162882487
SB82768_component_2089a,48.955175,4.380405,5.4629998207092285,19.23591423034668,48.955124999999995,4.378916666666666,4.0,0.9484260100962053,1.3657499551773071
SB82768_component_2095a,46.207692,9.834254,4.794000148773193,10.287553787231445,46.20858333333333,9.833416666666665,3.3,1.0088262266202923,1.4527273178100586
SB82768_component_2096a,49.847445,8.111821,5.561999797821045,17.713375091552734,49.84579166666666,8.111333333333333,3.4,1.1360156452560795,1.635882293476778
SB82768_component_2100a,46.251433,3.020515,4.579999923706055,12.51366138458252,46.25183333333333,3.0193888888888885,3.4,0.9354461988006587,1.3470588010900162
SB82768_component_2106a,43.781247,3.757554,5.125,14.898255348205566,43.78170833333333,3.756555555555555,4.2,0.8473773282195085,1.2202380952380951
SB82768_component_2114a,45.469987,5.25912,4.820000171661377,23.980100631713867,45.46999999999999,5.260305555555555,5.2,0.6436888271450641,0.9269231099348801
SB82768_component_2115a,47.157134,5.322966,5.111999988555908,21.47899055480957,47.15779166666666,5.321305555555555,3.2,1.1093615943338286,1.5974999964237213
SB82768_component_2118a,47.100856,5.171838,5.179999828338623,20.803213119506836,47.09924999999999,5.173694444444444,2.8,1.2847066579653939,1.8499999386923656
SB82768_component_2127a,47.776121,6.504037,5.517000198364258,24.85135269165039,47.77779166666666,6.505083333333332,3.7,1.0354604998856107,1.4910811346930426
SB82768_component_2129a,49.412132,3.38281,5.408999919891357,12.727058410644531,49.40991666666666,3.384222222222222,2.6,1.444694062432999,2.080384584573599
SB82768_component_2137a,48.833636,3.530395,4.894999980926514,16.26245880126953,48.83379166666666,3.530194444444444,3.6,0.9442401313269718,1.3597222169240315
SB82768_component_2152a,48.240097,7.20262,4.96999979019165,23.779903411865234,48.239708333333326,7.2029444444444435,3.2,1.0785459513749573,1.5531249344348907
SB82768_component_2154a,46.291821,9.26042,5.14900016784668,19.430191040039062,46.291374999999995,9.260916666666665,4.4,0.8126480364511409,1.1702273108742454
SB82768_component_2155a,47.253911,5.883267,5.198999881744385,25.115942001342773,47.255083333333324,5.88536111111111,3.3,1.0940524134613814,1.5754545096195107
SB82768_component_2161a,49.289111,7.560312,4.73799991607666,18.22307777404785,49.28904166666666,7.560805555555555,2.9,1.1345648162795656,1.6337930745091933
SB82768_component_2164a,44.720364,5.721541,5.099999904632568,15.69230842590332,44.71854166666666,5.721888888888889,4.4,0.8049145024856158,1.1590908874164927
SB82768_component_2168a,46.731008,9.351898,5.501999855041504,19.5800724029541,46.73141666666666,9.349722222222221,3.7,1.0326451541475339,1.487026987849055
SB82768_component_2171a,45.166203,4.747319,4.741000175476074,20.00421905517578,45.165499999999994,4.746944444444444,3.9,0.844184988592329,1.2156410706348908
SB82768_component_2173a,44.56752,9.327581,5.01800012588501,13.2052640914917,44.570249999999994,9.328222222222221,4.0,0.8711700520315077,1.2545000314712524
SB82768_component_2176a,50.001805,5.456342,5.429999828338623,13.115941047668457,50.00162499999999,5.4551388888888885,2.2,1.7139943890406992,2.4681817401539194
SB82768_component_2185a,46.359047,8.626251,4.900000095367432,21.875,46.35745833333333,8.625805555555555,2.2,1.5466985147821484,2.2272727706215596
SB82768_component_2188a,45.46128,7.875244,4.742000102996826,16.522647857666016,45.461999999999996,7.87611111111111,3.8,0.8665831161137437,1.2478947639465332
SB82768_component_2189a,47.134224,7.695382,4.940000057220459,22.764978408813477,47.13445833333333,7.696833333333332,3.2,1.072035671313726,1.5437500178813934
SB82768_component_2196a,49.181529,6.283916,5.263999938964844,22.210969924926758,49.181416666666664,6.282888888888888,3.5,1.0444318136259947,1.503999982561384
SB82768_component_2198a,46.551082,9.949817,5.388000011444092,10.127819061279297,46.55154166666666,9.947694444444442,4.0,0.935405367190514,1.347000002861023
SB82768_component_2200a,48.717672,8.835469,4.958000183105469,20.48760414123535,48.716583333333325,8.836166666666665,4.2,0.8197652582383895,1.1804762340727306
SB82768_component_2203a,49.173453,8.081383,5.0329999923706055,21.693965911865234,49.175083333333326,8.082027777777776,3.1,1.1274505342658068,1.623548384635679
SB82768_component_2206a,44.55986,9.074684,5.191999912261963,15.181285858154297,44.56170833333333,9.075555555555555,3.1,1.1630683655595628,1.6748386813748266
SB82768_component_2213a,49.494536,5.553783,4.625999927520752,18.430278778076172,49.49312499999999,5.552833333333332,3.0,1.0708203790237356,1.5419999758402507
SB82768_component_2218a,43.02617,6.628352,5.209000110626221,11.250539779663086,43.02783333333333,6.626333333333332,3.1,1.1668766077128436,1.680322616331039
SB82768_component_2220a,49.278696,4.886826,4.703000068664551,19.11788558959961,49.27641666666666,4.887527777777777,2.7,1.209604744915249,1.7418518772831668
SB82768_component_2221a,49.6099,8.309765,4.873000144958496,18.11524200439453,49.61033333333333,8.309916666666666,3.3,1.025450604088247,1.4766667105934836
SB82768_component_2225a,45.884049,5.538838,4.828999996185303,18.431297302246094,45.88516666666666,5.538166666666666,3.0,1.1178105679288441,1.6096666653951008
SB82768_component_2229a,45.460789,9.456126,4.892000198364258,14.51632022857666,45.46158333333333,9.453638888888888,4.0,0.8492953289026676,1.2230000495910645
SB82768_component_2231a,43.251407,8.440511,5.353000164031982,11.059917449951172,43.25062499999999,8.43936111111111,3.4,1.093328327300732,1.574411812950583
SB82768_component_2242a,47.24434,3.681959,4.3460001945495605,12.207865715026855,47.24354166666666,3.683083333333333,3.0,1.006006409096277,1.4486667315165203
SB82768_component_2259a,48.596864,6.924526,4.995999813079834,21.816593170166016,48.59579166666666,6.924833333333332,2.8,1.2390722848954403,1.7842856475285123
SB82768_component_2263a,44.99268,3.70519,4.64900016784668,16.427562713623047,44.993583333333326,3.7062499999999994,3.4,0.9495392156506318,1.3673529905431412
SB82768_component_2271a,46.415917,7.386779,4.317999839782715,21.063413619995117,46.41570833333333,7.38611111111111,3.2,0.9370546160638318,1.3493749499320984
SB82768_component_2278a,48.104784,3.362793,4.939000129699707,15.291021347045898,48.102958333333326,3.362055555555555,3.9,0.8794409647389181,1.2664102896665916
SB82768_component_2290a,46.601911,9.138078,4.466000080108643,17.93574333190918,46.60099999999999,9.137777777777776,3.9,0.7952183267534412,1.1451282256688828
SB82768_component_2291a,47.360044,6.886162,4.479000091552734,21.028169631958008,47.357833333333325,6.885222222222222,3.4,0.9148173973506192,1.3173529681037455
SB82768_component_2293a,45.462748,3.590749,4.624000072479248,16.39716339111328,45.46399999999999,3.591444444444444,3.3,0.9730522320081582,1.4012121431755298
SB82768_component_2297a,43.296766,6.907524,4.889999866485596,14.011460304260254,43.29741666666666,6.9079444444444436,2.2,1.5435419150152137,2.2227272120389068
SB82768_component_2299a,45.699532,6.525778,4.672999858856201,20.05579376220703,45.699124999999995,6.52636111111111,2.7,1.2018887347934508,1.7307406884652596
SB82768_component_2305a,48.276323,9.138731,4.561999797821045,16.58909034729004,48.27641666666666,9.137333333333332,3.4,0.9317697469190961,1.3417646464179545
SB82768_component_2311a,44.890289,3.06537,4.681000232696533,12.286089897155762,44.89279166666666,3.0659166666666664,2.8,1.1609483328518888,1.671785797391619
SB82768_component_2312a,46.651759,6.478015,4.869999885559082,18.94941520690918,46.65145833333333,6.478277777777777,2.6,1.3007321173814892,1.8730768790611854
SB82768_component_2313a,43.643685,5.251784,4.994999885559082,16.323530197143555,43.645958333333326,5.251583333333333,3.8,0.9128178978908131,1.3144736540944952
SB82768_component_2314a,45.085014,5.386751,4.408999919891357,19.595556259155273,45.08275,5.385833333333332,3.2,0.9568026587437668,1.3778124749660492
SB82768_component_2318a,43.313028,4.571449,4.617000102996826,11.233576774597168,43.31399999999999,4.571916666666666,4.2,0.7633836510569066,1.099285738808768
SB82768_component_2325a,47.766584,3.991184,4.394999980926514,15.530035972595215,47.766999999999996,3.9888888888888885,2.8,1.0900165877157952,1.569642850330898
SB82768_component_2327a,47.72187,3.817061,4.0,13.74570369720459,47.72429166666666,3.8173888888888885,2.6,1.0683631605319133,1.5384615384615383
SB82768_component_2355a,46.28704,5.568808,4.192999839782715,18.310043334960938,46.286249999999995,5.5690277777777775,3.9,0.7466077601566778,1.07512816404685
SB82768_component_2358a,49.341356,8.01194,4.164000034332275,19.73459815979004,49.339499999999994,8.01186111111111,3.1,0.9327844368184666,1.3432258175265404
SB82768_component_2359a,45.622358,3.690237,4.235000133514404,18.73893928527832,45.62395833333333,3.690944444444444,2.9,1.0141161320246346,1.4603448736256568
SB82768_component_2360a,49.610577,7.05891,4.666999816894531,17.1580867767334,49.61029166666666,7.05886111111111,4.4,0.7365756678355787,1.0606817765669387
SB82768_component_2362a,45.008224,9.36832,4.114999771118164,11.494412422180176,45.00879166666666,9.367694444444444,6.8,0.4202359124542553,0.6051470251644359
SB82768_component_2370a,46.36955,9.472558,3.992000102996826,14.257143020629883,46.36991666666666,9.472249999999999,5.0,0.5544377600945837,0.7984000205993652
SB82768_component_2382a,45.062786,5.176346,4.635000228881836,19.15289306640625,45.06312499999999,5.175833333333332,4.0,0.8046778177090801,1.158750057220459
SB82768_component_2384a,46.991084,5.636275,4.716000080108643,21.83333396911621,46.990916666666664,5.636222222222221,4.0,0.818740121981214,1.1790000200271606
SB82768_component_2390a,45.894463,4.350922,4.686999797821045,20.83111000061035,45.89462499999999,4.348833333333332,4.1,0.7938589381263768,1.143170682395377
SB82768_component_2395a,44.822524,4.744743,4.078000068664551,16.44354820251465,44.82183333333333,4.745805555555555,3.4,0.8329147874426712,1.1994117849013386
SB82768_component_2396a,47.152464,7.754783,4.63700008392334,21.567441940307617,47.15154166666666,7.754416666666666,4.2,0.7666904862572872,1.1040476390293665
SB82768_component_2398a,47.577997,3.139841,3.996999979019165,11.420000076293945,47.57849999999999,3.142555555555555,3.4,0.8163708513676733,1.1755882291232838
SB82768_component_2408a,46.444267,3.725208,4.47599983215332,15.595818519592285,46.442583333333324,3.7255277777777773,2.6,1.1954983318049086,1.7215383969820461
SB82768_component_2409a,43.971311,7.150313,4.289000034332275,14.688356399536133,43.971666666666664,7.1499999999999995,2.8,1.0637272360465946,1.5317857265472412
SB82768_component_2428a,48.498678,9.012713,4.5269999504089355,18.55327796936035,48.49741666666666,9.012527777777777,2.6,1.209119993686676,1.7411538270803597
SB82768_component_2429a,44.923878,6.589919,4.053999900817871,15.070631980895996,44.92399999999999,6.592194444444444,3.2,0.8797636548256245,1.2668749690055847
SB82768_component_2431a,46.871364,9.857627,4.27400016784668,10.05647087097168,46.869208333333326,9.858277777777776,3.0,0.9893399376108314,1.4246667226155598
SB82768_component_2433a,49.608043,6.411906,4.5269999504089355,15.664359092712402,49.60883333333333,6.412694444444444,4.1,0.7667590203866728,1.1041463293680331
SB82768_component_2443a,49.441091,7.87818,4.1479997634887695,16.591999053955078,49.44262499999999,7.878999999999999,2.3,1.2524002561670518,1.8034781580385957
SB82768_component_2444a,48.908952,3.300432,4.330999851226807,12.269122123718262,48.910374999999995,3.299416666666666,4.5,0.6683560995684326,0.9624444113837348
SB82768_component_2445a,45.77579,9.756106,3.9130001068115234,10.033333778381348,45.777874999999995,9.757638888888888,3.1,0.8765575338156993,1.2622580989714591
SB82768_component_2453a,47.804157,9.055174,3.802000045776367,16.675437927246094,47.80304166666666,9.055444444444444,3.0,0.8800819701370923,1.2673333485921223
SB82768_component_2457a,45.782354,5.424347,4.431000232696533,18.08571434020996,45.78216666666666,5.423416666666666,5.4,0.5698233922960838,0.820555598647506
SB82768_component_2468a,49.58276,5.148642,4.2170000076293945,14.246621131896973,49.58129166666666,5.14986111111111,3.1,0.9446570472497186,1.3603225831062562
SB82768_component_2479a,47.000953,4.533581,3.694000005722046,10.676301002502441,47.00095833333333,4.53161111111111,3.4,0.7544843496255211,1.0864705899182487
SB82768_component_2486a,46.14926,7.014169,4.0,18.18181800842285,46.148374999999994,7.013249999999999,3.0,0.9259147391276581,1.3333333333333333
SB82768_component_2492a,46.949982,7.159375,4.355000019073486,19.52914810180664,46.948125,7.159694444444444,3.6,0.8400747305336195,1.209722227520413
SB82768_component_2499a,48.012565,6.130265,4.056000232696533,16.970712661743164,48.011874999999996,6.129777777777777,2.4,1.173596999174666,1.690000096956889
SB82768_component_2501a,43.994793,7.883998,3.7109999656677246,13.348920822143555,43.993583333333326,7.883472222222221,3.7,0.696500587523104,1.0029729636939795
SB82768_component_2506a,46.077176,3.149723,3.6670000553131104,11.317901611328125,46.077374999999996,3.1491388888888885,3.0,0.8488323498990866,1.2223333517710369
SB82768_component_2507a,49.893176,6.91203,3.888000011444092,11.675675392150879,49.893249999999995,6.911916666666666,5.8,0.46551161849024847,0.6703448295593262
SB82768_component_2515a,47.872384,7.483063,4.190999984741211,24.225435256958008,47.870708333333326,7.483305555555555,2.9,1.0035798252299166,1.4451724085314521
SB82768_component_2519a,47.655974,3.322954,3.4660000801086426,10.763975143432617,47.65749999999999,3.3244999999999996,3.7,0.6505176810791019,0.9367567784077412
SB82768_component_2527a,46.824693,9.06864,4.104000091552734,16.88888931274414,46.826833333333326,9.068083333333332,2.6,1.0961406271586351,1.5784615736741285
SB82768_component_2528a,47.393205,8.433473,3.822999954223633,17.377273559570312,47.39495833333333,8.432527777777777,2.6,1.02108807845193,1.4703845977783203
SB82768_component_2542a,44.748216,4.743744,3.7820000648498535,12.820340156555176,44.74849999999999,4.745555555555555,5.5,0.4775194913763052,0.6876363754272461
SB82768_component_2546a,47.869116,6.979661,4.059999942779541,18.5388126373291,47.86720833333333,6.978416666666666,4.5,0.6265356313128376,0.9022222095065646
SB82768_component_2557a,49.864152,7.816166,3.6440000534057617,10.781064987182617,49.86458333333333,7.8144166666666655,2.9,0.8725948341802676,1.256551742553711
SB82768_component_2563a,49.135369,7.533396,3.746000051498413,17.669811248779297,49.13625,7.533138888888888,2.6,1.0005221135928886,1.4407692505763128
SB82768_component_2566a,45.237412,4.908455,3.694000005722046,15.991341590881348,45.236458333333324,4.908916666666666,2.7,0.9500914032321377,1.3681481502674244
SB82768_component_2572a,48.922843,8.891585,3.4739999771118164,14.237704277038574,48.92274999999999,8.892333333333331,2.9,0.8318864954837012,1.1979310265902816
SB82768_component_2575a,44.334735,5.267749,3.953000068664551,14.586716651916504,44.33412499999999,5.270416666666666,2.5,1.0980423082047457,1.5812000274658202
SB82768_component_2577a,48.452287,8.182982,3.4560000896453857,12.255319595336914,48.452374999999996,8.182138888888888,2.8,0.8571325235970993,1.2342857463019234
SB82768_component_2586a,43.586783,4.713527,4.210999965667725,12.532737731933594,43.586208333333325,4.712944444444444,2.3,1.2714218265253725,1.8308695502903152
SB82768_component_2592a,45.598443,7.881675,3.625,12.674824714660645,45.59829166666666,7.882055555555555,4.4,0.5721206129553001,0.8238636363636362
SB82768_component_2593a,45.317418,7.40701,4.118000030517578,13.413680076599121,45.318708333333326,7.407694444444443,3.6,0.7943576924967441,1.143888897365994
SB82768_component_2595a,48.071263,8.06389,3.7070000171661377,16.047618865966797,48.069958333333325,8.064749999999998,3.0,0.8580914884601522,1.2356666723887126
SB82768_component_2602a,45.873288,9.039415,3.7139999866485596,12.806897163391113,45.87237499999999,9.037999999999998,4.2,0.6140798801353262,0.8842857111067999
SB82768_component_2604a,45.584652,3.707298,3.815999984741211,16.238298416137695,45.58566666666666,3.706833333333333,2.7,0.9814696195507794,1.41333332768193
SB82768_component_2613a,46.365814,8.054427,3.6110000610351562,14.10546875,46.36583333333333,8.053638888888887,2.7,0.9287439387509234,1.3374074300130208
SB82768_component_2614a,46.326194,6.320414,3.5480000972747803,14.907563209533691,46.32483333333333,6.320916666666665,4.0,0.6159647970924532,0.8870000243186951
SB82768_component_2623a,47.807208,7.358509,3.818000078201294,18.995025634765625,47.80720833333333,7.360527777777777,3.4,0.7798108558228962,1.1229411994709688
SB82768_component_2637a,48.408195,6.757486,3.997999906539917,18.172727584838867,48.40899999999999,6.755222222222221,3.0,0.9254517601240771,1.3326666355133057
SB82768_component_2638a,47.072933,5.299719,3.822000026702881,16.474138259887695,47.07291666666666,5.299444444444444,4.3,0.6172406088960175,0.8888372155122979
SB82768_component_2651a,46.884841,5.088198,3.7219998836517334,14.653542518615723,46.885999999999996,5.086305555555555,3.1,0.8337712624123957,1.2006451237586235
SB82768_component_2660a,43.566256,6.374173,3.5380001068115234,11.339743614196777,43.56475,6.374138888888888,3.4,0.7226220101320628,1.0405882667092716
SB82768_component_2664a,46.569292,9.401838,4.044000148773193,13.390729904174805,46.57016666666666,9.403999999999998,2.9,0.968379140375054,1.394482809921791
SB82768_component_2668a,48.35591,3.476559,3.8350000381469727,11.727828979492188,48.35399999999999,3.477527777777777,2.9,0.9183318258298483,1.3224138062575768
SB82768_component_2669a,48.032789,8.630037,3.930999994277954,18.283720016479492,48.033333333333324,8.631333333333332,3.9,0.699955929656288,1.0079487164815266
SB82768_component_2674a,48.232936,8.289859,3.86299991607666,16.368642807006836,48.23287499999999,8.29197222222222,2.8,0.9580737213065054,1.379642827170236
SB82768_component_2676a,48.045001,5.880193,3.697999954223633,13.798506736755371,48.04599999999999,5.879833333333332,2.5,1.02720979887272,1.4791999816894532
SB82768_component_2730a,48.505621,6.523929,3.805999994277954,16.915555953979492,48.506499999999996,6.524722222222222,2.4,1.101259841194294,1.5858333309491477
SB82768_component_2766a,47.361841,7.794944,3.372999906539917,15.615739822387695,47.35974999999999,7.794749999999999,3.3,0.7097978019412552,1.0221211837999749
SB82768_component_2770a,49.776599,5.941119,3.7309999465942383,12.074434280395508,49.773958333333326,5.941805555555555,4.3,0.6025443910876938,0.8676744061847066
SB82768_component_2778a,45.85836,8.294741,3.4619998931884766,12.63503646850586,45.85916666666666,8.293305555555554,3.4,0.7070992782268211,1.018235262702493
SB82768_component_2800a,43.570235,7.952367,3.2279999256134033,11.446807861328125,43.57283333333333,7.9521388888888875,2.3,0.9746258833788374,1.4034782285275669
SB82768_component_2813a,49.269899,8.668133,3.6670000553131104,15.738198280334473,49.267333333333326,8.667583333333333,2.5,1.018598819878904,1.4668000221252442
SB82768_component_2820a,49.806644,7.584885,3.4189999103546143,10.392097473144531,49.808749999999996,7.58536111111111,2.8,0.8479560026982534,1.2210713965552193
SB82768_component_2841a,49.114182,7.847978,3.430000066757202,15.806452751159668,49.11491666666666,7.849166666666665,2.7,0.8821910047275958,1.27037039509526
SB82768_component_2894a,47.259308,4.849251,3.309000015258789,11.734042167663574,47.26033333333333,4.84986111111111,2.7,0.851069968306044,1.2255555612069589
SB82768_component_2904a,46.840849,7.407395,3.2100000381469727,15.432692527770996,46.839749999999995,7.40786111111111,2.9,0.7686688830829208,1.1068965648782665
SB82768_component_2937a,46.161263,8.352441,3.2860000133514404,12.12546157836914,46.162124999999996,8.350166666666665,4.2,0.5433135437742465,0.7823809555598668
SB82768_component_2940a,48.456962,8.523799,2.8970000743865967,11.9218111038208,48.45775,8.522055555555555,2.3,0.8746875222158061,1.259565249733303
SB82768_component_2942a,46.220344,6.774742,3.25600004196167,14.93578052520752,46.21874999999999,6.775083333333332,3.5,0.6460239491684108,0.9302857262747628
SB82768_component_2958a,46.925745,6.810069,2.9700000286102295,13.62385368347168,46.92470833333333,6.811277777777777,2.1,0.9821310006070635,1.414285727909633
SB82768_component_2966a,49.368296,8.17604,2.8480000495910645,11.483871459960938,49.36962499999999,8.174805555555555,3.2,0.6180480991295315,0.8900000154972076
SB82768_component_2988a,46.868437,7.930697,2.7780001163482666,13.228572845458984,46.868583333333326,7.93236111111111,3.6,0.5358731777135853,0.7716666989856296
SB82768_component_2989a,49.426297,8.939298,3.063999891281128,10.457337379455566,49.42691666666666,8.939694444444443,2.8,0.759911426791805,1.0942856754575458
SB82768_component_2993a,48.361044,8.895981,2.746999979019165,12.896713256835938,48.36179166666666,8.894777777777776,2.2,0.8670981030535952,1.2486363540996204
SB82768_component_2994a,46.502972,6.897702,3.180999994277954,14.864485740661621,46.50370833333333,6.898916666666666,4.1,0.5387807524146867,0.7758536571409644
SB82768_component_2999a,44.613935,5.367477,3.1540000438690186,10.548495292663574,44.61370833333333,5.368666666666666,2.5,0.8761005383482815,1.2616000175476074
SB82768_component_3003a,46.537559,9.18217,3.115999937057495,11.010601043701172,46.53699999999999,9.184555555555555,2.6,0.8322548852429971,1.1984615142528827
SB82768_component_3034a,49.286689,4.34518,2.796999931335449,10.925780296325684,49.28666666666666,4.345972222222222,2.2,0.882880725600866,1.2713636051524768
SB82768_component_3037a,47.931114,6.483144,3.0,13.452914237976074,47.93033333333333,6.482694444444443,3.1,0.6720348913023325,0.9677419354838709
SB82768_component_3039a,45.697031,5.751972,2.687000036239624,12.158370971679688,45.697083333333325,5.754499999999999,2.5,0.7463798812772459,1.0748000144958496
SB82768_component_3047a,46.182487,3.202984,3.071000099182129,10.340067863464355,46.18308333333333,3.200916666666666,3.2,0.6664416224285703,0.9596875309944153
SB82768_component_3102a,47.843348,6.403082,3.125999927520752,14.209090232849121,47.84349999999999,6.4008055555555545,3.8,0.5712650146191031,0.8226315598738821
SB82768_component_3139a,49.313806,7.018614,2.7799999713897705,11.393442153930664,49.31349999999999,7.019499999999999,3.0,0.6435107370710641,0.9266666571299235
SB82768_component_3209a,48.839777,7.789396,2.8359999656677246,12.60444450378418,48.840083333333325,7.789722222222221,2.8,0.7033645093867712,1.012857130595616
SB82768_component_3244a,45.195971,5.597458,2.9200000762939453,11.40625,45.19687499999999,5.59536111111111,2.2,0.9217060598503808,1.3272727619517932
SB82768_component_3248a,46.324885,8.247347,2.8420000076293945,12.464912414550781,46.323833333333326,8.246388888888887,2.4,0.8223280298953042,1.184166669845581
SB82768_component_3275a,49.275919,5.238129,2.430999994277954,10.300847053527832,49.275458333333326,5.238583333333333,2.5,0.6752696176563632,0.9723999977111817
SB82768_component_3302a,46.00494,5.103226,2.438999891281128,10.792035102844238,46.006249999999994,5.101472222222221,2.4,0.7057206087712351,1.01624995470047
SB82768_component_3440a,46.768461,8.226529,2.3380000591278076,10.484305381774902,46.76812499999999,8.226111111111111,2.6,0.6244582831233961,0.8992307919722337
SB82768_component_3446a,48.275785,7.072795,2.384000062942505,11.629268646240234,48.276875,7.074277777777777,2.4,0.6898064988624156,0.9933333595593771
