Component_ID,RA,DEC,ASKAP_flux,ASKAP_flux_SNR,RA_comp,DEC_comp,Comp_flux,Flux_Ratio_AlphaCorr,Flux_Ratio_NOAlphaCorr
SB81882_component_2a,240.961169,-49.068203,1939.43701171875,2723.92822265625,240.96098307804368,-49.06823417141806,1688.4687713672379,1.148636589913529,1.148636589913529
SB81882_component_19a,239.86581,-51.841021,614.1859741210938,1021.9400634765625,239.86566943393672,-51.841008386226584,579.2723245699106,1.0602715649795722,1.0602715649795722
SB81882_component_22a,236.757223,-53.475922,547.947998046875,556.2923583984375,236.75714086399006,-53.476146960188245,503.7978726826493,1.0876346006169753,1.0876346006169753
SB81882_component_24a,246.262915,-51.405901,539.9970092773438,283.31427001953125,246.26261185774882,-51.40632418456458,624.4272140237281,0.8647877561224037,0.8647877561224037
SB81882_component_28a,246.169662,-53.197758,470.8689880371094,2038.393798828125,246.16982257960362,-53.198291477743574,502.4975299939216,0.9370573185559841,0.9370573185559841
SB81882_component_29a,238.587756,-48.50968,420.51800537109375,1244.1361083984375,238.58766634103492,-48.50974756421363,388.3017833726239,1.0829669689349697,1.0829669689349697
SB81882_component_31a,243.000944,-47.027194,417.09600830078125,983.717041015625,243.00103495018973,-47.02729971700471,430.5349971101277,0.9687853742447124,0.9687853742447124
SB81882_component_43a,238.23499,-51.69719,304.70001220703125,883.1884155273438,238.23495275222535,-51.69719545751177,293.80422036426637,1.0370852121499683,1.0370852121499683
SB81882_component_45a,236.237969,-50.968088,291.2980041503906,936.6495361328125,236.2379902721495,-50.96833907085185,257.7306701387912,1.1302419071565017,1.1302419071565017
SB81882_component_49a,236.851789,-51.628595,279.7179870605469,806.1036987304688,236.85187167449348,-51.62865344844087,263.66906607109536,1.0608676672944415,1.0608676672944415
SB81882_component_60a,238.33038,-53.465895,258.51800537109375,250.9883575439453,238.32998946254347,-53.466086024972654,237.66138326961763,1.0877577240969565,1.0877577240969565
SB81882_component_62a,240.440731,-52.629051,247.0279998779297,454.931884765625,240.44070059808564,-52.629120966923416,240.63593752194225,1.0265632075649738,1.0265632075649738
SB81882_component_63a,239.037776,-52.458195,252.5800018310547,571.4479370117188,239.0376827353343,-52.45819325275532,236.97692785296078,1.0658421649713312,1.0658421649713312
SB81882_component_69a,243.298047,-50.261614,238.31399536132812,472.84521484375,243.29808343268246,-50.261626783454325,220.68647479160592,1.0798758536805115,1.0798758536805115
SB81882_component_72a,235.992153,-50.77597,228.9739990234375,778.8231201171875,235.9921196825165,-50.77630992126152,218.9221421216431,1.0459152135292424,1.0459152135292424
SB81882_component_77a,234.940575,-47.79212,224.83999633789062,405.1170959472656,234.94043663003654,-47.79281060898374,228.30565125727725,0.9848201089184552,0.9848201089184552
SB81882_component_79a,243.909887,-48.241911,211.9149932861328,660.1713256835938,243.91019369835666,-48.24202993503551,217.03344882567302,0.9764162825258724,0.9764162825258724
SB81882_component_83a,241.59589,-49.023823,206.88400268554688,733.6312255859375,241.59590002362438,-49.023818604360635,199.67089092124044,1.0361250041557215,1.0361250041557215
SB81882_component_85a,242.804678,-48.062422,204.10299682617188,584.8223266601562,242.8048264221872,-48.06241614627697,206.85685895920932,0.9866871123012629,0.9866871123012629
SB81882_component_87a,241.930071,-53.324404,193.572998046875,336.6487121582031,241.92982040891675,-53.3245717210062,179.30176249328284,1.0795933924750283,1.0795933924750283
SB81882_component_88a,235.463053,-49.746034,202.2449951171875,697.3965454101562,235.46277227046042,-49.746624271181034,210.45297488624644,0.9609985091752896,0.9609985091752896
SB81882_component_91a,240.210395,-51.712645,189.93099975585938,379.1037902832031,240.21023601741032,-51.71262453082269,174.1441318630124,1.0906540330929178,1.0906540330929178
SB81882_component_92a,234.37803,-48.314337,198.33099365234375,263.0384521484375,234.37774402507824,-48.31517990619182,163.79094536846281,1.2108788627245537,1.2108788627245537
SB81882_component_96a,244.066217,-48.699897,184.64500427246094,601.4495239257812,244.0665954234236,-48.70007185027757,189.33114408001416,0.9752489753847746,0.9752489753847746
SB81882_component_97a,239.092715,-52.378029,195.3419952392578,495.7918701171875,239.09266816205593,-52.378038041691426,183.2604967507127,1.0659252741466672,1.0659252741466672
SB81882_component_101a,240.11855,-48.65161,177.80999755859375,658.5555419921875,240.11845409353145,-48.65165058870949,171.33378625592772,1.0377987987319224,1.0377987987319224
SB81882_component_102a,234.620052,-52.643453,190.63999938964844,312.5245666503906,234.6200039771106,-52.64419555854936,170.4878967937688,1.1182025409126648,1.1182025409126648
SB81882_component_112a,241.606748,-47.328668,163.69400024414062,536.7015991210938,241.6069534469687,-47.328711881253724,162.57510616896323,1.006882321048676,1.006882321048676
SB81882_component_113a,233.967879,-47.506411,168.88600158691406,2251.813232421875,233.96770002752987,-47.50712673952205,192.21810321837884,0.8786165234137328,0.8786165234137328
SB81882_component_114a,233.982373,-48.182788,165.156005859375,126.75057983398438,233.9820344684305,-48.183660226234466,173.31523401139248,0.9529226141108799,0.9529226141108799
SB81882_component_115a,233.611689,-52.319255,172.35699462890625,113.02098083496094,233.61152267509257,-52.320180664954385,174.06836321021686,0.9901684111360096,0.9901684111360096
SB81882_component_121a,241.603067,-53.522015,151.66299438476562,238.46383666992188,241.60263055951214,-53.522187931991056,139.98927322409017,1.0833901119122789,1.0833901119122789
SB81882_component_128a,245.221353,-48.698528,139.4459991455078,248.1245574951172,245.2221217777161,-48.69899197543523,146.02577500461052,0.9549409968281629,0.9549409968281629
SB81882_component_129a,246.303382,-52.13866,142.46299743652344,96.19378662109375,246.30358290087185,-52.13909432348781,170.9741924732646,0.8332426980686019,0.8332426980686019
SB81882_component_131a,239.264768,-52.454453,136.16600036621094,328.11083984375,239.2646711198021,-52.45444090639319,125.81455396468904,1.0822754289970866,1.0822754289970866
SB81882_component_135a,242.264323,-48.905262,129.68099975585938,447.1758728027344,242.26434025440287,-48.90528837938788,120.9483788342333,1.0722012234127969,1.0722012234127969
SB81882_component_137a,237.841502,-51.253564,129.69700622558594,495.0267639160156,237.8414130207338,-51.25354148487624,122.43449787254717,1.0593175002081436,1.0593175002081436
SB81882_component_142a,238.150768,-46.697019,122.23600006103516,274.6876525878906,238.1507872948105,-46.697067336053415,127.1403725501023,0.9614255299815605,0.9614255299815605
SB81882_component_147a,236.25148,-49.288691,118.41000366210938,477.4596862792969,236.2513276301063,-49.28889955742019,128.61753925605356,0.9206365193037718,0.9206365193037718
SB81882_component_148a,240.812962,-52.443718,120.55500030517578,261.5075988769531,240.81289578590878,-52.44369611495421,116.41794393208389,1.0355362432401776,1.0355362432401776
SB81882_component_149a,237.241184,-52.066164,120.66699981689453,400.8870544433594,237.24132479495086,-52.066171515255355,99.32469949686389,1.214874048732506,1.214874048732506
SB81882_component_153a,245.718484,-47.507948,120.62799835205078,103.90008544921875,245.71906359078125,-47.50853885600892,144.33550174604017,0.8357472478551882,0.8357472478551882
SB81882_component_155a,243.748939,-46.447076,118.83899688720703,154.5370635986328,243.74896946106608,-46.44727318655326,144.3577942047045,0.8232253585053336,0.8232253585053336
SB81882_component_160a,239.962531,-48.704948,129.1999969482422,498.8416748046875,239.96242262933157,-48.70495803838521,122.27648942384297,1.0566217394449433,1.0566217394449433
SB81882_component_163a,243.246876,-49.760745,112.15499877929688,303.9430847167969,243.24702705236746,-49.76078994757011,107.16716245405593,1.0465425808710695,1.0465425808710695
SB81882_component_171a,244.107448,-49.600191,115.61100006103516,277.9110412597656,244.10800023580666,-49.60033792565124,114.15471560798862,1.012757111655794,1.012757111655794
SB81882_component_175a,241.170545,-52.388101,103.75,214.80331420898438,241.17041289762307,-52.38808711031021,100.580917042359,1.0315077954231253,1.0315077954231253
SB81882_component_177a,242.470706,-49.521258,110.58799743652344,385.32403564453125,242.47072737620215,-49.521225432644634,105.19436480670338,1.0512730186615125,1.0512730186615125
SB81882_component_180a,239.965314,-51.513474,106.40599822998047,272.8359069824219,239.9651437330401,-51.51346300777683,96.51309475011907,1.102503225137221,1.102503225137221
SB81882_component_189a,239.646683,-52.475399,94.05799865722656,216.22528076171875,239.64660790435832,-52.4753634416009,89.09309274981266,1.0557271697970587,1.0557271697970587
SB81882_component_193a,234.010236,-50.733752,99.2490005493164,116.08069610595703,234.0099753931804,-50.73461135184342,89.44562360758707,1.1096015271215325,1.1096015271215325
SB81882_component_194a,241.21188,-51.590826,93.2239990234375,245.97360229492188,241.2114940875365,-51.59084042101743,86.49646669714761,1.0777781172246628,1.0777781172246628
SB81882_component_196a,242.946862,-46.978483,91.83599853515625,242.95237731933594,242.94694184952803,-46.97859897673692,93.57854421447844,0.9813787904700852,0.9813787904700852
SB81882_component_197a,236.662377,-48.400616,92.62000274658203,387.5314025878906,236.6621730476732,-48.400696764745796,92.67615597883061,0.9993940919144143,0.9993940919144143
SB81882_component_198a,237.693348,-47.001515,91.25199890136719,256.3258361816406,237.6933264205789,-47.00153094032435,87.15377057751354,1.0470229606441264,1.0470229606441264
SB81882_component_200a,241.517973,-49.764139,89.89900207519531,332.9592590332031,241.5178314142728,-49.76419977344782,84.19795380578081,1.0677100572130898,1.0677100572130898
SB81882_component_208a,244.336277,-49.728892,90.47100067138672,226.74436950683594,244.33682235115594,-49.72904473718206,92.00167452154956,0.9833625435827876,0.9833625435827876
SB81882_component_211a,239.007519,-54.1073,93.85199737548828,57.12233352661133,239.0070032216358,-54.10754833714606,83.76836268689758,1.1203752152382456,1.1203752152382456
SB81882_component_214a,243.790816,-52.515685,87.94599914550781,169.77992248535156,243.7909092346117,-52.51576104922847,87.59863798148392,1.0039653717458177,1.0039653717458177
SB81882_component_216a,240.841946,-54.025088,91.78199768066406,72.90071868896484,240.8413899733809,-54.02539914132168,87.37042336561608,1.0504927656878462,1.0504927656878462
SB81882_component_224a,243.773692,-50.701864,90.95700073242188,80.06777954101562,243.77369738074498,-50.70191447750049,82.98861144565275,1.0960178649571386,1.0960178649571386
SB81882_component_226a,237.137401,-52.307363,84.51899719238281,242.8706817626953,237.13748662122927,-52.30740158662035,80.79019081392369,1.0461541969500645,1.0461541969500645
SB81882_component_229a,242.190584,-48.181143,80.61000061035156,281.8531494140625,242.19076934763922,-48.1811425034977,72.18173571840875,1.1167645084737596,1.1167645084737596
SB81882_component_230a,235.832902,-51.569845,84.91400146484375,306.5487365722656,235.83285142675444,-51.57018949947853,78.20746556248255,1.0857531420322415,1.0857531420322415
SB81882_component_232a,236.33671,-47.14626,81.6969985961914,252.93186950683594,236.33648570701146,-47.14634880702322,80.54739239588142,1.0142724198278177,1.0142724198278177
SB81882_component_234a,234.803279,-48.234516,79.58599853515625,157.59603881835938,234.80302998758359,-48.235293792314714,82.17911515212724,0.9684455519851888,0.9684455519851888
SB81882_component_237a,237.604023,-52.98063,78.4209976196289,186.2731475830078,237.60399449662722,-52.98075054232812,73.70218962076706,1.0640253433872504,1.0640253433872504
SB81882_component_240a,237.014839,-53.334765,76.01399993896484,125.43563842773438,237.01471397355448,-53.33493750553677,68.98217951718361,1.1019367678869816,1.1019367678869816
SB81882_component_241a,245.903028,-52.038735,79.7760009765625,79.61676788330078,245.90328266284746,-52.03912769856338,93.41621314672204,0.8539845310499168,0.8539845310499168
SB81882_component_245a,241.691551,-53.864449,79.58399963378906,73.96282958984375,241.69117832534306,-53.86468908457267,75.24935874190946,1.0576036921025012,1.0576036921025012
SB81882_component_247a,235.360074,-50.473122,76.74199676513672,203.0211639404297,235.35991118374903,-50.47372265564913,72.19735131677486,1.0629475370699082,1.0629475370699082
SB81882_component_249a,238.91629,-48.205313,72.90599822998047,253.14584350585938,238.9163158699972,-48.20534668623907,73.2283378948601,0.9955981567498849,0.9955981567498849
SB81882_component_252a,240.880424,-48.455254,69.48699951171875,219.20188903808594,240.88041614033494,-48.45524994157883,58.550643497091514,1.1867845571188385,1.1867845571188385
SB81882_component_253a,242.822361,-53.648291,73.82099914550781,81.39029693603516,242.8220588725826,-53.64852097784202,65.88846921533673,1.1203932952857956,1.1203932952857956
SB81882_component_256a,239.46923,-46.21943,68.96199798583984,64.51075744628906,239.46918067092437,-46.219676663779325,73.8320552142834,0.9340387151040406,0.9340387151040406
SB81882_component_257a,235.48238,-47.43901,75.23799896240234,189.04019165039062,235.48222089248233,-47.439348583899225,73.12982517151104,1.028827824843653,1.028827824843653
SB81882_component_260a,236.037418,-49.050693,69.677001953125,283.2398376464844,236.03723030422967,-49.050930288889475,68.93979408996293,1.0106935025393324,1.0106935025393324
SB81882_component_261a,246.388821,-49.393408,75.89299774169922,44.07258987426758,246.38935578185783,-49.393945826843115,85.37216089794296,0.8889665781380949,0.8889665781380949
SB81882_component_268a,241.027903,-46.952283,72.4739990234375,188.734375,241.02802208067337,-46.95240746485495,74.95916782721123,0.9668463661509382,0.9668463661509382
SB81882_component_276a,243.819098,-46.612052,67.7969970703125,111.32511138916016,243.8191357088062,-46.61218590085554,75.89693003588928,0.8932771989361549,0.8932771989361549
SB81882_component_278a,239.939838,-48.625285,66.35099792480469,260.1999816894531,239.93980753965386,-48.62530240001991,58.86165804061162,1.1272363051517473,1.1272363051517473
SB81882_component_281a,239.796324,-46.770003,71.15599822998047,68.2224349975586,239.7962934586444,-46.770185162710476,72.55605759366813,0.9807037563765063,0.9807037563765063
SB81882_component_283a,238.783317,-51.853116,65.75299835205078,212.1064453125,238.78319251612854,-51.85315459975133,62.9702023884372,1.0441922664699037,1.0441922664699037
SB81882_component_288a,244.29582,-51.439811,65.18900299072266,82.93766021728516,244.29584226120494,-51.43993698409089,70.57142114417783,0.923730908826976,0.923730908826976
SB81882_component_297a,235.29632,-51.953665,64.3489990234375,182.2917938232422,235.296302537619,-51.95425929078072,55.42532960162306,1.1610034525000483,1.1610034525000483
SB81882_component_298a,240.22106,-50.739159,63.40800094604492,228.9097442626953,240.22082961678558,-50.7391960179386,66.83142378908491,0.948775251985592,0.948775251985592
SB81882_component_299a,243.739335,-47.660006,65.6500015258789,219.5652313232422,243.73959353101392,-47.660097453457645,69.70275294109501,0.9418566520802838,0.9418566520802838
SB81882_component_301a,236.806746,-52.068927,63.04100036621094,225.14642333984375,236.80685094494018,-52.0690093428617,57.787517325007165,1.0909103433472882,1.0909103433472882
SB81882_component_302a,234.234623,-49.781146,65.61299896240234,105.48713684082031,234.2341930903458,-49.78201657660617,59.51395579231938,1.1024808902195353,1.1024808902195353
SB81882_component_305a,245.624129,-53.005386,64.10600280761719,63.034420013427734,245.62459435068192,-53.00580492022943,64.04257164318743,1.000990453112707,1.000990453112707
SB81882_component_307a,243.071147,-47.574151,58.75199890136719,222.5454559326172,243.0713838408445,-47.57416656791043,54.85038058228192,1.0711320190975226,1.0711320190975226
SB81882_component_310a,239.594604,-51.454258,66.66899871826172,178.7372589111328,239.5943958180758,-51.45425020626645,62.97479028445452,1.0586617028357,1.0586617028357
SB81882_component_311a,234.205624,-52.183207,64.01499938964844,85.69612121582031,234.20564143243095,-52.18412430175142,58.67711977051983,1.0909703755058957,1.0909703755058957
SB81882_component_315a,242.993023,-50.129512,60.31700134277344,152.70126342773438,242.993065822297,-50.12949572648285,56.18912322513082,1.0734640065676697,1.0734640065676697
SB81882_component_316a,240.601625,-50.827693,62.51900100708008,217.0798797607422,240.60138797269505,-50.827746975894584,59.55534004288569,1.049763144028063,1.049763144028063
SB81882_component_319a,238.568543,-47.757655,60.45399856567383,216.6809844970703,238.56848069909168,-47.75771808769502,63.01588172556709,0.959345436582952,0.959345436582952
SB81882_component_323a,244.877256,-52.286085,61.33000183105469,94.49923706054688,244.87755143893563,-52.286328024259696,61.82271430892041,0.9920302354341205,0.9920302354341205
SB81882_component_324a,239.681842,-48.636353,57.354000091552734,233.14633178710938,239.68172999114387,-48.636412891844984,65.23887375897458,0.8791384152866808,0.8791384152866808
SB81882_component_329a,240.321956,-50.808659,56.097999572753906,192.11643981933594,240.32170194842791,-50.80868101360318,52.5507050966498,1.0675023193234043,1.0675023193234043
SB81882_component_330a,234.984618,-48.733929,61.880001068115234,166.34408569335938,234.98434965687974,-48.7346859690072,59.73257015678316,1.0359507535954942,1.0359507535954942
SB81882_component_333a,235.450899,-53.334255,59.7239990234375,82.49171447753906,235.45085437790812,-53.33448764910653,50.1042436956713,1.19199482156034,1.19199482156034
SB81882_component_336a,245.065952,-51.07053,55.2140007019043,18.138633728027344,245.06602427765264,-51.070739969019385,60.763225033825755,0.9086746246791162,0.9086746246791162
SB81882_component_337a,237.076392,-47.23365,55.53799819946289,187.6283721923828,237.076182653067,-47.23369712912806,54.359342230002945,1.0216826753435106,1.0216826753435106
SB81882_component_341a,244.049599,-51.929569,54.8849983215332,116.77659606933594,244.0496336046405,-51.92971818760095,53.97895228305504,1.0167851727415351,1.0167851727415351
SB81882_component_342a,237.388962,-47.373402,55.012001037597656,198.59927368164062,237.38882331595306,-47.3734341327891,43.897893375431266,1.2531808888211187,1.2531808888211187
SB81882_component_347a,241.803553,-51.870461,55.75899887084961,125.58332824707031,241.80318946434394,-51.87046909024084,51.705137546796735,1.0784034530492033,1.0784034530492033
SB81882_component_353a,237.276361,-52.406919,53.96799850463867,164.5365753173828,237.2764861116548,-52.40695382848903,51.317810317864925,1.0516426591539731,1.0516426591539731
SB81882_component_354a,233.651834,-49.754957,56.32600021362305,40.96436309814453,233.65140840372,-49.75579056598463,47.420905712427675,1.1877883681766457,1.1877883681766457
SB81882_component_355a,235.710593,-51.88983,53.801998138427734,178.7441864013672,235.71074460658144,-51.89024407552278,47.920474410349435,1.1227350897596302,1.1227350897596302
SB81882_component_357a,242.10299,-48.264646,50.78900146484375,192.38258361816406,242.1031540798568,-48.26462543222113,42.397478197068416,1.1979250565038457,1.1979250565038457
SB81882_component_362a,236.054801,-47.456092,55.45399856567383,173.2937469482422,236.05458354482266,-47.45625330135282,55.522844058797,0.998760051033224,0.998760051033224
SB81882_component_365a,244.602043,-53.18319,49.974998474121094,66.7222900390625,244.60237813852868,-53.18360374417565,47.87159655604142,1.0439384116971595,1.0439384116971595
SB81882_component_370a,243.088499,-53.917695,54.40700149536133,35.10129165649414,243.08827990945764,-53.917809932103296,48.13995453062208,1.1301838987145854,1.1301838987145854
SB81882_component_371a,243.04786,-52.808112,47.53799819946289,78.9667739868164,243.04781321604898,-52.808203228311434,43.594612746885915,1.090455797267259,1.090455797267259
SB81882_component_377a,236.550125,-48.736688,48.612998962402344,199.2335968017578,236.54992844381346,-48.73677943856786,48.55741431888025,1.0011447200041803,1.0011447200041803
SB81882_component_379a,242.653814,-46.829701,49.57899856567383,123.33084106445312,242.6538528589664,-46.82985064507542,50.131843404962034,0.9889721821154199,0.9889721821154199
SB81882_component_381a,241.570189,-46.516084,48.09299850463867,90.23076629638672,241.5701749679027,-46.5162966742743,49.46905669653075,0.9721834560069834,0.9721834560069834
SB81882_component_385a,235.405305,-46.823909,50.736000061035156,77.45954895019531,235.40587144252822,-46.824562235539105,26.880419081684714,1.8874705750255478,1.8874705750255478
SB81882_component_391a,242.49507,-49.004083,44.15299987792969,136.27468872070312,242.49504294435692,-49.004082796021216,43.5356651787091,1.0141799762720174,1.0141799762720174
SB81882_component_394a,239.34192,-50.427584,44.444000244140625,173.609375,239.3417493924642,-50.42752288985986,42.92864715057994,1.0352993442408123,1.0352993442408123
SB81882_component_395a,235.402415,-49.741176,47.933998107910156,172.42445373535156,235.40217235569767,-49.741788878050684,46.887981550358894,1.0223088416895876,1.0223088416895876
SB81882_component_398a,238.105482,-46.537461,44.42100143432617,79.89389038085938,238.105417802697,-46.537537350783474,41.59690777801178,1.0678919132976326,1.0678919132976326
SB81882_component_400a,239.142322,-46.915598,44.500999450683594,99.77802276611328,239.14233444601751,-46.91575602474978,43.71951679027435,1.0178749153188968,1.0178749153188968
SB81882_component_402a,238.835427,-52.233727,47.981998443603516,127.61170196533203,238.83532425703763,-52.23369814105033,43.134540720454986,1.112379954490852,1.112379954490852
SB81882_component_407a,240.254582,-54.094303,45.74700164794922,31.790828704833984,240.25390596282892,-54.09471492542199,44.80027317498045,1.0211322031290089,1.0211322031290089
SB81882_component_408a,237.116512,-49.231461,43.20000076293945,183.05084228515625,237.11638110581896,-49.23151311650355,41.96627916231478,1.0293979267462088,1.0293979267462088
SB81882_component_411a,239.803831,-50.291231,45.32099914550781,177.03514099121094,239.8036734790499,-50.29118313175598,44.871995026282406,1.0100063328800606,1.0100063328800606
SB81882_component_412a,237.521571,-53.464587,43.77299880981445,46.41887283325195,237.5214206760562,-53.464830705508525,41.12812308088476,1.064308203992877,1.064308203992877
SB81882_component_414a,236.824863,-50.466875,41.28799819946289,181.08770751953125,236.82478184470028,-50.466992551276675,40.17690454466919,1.0276550338406079,1.0276550338406079
SB81882_component_415a,242.750903,-53.68277,42.8390007019043,44.30093002319336,242.75052361918858,-53.68286896249466,39.099738032972816,1.0956339570812,1.0956339570812
SB81882_component_421a,244.564189,-49.147987,42.2760009765625,113.03742980957031,244.564886455299,-49.14827179342531,43.293284650394284,0.9765025065192756,0.9765025065192756
SB81882_component_424a,240.661222,-52.579669,41.99700164794922,101.68766021728516,240.66119842350403,-52.5796989680169,38.50371631092621,1.0907259265265188,1.0907259265265188
SB81882_component_425a,238.717426,-49.972858,40.67499923706055,173.8247833251953,238.71724207746934,-49.972879987418615,43.53443925769467,0.9343177477557904,0.9343177477557904
SB81882_component_427a,234.842333,-53.614754,42.3120002746582,29.839210510253906,234.84218887578572,-53.614956257453734,37.20778485279164,1.137181384005009,1.137181384005009
SB81882_component_429a,238.882654,-46.135765,41.9119987487793,38.522056579589844,238.88273439215845,-46.13585567524677,41.73620453232493,1.0042120316982397,1.0042120316982397
SB81882_component_436a,243.150355,-52.155579,40.084999084472656,57.42836380004883,243.15028392703357,-52.15551068752827,39.86531670652748,1.0055106141401657,1.0055106141401657
SB81882_component_438a,239.287364,-50.711784,39.70199966430664,156.3070831298828,239.28712849455283,-50.71174075653651,33.92921965825907,1.170141844233142,1.170141844233142
SB81882_component_447a,244.418115,-46.63032,39.7140007019043,54.25410079956055,244.41815329122267,-46.63052364733494,45.79366481730237,0.8672378779978978,0.8672378779978978
SB81882_component_448a,243.443123,-47.410218,39.76100158691406,146.7195587158203,243.44328514288907,-47.4103152404958,41.18704902420554,0.9653763143736422,0.9653763143736422
SB81882_component_449a,235.138013,-50.710692,40.305999755859375,82.25714111328125,235.13769212436523,-50.71130330444334,35.44195102538427,1.137239869413266,1.137239869413266
SB81882_component_450a,244.514312,-46.984876,37.2869987487793,67.54891204833984,244.51458944254728,-46.98509746197627,41.418954293718116,0.9002399839542665,0.9002399839542665
SB81882_component_452a,241.344878,-48.855174,39.356998443603516,136.65625,241.3447647720215,-48.85519426451805,36.12977044556543,1.0893232356098237,1.0893232356098237
SB81882_component_453a,241.31784,-52.959661,37.069000244140625,92.67250061035156,241.31760234297087,-52.959760615084996,26.78763574895315,1.3838100753475142,1.3838100753475142
SB81882_component_454a,239.85688,-49.751909,37.44900131225586,169.45249938964844,239.85662044029772,-49.751904392524715,36.37713067790874,1.029465507981861,1.029465507981861
SB81882_component_459a,246.297869,-52.998821,39.9739990234375,22.024240493774414,246.29813007741262,-52.99924770290969,42.089725545676124,0.9497329456343777,0.9497329456343777
SB81882_component_462a,242.171505,-48.272488,39.981998443603516,139.3101043701172,242.17177248183117,-48.272471373764446,36.87627974965273,1.0842199569760025,1.0842199569760025
SB81882_component_475a,239.076277,-51.467594,37.78099822998047,134.93212890625,239.0761378859104,-51.46753292634228,35.2285900136776,1.072452749749902,1.072452749749902
SB81882_component_481a,239.352271,-51.274048,36.61199951171875,119.25732421875,239.3520048738887,-51.27404596779142,33.49289914200723,1.0931272135173125,1.0931272135173125
SB81882_component_485a,239.235103,-53.518915,39.37799835205078,50.03557586669922,239.2346275424478,-53.519110131097946,40.056600794594424,0.983058910913998,0.983058910913998
SB81882_component_486a,243.154831,-51.418523,36.361000061035156,16.18202018737793,243.15447354875647,-51.418289951365004,47.58027269560089,0.7642032716722317,0.7642032716722317
SB81882_component_488a,233.824642,-48.421433,33.39400100708008,52.09672927856445,233.82447940707792,-48.42227904612528,47.64562714926918,0.7008828092966407,0.7008828092966407
SB81882_component_489a,241.682505,-47.763674,35.07099914550781,135.93411254882812,241.6827359388724,-47.76370093999585,35.25789351554694,0.9946992190569548,0.9946992190569548
SB81882_component_491a,242.421519,-53.004364,37.553001403808594,75.8646469116211,242.4212304382666,-53.00437426204585,33.40463481626605,1.124185359617299,1.124185359617299
SB81882_component_492a,241.756081,-48.666591,35.07400131225586,137.54510498046875,241.7562477047129,-48.66662696345951,32.64359834479807,1.0744526673127959,1.0744526673127959
SB81882_component_493a,236.613712,-47.322314,36.327999114990234,123.14576721191406,236.61348025134166,-47.32232701058855,34.760267087971016,1.045101265276576,1.045101265276576
SB81882_component_496a,245.776454,-48.178019,35.11199951171875,40.780487060546875,245.77672705442203,-48.178599907187575,40.88010275351146,0.8589019387604829,0.8589019387604829
SB81882_component_497a,240.134104,-53.826823,37.42300033569336,36.4036979675293,240.13336807130153,-53.827180067343846,32.60581476670542,1.1477400765309775,1.1477400765309775
SB81882_component_505a,234.942375,-50.50585,34.58700180053711,83.5434799194336,234.9420368523688,-50.50664271994694,32.312843664204216,1.0703793872172316,1.0703793872172316
SB81882_component_507a,238.163744,-49.661089,32.99700164794922,154.91549682617188,238.16360052339013,-49.661106359209874,31.37662241794068,1.0516428826667472,1.0516428826667472
SB81882_component_514a,243.947172,-50.237222,36.99300003051758,67.50547790527344,243.94750881153917,-50.23732945048268,31.752738412247574,1.1650333760268294,1.1650333760268294
SB81882_component_515a,243.054039,-51.586459,34.52799987792969,33.0411491394043,243.05350077737418,-51.58631832503257,36.49021620649678,0.9462262345209744,0.9462262345209744
SB81882_component_516a,242.30387,-52.382147,36.444000244140625,60.63893508911133,242.30352768680933,-52.38221340832157,30.253176434076437,1.204633844765173,1.204633844765173
SB81882_component_519a,239.825883,-52.804796,35.132999420166016,61.42132568359375,239.82582051692432,-52.804854146241624,31.920458756031916,1.1006420580821707,1.1006420580821707
SB81882_component_521a,237.900134,-50.511317,34.233001708984375,154.9004669189453,237.90002105059375,-50.5113037580205,32.516855731658495,1.0527771193958042,1.0527771193958042
SB81882_component_522a,243.409666,-51.213604,32.645999908447266,37.309715270996094,243.40944712380957,-51.213639573204304,31.51323537299757,1.0359456755881153,1.0359456755881153
SB81882_component_524a,246.218444,-49.922561,33.57099914550781,19.817590713500977,246.21898418476596,-49.92294477406323,37.08722552512458,0.905190363263094,0.905190363263094
SB81882_component_525a,236.917257,-51.545837,34.44200134277344,115.96633911132812,236.9173823705916,-51.54590168086874,30.44616862554143,1.1312425470139413,1.1312425470139413
SB81882_component_528a,239.339578,-48.201133,31.808000564575195,118.68656921386719,239.33956445413324,-48.201185681256334,30.35961879272033,1.0477075085080503,1.0477075085080503
SB81882_component_529a,240.231552,-50.027449,32.24599838256836,125.96092224121094,240.23136905765966,-50.02746258932449,30.21477096344218,1.0672263053585223,1.0672263053585223
SB81882_component_530a,243.000865,-46.733384,35.542999267578125,85.64578247070312,243.00082999640986,-46.733528591509945,35.31540338459992,1.0064446632677415,1.0064446632677415
SB81882_component_531a,238.424613,-49.996069,32.66999816894531,154.83412170410156,238.4243915513931,-49.99607716692149,32.333890698660774,1.010394897212245,1.010394897212245
SB81882_component_532a,238.484547,-49.287149,32.1619987487793,138.03433227539062,238.48439604431582,-49.2871514429881,30.18535609127511,1.0654834964188322,1.0654834964188322
SB81882_component_542a,235.650814,-52.205262,33.47999954223633,102.69938659667969,235.65078804562265,-52.20565870427084,29.0125036998339,1.1539851882010448,1.1539851882010448
SB81882_component_544a,237.347305,-49.10895,30.96500015258789,126.9057388305664,237.3471743025599,-49.108975103345166,30.925538895420924,1.0012760087156576,1.0012760087156576
SB81882_component_545a,242.696888,-51.725841,31.78700065612793,36.327999114990234,242.69667682886572,-51.725803038696895,29.09278318761415,1.092607759496204,1.092607759496204
SB81882_component_547a,244.129998,-48.417807,30.774999618530273,105.03412628173828,244.13042040434206,-48.41797120568153,30.42772110742455,1.0114132277563497,1.0114132277563497
SB81882_component_548a,236.844313,-54.018673,34.082000732421875,17.778820037841797,236.8441915529841,-54.01898746791727,33.50533459509442,1.0172111738114649,1.0172111738114649
SB81882_component_549a,244.327228,-52.822098,30.795000076293945,58.65714645385742,244.3275916188589,-52.82232843294538,28.86445685389668,1.066883060788883,1.066883060788883
SB81882_component_552a,243.487307,-47.71914,33.06399917602539,126.19847106933594,243.4875792685763,-47.71917947546519,33.73450871718608,0.9801239274956716,0.9801239274956716
SB81882_component_554a,236.646204,-52.482073,32.04199981689453,106.45182800292969,236.646337650081,-52.48214047376593,28.20533780062219,1.136026097024362,1.136026097024362
SB81882_component_555a,235.252818,-47.606016,30.861000061035156,77.73551177978516,235.25266344676552,-47.606577619737074,34.125738145276436,0.9043320888666793,0.9043320888666793
SB81882_component_557a,237.748638,-50.135769,30.79800033569336,132.75,237.74858073236538,-50.13577582717477,31.547787143209376,0.9762332995302522,0.9762332995302522
SB81882_component_558a,241.964313,-49.574176,29.735000610351562,108.12727355957031,241.96430109748837,-49.57428841201481,28.334098685221278,1.0494422618024188,1.0494422618024188
SB81882_component_560a,241.589545,-49.996604,33.63199996948242,123.19413757324219,241.58946191509372,-49.99664541742376,31.379911804725026,1.0717684669979948,1.0717684669979948
SB81882_component_563a,241.970467,-48.437328,30.926000595092773,119.40540313720703,241.9703504275008,-48.437393940660954,29.93963171480155,1.0329452576333322,1.0329452576333322
SB81882_component_564a,244.180457,-46.199704,30.54199981689453,23.731159210205078,244.1806620524627,-46.199937319441574,36.23557868583967,0.8428732457039494,0.8428732457039494
SB81882_component_570a,238.510433,-47.790858,31.077999114990234,108.6643295288086,238.51034206724526,-47.79093825243709,31.105795823435216,0.9991063816980359,0.9991063816980359
SB81882_component_585a,242.562663,-49.201904,29.18400001525879,92.0630874633789,242.56270866113607,-49.20191372771405,27.383916916777437,1.065735048201906,1.065735048201906
SB81882_component_586a,238.312228,-46.452657,28.593000411987305,49.12886428833008,238.31237367528763,-46.45270351931258,30.903225100017973,0.9252432495134845,0.9252432495134845
SB81882_component_588a,245.697343,-51.860986,31.63599967956543,39.54499816894531,245.69761341182192,-51.86130841163372,37.82323520783146,0.83641707288474,0.83641707288474
SB81882_component_590a,244.688279,-51.039881,24.826000213623047,20.13463020324707,244.68852235530352,-51.0400604173894,35.23841380020099,0.704515258671531,0.704515258671531
SB81882_component_594a,239.432729,-47.107554,27.048999786376953,60.647979736328125,239.43261950745202,-47.1077981008277,29.748171768420903,0.9092659541212799,0.9092659541212799
SB81882_component_595a,243.049594,-49.379107,28.430999755859375,101.9032211303711,243.04975491063396,-49.37919570921447,24.77504550452995,1.1475659954150623,1.1475659954150623
SB81882_component_596a,242.049879,-46.558802,28.48699951171875,52.65618896484375,242.04980275907164,-46.55905151156569,32.329764613820544,0.8811384757048598,0.8811384757048598
SB81882_component_600a,238.23849,-53.38486,27.611000061035156,34.21437454223633,238.2381623728185,-53.38502109202825,25.163527665238014,1.0972626902061187,1.0972626902061187
SB81882_component_604a,244.022686,-53.821999,29.08099937438965,20.522933959960938,244.02293951892534,-53.822478774936805,25.973547772896392,1.1196390893020747,1.1196390893020747
SB81882_component_606a,234.613937,-50.334075,28.07200050354004,61.561405181884766,234.61354959564676,-50.33496853157289,27.237986881941673,1.030619503020295,1.030619503020295
SB81882_component_612a,233.963125,-52.250294,27.62700080871582,27.877901077270508,233.96287180538272,-52.25120844190581,27.978733053602134,0.9874285856971272,0.9874285856971272
SB81882_component_619a,237.381842,-49.406457,26.437999725341797,125.29857635498047,237.3816687073213,-49.40651777664207,20.701874994392043,1.2770823769587838,1.2770823769587838
SB81882_component_620a,237.006683,-50.988117,26.913999557495117,111.67634582519531,237.0066269431108,-50.98817485818824,25.197087663797504,1.0681392991367182,1.0681392991367182
SB81882_component_623a,242.209188,-48.144681,28.006000518798828,104.5,242.20940623681346,-48.144681054679225,23.52269326684449,1.1905949799665845,1.1905949799665845
SB81882_component_624a,239.039335,-47.262203,28.76099967956543,88.76851654052734,239.03932932370216,-47.26228896496221,27.104848569635166,1.0611016551402395,1.0611016551402395
SB81882_component_625a,243.397789,-51.815716,26.860000610351562,41.25960159301758,243.39750707639783,-51.815522833438685,28.930706300689717,0.928425332281335,0.928425332281335
SB81882_component_626a,244.762284,-50.131355,27.33799934387207,31.974267959594727,244.76287892289187,-50.13166466668533,27.471879743063614,0.9951266385684676,0.9951266385684676
SB81882_component_628a,245.805095,-50.422597,26.17099952697754,11.539241790771484,245.8053231172508,-50.42307405656045,30.51088387455404,0.8577594682140314,0.8577594682140314
SB81882_component_630a,235.431992,-53.024724,29.930999755859375,61.4599609375,235.4319755278817,-53.02500488945258,22.704843814422976,1.3182649482418405,1.3182649482418405
SB81882_component_638a,240.674486,-53.763645,27.64900016784668,34.77861404418945,240.6741564385257,-53.76428970229979,28.77774078677433,0.9607773025933155,0.9607773025933155
SB81882_component_639a,241.569591,-47.793721,26.316999435424805,96.39926147460938,241.5696945553439,-47.79366592525997,25.54312715081475,1.03029669311987,1.03029669311987
SB81882_component_641a,236.349471,-48.042327,27.77400016784668,106.82308197021484,236.34926175087708,-48.04242531863665,27.544465538257928,1.0083332395493367,1.0083332395493367
SB81882_component_642a,242.898075,-46.352393,26.086000442504883,34.8277702331543,242.8980126291343,-46.352462294269465,28.078506857813466,0.9290380209532358,0.9290380209532358
SB81882_component_643a,238.053454,-47.7196,26.77400016784668,101.41666412353516,238.0533349038413,-47.71972686655323,29.290480182545306,0.9140853956980112,0.9140853956980112
SB81882_component_646a,241.625635,-47.515754,27.10300064086914,104.24231719970703,241.62585152549548,-47.51571291964256,26.776678357582387,1.012186809690469,1.012186809690469
SB81882_component_647a,236.96497,-48.342153,26.777999877929688,105.01176452636719,236.96482974165394,-48.342134311552286,26.366868538887804,1.0155927253338983,1.0155927253338983
SB81882_component_651a,234.576088,-47.397488,27.922000885009766,30.549236297607422,234.5759529512004,-47.39809505150885,32.277465945616605,0.8650617409698382,0.8650617409698382
SB81882_component_654a,238.472453,-49.24186,24.780000686645508,114.72222137451172,238.47226875541637,-49.24189067707086,23.188268417070905,1.0686438608069067,1.0686438608069067
SB81882_component_657a,238.336513,-52.748575,24.9689998626709,61.651851654052734,238.33644283385692,-52.74862817901293,24.171363461050017,1.0329992308007863,1.0329992308007863
SB81882_component_665a,239.768495,-46.162036,27.701000213623047,24.150829315185547,239.768534912285,-46.16233643700124,26.731703222130562,1.036260203229027,1.036260203229027
SB81882_component_669a,238.363799,-45.932233,23.792999267578125,15.642996788024902,238.3639767712042,-45.93203953645365,27.75942675368739,0.8571142148826114,0.8571142148826114
SB81882_component_671a,240.822698,-46.730794,25.020000457763672,48.3011589050293,240.82264522247135,-46.73098010639745,25.977348350586375,0.963146820071761,0.963146820071761
SB81882_component_672a,239.944368,-49.108644,27.829999923706055,119.44206237792969,239.9443691281167,-49.1085821854088,24.544038442981627,1.1338802287308203,1.1338802287308203
SB81882_component_675a,236.19587,-48.423212,24.525999069213867,98.89515686035156,236.1956977367057,-48.42335019855581,24.02737287524348,1.0207524225207387,1.0207524225207387
SB81882_component_676a,244.061539,-47.90543,24.405000686645508,82.17172241210938,244.06190531683055,-47.9055337380307,25.857221625679827,0.9438369303532572,0.9438369303532572
SB81882_component_677a,235.007379,-47.699056,24.981000900268555,54.306522369384766,235.00731780484747,-47.699711175496454,31.89565429351618,0.7832101724700079,0.7832101724700079
SB81882_component_682a,241.645968,-51.358223,24.027000427246094,65.11382293701172,241.64542492000942,-51.35816002006045,22.036718773049667,1.0903166063284562,1.0903166063284562
SB81882_component_684a,240.162432,-48.289054,23.378999710083008,96.60743713378906,240.16231298577,-48.28903376749865,24.271924230870557,0.9632116303473017,0.9632116303473017
SB81882_component_685a,234.904155,-52.54367,24.83099937438965,51.62369918823242,234.90419677575264,-52.54435242492281,21.966859595652497,1.130384580748356,1.130384580748356
SB81882_component_686a,238.396954,-46.756658,24.01799964904785,56.512939453125,238.39689411096413,-46.756899273278094,22.64822082281493,1.060480637174513,1.060480637174513
SB81882_component_688a,237.528214,-46.859711,24.67300033569336,67.78296661376953,237.52819786931153,-46.85977592944685,25.793957555300455,0.9565418677144117,0.9565418677144117
SB81882_component_689a,235.226197,-52.490186,26.07200050354004,61.928741455078125,235.22623745108677,-52.49079184390978,21.46060430540875,1.2148772761710662,1.2148772761710662
SB81882_component_690a,239.988861,-47.931812,23.781999588012695,91.8223876953125,239.9888826690607,-47.93183060879948,22.22192309687527,1.0702043870972084,1.0702043870972084
SB81882_component_691a,238.051644,-49.584855,23.610000610351562,109.30555725097656,238.05149314250315,-49.58492363126766,22.13306783238648,1.066729691028369,1.066729691028369
SB81882_component_693a,241.034404,-53.972423,23.841999053955078,22.096384048461914,241.0340569711923,-53.97289187807324,22.99053068845071,1.037035611619531,1.037035611619531
SB81882_component_700a,239.226553,-49.418511,25.27400016784668,105.30833435058594,239.22639231953335,-49.41854168355438,24.60229598406746,1.0273024999054647,1.0273024999054647
SB81882_component_702a,244.034574,-49.402035,24.0,65.57376861572266,244.03513234081447,-49.402283702712225,23.70616913985281,1.012394700232406,1.012394700232406
SB81882_component_706a,237.598517,-52.827666,25.031999588012695,68.39344024658203,237.59870486798317,-52.82785943535632,21.859357059599134,1.145138876672512,1.145138876672512
SB81882_component_710a,238.458612,-47.62465,23.160999298095703,84.83882141113281,238.45852519703317,-47.624733481941654,22.997658308300796,1.0071025052901126,1.0071025052901126
SB81882_component_713a,240.048076,-51.999509,24.101999282836914,49.59259033203125,240.0480721669263,-51.99949600138831,20.5971538552467,1.170161637487474,1.170161637487474
SB81882_component_715a,235.991121,-48.256855,25.791000366210938,103.57831573486328,235.9907635865359,-48.257040450119696,23.61271507909078,1.0922505217982765,1.0922505217982765
SB81882_component_716a,238.238439,-46.301455,23.20400047302246,32.58988952636719,238.23859661404316,-46.30145744751873,26.11223557447281,0.8886255796384809,0.8886255796384809
SB81882_component_717a,238.179734,-50.90644,22.9950008392334,100.41484832763672,238.17959595010527,-50.9063617696521,20.71876479724194,1.109863501239923,1.109863501239923
SB81882_component_718a,240.680556,-48.596136,23.086999893188477,79.88581085205078,240.68047850464777,-48.5961402914557,21.752476462340237,1.0613504137406462,1.0613504137406462
SB81882_component_719a,241.840299,-53.206051,22.624000549316406,46.45585250854492,241.84014203214687,-53.20621219444277,20.49899792775396,1.1036637317127278,1.1036637317127278
SB81882_component_728a,240.58631,-54.090084,24.256000518798828,16.511913299560547,240.58580625143134,-54.09049212881733,22.199518737245942,1.0926363227011116,1.0926363227011116
SB81882_component_733a,239.739251,-51.50644,22.85099983215332,67.4070816040039,239.73912724318959,-51.506422349292656,22.4031394479024,1.0199909653418173,1.0199909653418173
SB81882_component_735a,237.587294,-49.133604,21.917999267578125,80.87822723388672,237.58716366438577,-49.13366195540499,30.67163541051818,0.7146015846309198,0.7146015846309198
SB81882_component_742a,243.525967,-53.006269,21.43400001525879,40.36534881591797,243.52617518490416,-53.00661029071696,21.818063032310118,0.982397015881631,0.982397015881631
SB81882_component_745a,242.21066,-51.278506,21.104000091552734,38.652015686035156,242.21024661680775,-51.278792460127264,24.267627361389827,0.8696359053678864,0.8696359053678864
SB81882_component_751a,241.773442,-47.544606,22.684999465942383,84.64551544189453,241.77360125957566,-47.54478724072978,22.018927376673595,1.0302499789328707,1.0302499789328707
SB81882_component_752a,243.828042,-48.095552,23.332000732421875,86.7360610961914,243.82832819957872,-48.09566031208328,24.178453957052845,0.9649914247563351,0.9649914247563351
SB81882_component_755a,244.087828,-53.64082,22.98200035095215,21.458450317382812,244.08798624884642,-53.641295510036485,19.43544725524789,1.1824785943501572,1.1824785943501572
SB81882_component_757a,236.976222,-53.718201,21.538000106811523,16.121257781982422,236.97619688141734,-53.71834519980339,20.408274451149964,1.0553562555406493,1.0553562555406493
SB81882_component_762a,241.673942,-47.92091,23.121999740600586,87.91634368896484,241.67404504137048,-47.92095441789864,21.327160849928216,1.0841574227015975,1.0841574227015975
SB81882_component_763a,241.254116,-48.80663,23.961000442504883,82.05821990966797,241.25402410697393,-48.80663635391161,20.024400370927093,1.1965901599377347,1.1965901599377347
SB81882_component_766a,243.113495,-50.677346,21.518999099731445,36.227272033691406,243.11314897389138,-50.677402615651594,21.887933767707505,0.9831443811968963,0.9831443811968963
SB81882_component_769a,237.907979,-52.459422,22.04800033569336,71.1225814819336,237.90808924617485,-52.45946128709996,20.7260084420812,1.0637842012516046,1.0637842012516046
SB81882_component_771a,236.166896,-49.038961,20.902000427246094,90.09483337402344,236.16667439334714,-49.039268444658596,21.724164570785817,0.9621543953572625,0.9621543953572625
SB81882_component_775a,237.651678,-49.364329,21.45599937438965,95.36000061035156,237.65163629941432,-49.36433313920029,18.36402588073912,1.1683712228315637,1.1683712228315637
SB81882_component_780a,244.14806,-47.886602,20.676000595092773,71.05154418945312,244.148384013386,-47.8867143383072,22.336198020258745,0.9256723358353025,0.9256723358353025
SB81882_component_782a,237.607391,-49.633525,21.79800033569336,103.80000305175781,237.60720198438636,-49.63345331245177,21.555826363568194,1.0112347338506338,1.0112347338506338
SB81882_component_783a,241.766223,-53.504604,21.024999618530273,33.320125579833984,241.76585128954673,-53.504744594662256,19.928889097134245,1.0550010849101292,1.0550010849101292
SB81882_component_788a,244.068689,-49.495836,21.290000915527344,55.442710876464844,244.06904673985176,-49.49609189432819,20.441600322619163,1.041503628850888,1.041503628850888
SB81882_component_790a,244.41602,-46.160275,20.996999740600586,12.158077239990234,244.41577874277655,-46.160465380577726,28.468316105440966,0.7375567863877823,0.7375567863877823
SB81882_component_791a,243.921716,-52.626786,19.780000686645508,34.400001525878906,243.92178799898159,-52.62690845442142,19.003976740836016,1.0408348187535907,1.0408348187535907
SB81882_component_797a,245.761711,-47.614027,21.57699966430664,21.57699966430664,245.7623258381161,-47.61464732966972,26.733265650473125,0.8071217316439142,0.8071217316439142
SB81882_component_801a,242.178189,-50.296369,22.475000381469727,72.97077941894531,242.1779321167707,-50.29643943221133,21.22098225183778,1.0590933122110004,1.0590933122110004
SB81882_component_802a,242.168323,-47.350438,19.82900047302246,72.10545349121094,242.16856326381173,-47.35045853377081,19.853877881464637,0.9987469748433679,0.9987469748433679
SB81882_component_807a,242.423276,-48.394545,20.52400016784668,72.78014373779297,242.4233646639426,-48.39453673276109,18.904755212387442,1.085652786151826,1.085652786151826
SB81882_component_810a,240.862093,-53.624351,20.990999221801758,31.376678466796875,240.86173343438867,-53.62461825553134,15.903510139404407,1.3198972451868969,1.3198972451868969
SB81882_component_811a,244.561432,-46.880834,19.966999053955078,32.41395950317383,244.5614289228016,-46.88121117854163,21.35546376981859,0.9349831625840965,0.9349831625840965
SB81882_component_812a,235.819166,-53.785553,21.753999710083008,15.902046203613281,235.8194699120361,-53.78588494150269,17.793590610341425,1.2225750376340478,1.2225750376340478
SB81882_component_816a,238.503,-48.516054,22.295000076293945,84.45075988769531,238.50293313014348,-48.51611695879105,22.97446060901903,0.9704253978237752,0.9704253978237752
SB81882_component_817a,234.695555,-49.926493,21.31399917602539,51.235572814941406,234.69512986243856,-49.927415311642406,21.106502281552658,1.0098309464877129,1.0098309464877129
SB81882_component_819a,237.337291,-53.279341,19.486000061035156,38.28290939331055,237.33708851241633,-53.279637071260225,15.922903635146836,1.2237717760235294,1.2237717760235294
SB81882_component_829a,242.650241,-47.559115,21.399999618530273,79.85074615478516,242.65058314233264,-47.55915571718366,20.518347494333376,1.0429689634820927,1.0429689634820927
SB81882_component_834a,236.769647,-49.040739,19.738000869750977,64.9276351928711,236.7695211667916,-49.04084053104949,17.135585421608525,1.1518719894367146,1.1518719894367146
SB81882_component_840a,233.801114,-49.574406,20.534000396728516,18.155614852905273,233.80062577244453,-49.57515552702118,15.69620649305173,1.308214211237495,1.308214211237495
SB81882_component_842a,245.000715,-50.378409,19.131000518798828,11.020161628723145,245.00133246911685,-50.378768243815024,20.466130232695814,0.9347639393125702,0.9347639393125702
SB81882_component_849a,244.542655,-50.728305,18.059999465942383,15.814360618591309,244.54257704296495,-50.72852792069388,20.288950100918317,0.8901396758388672,0.8901396758388672
SB81882_component_853a,235.232444,-51.821309,20.707000732421875,58.82670593261719,235.23247881514357,-51.821893749392615,18.149700773290547,1.1409003923025938,1.1409003923025938
SB81882_component_854a,243.066435,-50.505011,19.3700008392334,46.45083999633789,243.06640473524047,-50.50507409113281,16.220920922984778,1.1941369377978057,1.1941369377978057
SB81882_component_855a,242.505085,-48.384772,20.485000610351562,78.48658752441406,242.50530846915515,-48.38476135529472,18.503588129678334,1.1070826083453076,1.1070826083453076
SB81882_component_857a,241.095717,-49.166097,18.959999084472656,66.293701171875,241.09548002906268,-49.16617677515368,14.876586596022243,1.2744858480871044,1.2744858480871044
SB81882_component_861a,238.854492,-46.695743,18.917999267578125,41.57801818847656,238.85449981312289,-46.695827366405915,20.09519112495701,0.9414192256217516,0.9414192256217516
SB81882_component_862a,238.368944,-52.603858,18.235000610351562,52.10000228881836,238.368793779535,-52.60383997020829,16.74549518649608,1.088949619421028,1.088949619421028
SB81882_component_863a,238.868773,-51.803794,19.645999908447266,61.202491760253906,238.86868707001315,-51.80381488548103,18.143715112850476,1.0827991834226267,1.0827991834226267
SB81882_component_864a,245.706526,-47.395295,21.159000396728516,18.335355758666992,245.70735575856156,-47.395730172828976,24.211977862555944,0.8739063168173102,0.8739063168173102
SB81882_component_867a,238.819965,-46.433619,18.68400001525879,28.18099594116211,238.8200947067581,-46.43381092990541,18.90291212573538,0.9884191330404296,0.9884191330404296
SB81882_component_868a,235.87816,-52.75862,19.42799949645996,50.992122650146484,235.87823922870945,-52.75893274190055,16.557077136016314,1.1733954813919771,1.1733954813919771
SB81882_component_870a,243.166864,-53.918916,17.732999801635742,11.367307662963867,243.16651550663934,-53.91904712561487,16.704170459533454,1.0615911663853448,1.0615911663853448
SB81882_component_882a,242.508111,-53.722445,19.42300033569336,20.065082550048828,242.5075813765335,-53.72259260499519,18.06955676845467,1.0749018686280944,1.0749018686280944
SB81882_component_884a,238.489207,-49.105013,18.138999938964844,91.61111450195312,238.48899617530233,-49.10507840009729,16.71813869832781,1.084989200429301,1.084989200429301
SB81882_component_896a,243.349052,-52.605884,19.69099998474121,42.99345016479492,243.34879946814297,-52.6060002958685,17.73786330429712,1.1101111586518388,1.1101111586518388
SB81882_component_903a,244.250635,-47.162409,17.76300048828125,40.74082946777344,244.25095432843028,-47.162327858035304,18.263201939091108,0.9726115139898217,0.9726115139898217
SB81882_component_906a,241.00373,-48.685265,18.39900016784668,65.94623565673828,241.0037013925612,-48.685216806558145,16.52711063471688,1.1132617536423883,1.1132617536423883
SB81882_component_908a,240.318064,-52.238879,18.235000610351562,34.60151672363281,240.31799154717788,-52.23888732979829,19.64187395454958,0.9283737718990835,0.9283737718990835
SB81882_component_910a,234.022233,-51.597452,19.43199920654297,22.464738845825195,234.0219501213244,-51.598353759355135,16.862177519534804,1.1524015320103842,1.1524015320103842
SB81882_component_912a,240.631283,-51.659843,17.229000091552734,33.782352447509766,240.63097437487679,-51.659867160770055,17.16717480510706,1.0036013663953187,1.0036013663953187
SB81882_component_924a,241.925924,-53.519303,18.91900062561035,30.514516830444336,241.92530491477575,-53.51945922593007,16.30202088379382,1.1605310016758799,1.1605310016758799
SB81882_component_927a,234.118324,-50.652476,18.948999404907227,26.502098083496094,234.11794010359247,-50.653318654025774,17.00801298199112,1.1141218803731696,1.1141218803731696
SB81882_component_929a,234.637523,-50.157089,17.55500030517578,43.1326789855957,234.63704043443244,-50.1578861345761,18.12921379646303,0.968326619249243,0.968326619249243
SB81882_component_930a,240.370911,-52.242166,16.297000885009766,29.36396598815918,240.37087164962412,-52.24203620050924,17.9140819539153,0.9097312899949023,0.9097312899949023
SB81882_component_933a,235.883771,-47.377815,18.59000015258789,53.41954040527344,235.88354248832098,-47.37794531168017,14.867416181817765,1.2503854015550255,1.2503854015550255
SB81882_component_937a,239.15629,-52.355044,18.27400016784668,49.79291534423828,239.15639593121202,-52.355088730289076,15.402672491028284,1.1864174985536362,1.1864174985536362
SB81882_component_942a,237.681281,-49.044912,17.503000259399414,69.45635223388672,237.68124713223924,-49.044892466509125,16.73364684632769,1.0459764341949502,1.0459764341949502
SB81882_component_943a,244.136309,-53.349266,16.30299949645996,22.611648559570312,244.13690521111616,-53.34969809675448,15.201953177116309,1.0724279509688972,1.0724279509688972
SB81882_component_945a,236.871473,-52.65494,17.395000457763672,46.01852035522461,236.87160514079775,-52.65469249403569,17.04951956952589,1.0202633796705503,1.0202633796705503
SB81882_component_948a,235.829142,-53.707949,16.211000442504883,13.70329761505127,235.82887926547272,-53.70802459931643,14.622514849186766,1.1086328589645071,1.1086328589645071
SB81882_component_949a,244.544082,-47.631889,17.56100082397461,48.916439056396484,244.54463880243154,-47.6321117567059,18.405836671701167,0.954099568370859,0.954099568370859
SB81882_component_952a,240.579024,-51.001112,17.19300079345703,62.52000045776367,240.5786552781071,-51.00116968143777,21.75601770422578,0.7902641479335416,0.7902641479335416
SB81882_component_954a,240.9798,-47.71478,18.518999099731445,76.20986938476562,240.98005166844544,-47.71486678040238,16.752239894150897,1.1054640583434707,1.1054640583434707
SB81882_component_955a,238.426345,-49.715646,16.516000747680664,68.5311279296875,238.42616586644428,-49.715683817130625,20.22544798549686,0.8165950519130086,0.8165950519130086
SB81882_component_956a,236.062752,-49.691241,17.03499984741211,71.57563018798828,236.06269586203422,-49.69150468158968,16.98443607325796,1.00297706523408,1.00297706523408
SB81882_component_957a,242.941444,-52.290969,16.665000915527344,29.60035514831543,242.94129314270847,-52.290954642433285,15.243606102970638,1.0932453123595018,1.0932453123595018
SB81882_component_958a,242.027153,-46.065532,18.389999389648438,15.571549415588379,242.02731294999472,-46.06583830097228,18.65149478348061,0.9859799229569645,0.9859799229569645
SB81882_component_960a,234.648507,-49.086117,17.708999633789062,39.885135650634766,234.6480761523332,-49.086659478269915,16.63264257506774,1.0647135326730808,1.0647135326730808
SB81882_component_961a,239.299621,-51.699202,16.801000595092773,52.6677131652832,239.2996087507813,-51.699263491843666,15.933587546675398,1.0544392809137553,1.0544392809137553
SB81882_component_962a,242.476376,-49.816019,16.0310001373291,50.73101043701172,242.4763314693129,-49.81607999557872,15.160830388976834,1.0573959160564814,1.0573959160564814
SB81882_component_964a,242.971357,-50.37882,17.933000564575195,40.02901840209961,242.97140940222954,-50.37880327160175,18.738569220209566,0.9570101299534884,0.9570101299534884
SB81882_component_971a,237.998849,-49.963245,17.974000930786133,77.4741439819336,237.9986962513533,-49.96324442824416,17.66090400096553,1.0177282504793348,1.0177282504793348
SB81882_component_976a,235.195421,-51.487133,16.836999893188477,50.7138557434082,235.19546016890462,-51.48765583588179,18.342121787210655,0.9179417784112823,0.9179417784112823
SB81882_component_978a,245.035737,-46.547206,14.175999641418457,11.515840530395508,245.03595928089177,-46.54700679283802,20.41158830625134,0.6945074253274477,0.6945074253274477
SB81882_component_979a,235.015564,-50.426871,17.198999404907227,42.4666633605957,235.01512893813646,-50.42765886563237,16.92317220469722,1.0162987882457077,1.0162987882457077
SB81882_component_980a,241.232854,-50.624072,15.630000114440918,47.944786071777344,241.23248989506862,-50.624108106052056,13.264102047815207,1.178368506069765,1.178368506069765
SB81882_component_984a,246.029217,-47.445007,14.470000267028809,26.550458908081055,246.03032319444804,-47.445327943991146,21.236118740895293,0.6813862949053546,0.6813862949053546
SB81882_component_985a,240.763153,-46.068524,17.98699951171875,14.767650604248047,240.7631569373329,-46.06881848005607,22.250608031293883,0.8083823815700374,0.8083823815700374
SB81882_component_987a,237.435099,-48.190323,17.04199981689453,70.4214859008789,237.43475020834794,-48.19035989365402,17.197578043949225,0.9909534803879299,0.9909534803879299
SB81882_component_988a,246.200377,-48.944496,15.015999794006348,10.118598937988281,246.20133630928385,-48.945257826726014,13.817312322031102,1.0867525785071812,1.0867525785071812
SB81882_component_995a,245.633799,-49.039413,17.45199966430664,24.96709442138672,245.63443147994414,-49.04002375443127,17.731847903573666,0.984217762255302,0.984217762255302
SB81882_component_996a,237.7245,-52.324571,16.479999542236328,52.990352630615234,237.72466713631596,-52.32455889322024,15.57975739401563,1.0577828091576376,1.0577828091576376
SB81882_component_1002a,240.669143,-46.508427,15.767000198364258,21.480926513671875,240.66917384385278,-46.50854335852476,22.54617815754678,0.6993203055608181,0.6993203055608181
SB81882_component_1004a,235.465157,-52.207578,15.526000022888184,47.91975402832031,235.46515533903263,-52.208016802049805,13.579315460876975,1.14335660494962,1.14335660494962
SB81882_component_1005a,239.978432,-51.435663,17.086999893188477,43.04030227661133,239.97845216379812,-51.435577678956435,13.846682678942042,1.234013972110034,1.234013972110034
SB81882_component_1011a,243.012281,-52.308697,17.541000366210938,34.80356979370117,243.01226658584955,-52.30860714524578,17.475570358337684,1.0037440842577157,1.0037440842577157
SB81882_component_1012a,240.114618,-45.921413,16.69300079345703,10.946229934692383,240.11478341525998,-45.92201078248691,21.46185193735151,0.7777987119743881,0.7777987119743881
SB81882_component_1013a,240.942677,-47.5362,15.937999725341797,60.832061767578125,240.94293588561752,-47.53624574888996,14.609333423806646,1.0909464013854338,1.0909464013854338
SB81882_component_1015a,245.489476,-52.889865,15.262999534606934,18.30095863342285,245.48989072708855,-52.89034200970514,13.142806272663746,1.161319676936353,1.161319676936353
SB81882_component_1016a,243.539068,-49.449605,15.534000396728516,46.370147705078125,243.53913737330888,-49.44969134848577,14.23695125783668,1.0911044166269712,1.0911044166269712
SB81882_component_1021a,234.160467,-49.964816,16.84600067138672,25.99691390991211,234.1599935171438,-49.965445892651736,16.194190020390955,1.0402496605372071,1.0402496605372071
SB81882_component_1022a,241.405865,-53.331652,15.998000144958496,30.472383499145508,241.40566063316567,-53.33185131213992,14.803754290599038,1.0806718235736898,1.0806718235736898
SB81882_component_1025a,233.978069,-51.413405,16.791000366210938,19.366783142089844,233.9780514953662,-51.41411559160536,12.337803294143288,1.3609392179385422,1.3609392179385422
SB81882_component_1026a,242.197958,-47.764231,15.145999908447266,57.371212005615234,242.1980426252735,-47.764226372575266,15.46625234684372,0.979293468694644,0.979293468694644
SB81882_component_1027a,244.003094,-50.326933,15.690999984741211,30.766666412353516,244.0032230423721,-50.327016903734446,12.844132726300133,1.2216472936792162,1.2216472936792162
SB81882_component_1029a,234.800692,-47.005911,16.086999893188477,16.584535598754883,234.80033730517465,-47.00622201499596,14.197546184330935,1.1330831176265395,1.1330831176265395
SB81882_component_1037a,246.299113,-52.076834,15.723999977111816,11.4024658203125,246.2993066714302,-52.07695195881617,18.11332828941949,0.8680900454002511,0.8680900454002511
SB81882_component_1038a,240.217014,-52.92497,15.569000244140625,30.82970428466797,240.2167613726511,-52.925122580926555,14.472025588285168,1.0757996625395299,1.0757996625395299
SB81882_component_1039a,241.361173,-48.068591,15.267000198364258,60.343875885009766,241.36125788222085,-48.06856844322133,14.27722490258392,1.0693254678366246,1.0693254678366246
SB81882_component_1047a,242.750654,-47.764339,14.928000450134277,56.54545593261719,242.75072901611776,-47.7644264262187,14.755453617109396,1.0116937667592143,1.0116937667592143
SB81882_component_1050a,238.370591,-50.951018,15.652000427246094,68.64912414550781,238.37031487149332,-50.950948017819194,14.06258766121021,1.113024203249596,1.113024203249596
SB81882_component_1053a,234.442357,-50.734594,15.10200023651123,26.54129981994629,234.4418964746027,-50.735332754155955,13.992799859232525,1.0792693662767463,1.0792693662767463
SB81882_component_1054a,240.159964,-51.846101,15.027999877929688,25.130435943603516,240.1598542420538,-51.846141953399034,14.486703305666314,1.037365062350083,1.037365062350083
SB81882_component_1056a,237.175266,-50.553748,14.482999801635742,68.63980865478516,237.1751952210305,-50.55373084772392,15.038333813997449,0.963072104979821,0.963072104979821
SB81882_component_1060a,236.204789,-50.624758,15.501999855041504,60.08527374267578,236.20483169996712,-50.62494007441972,14.99425238088401,1.0338628069782803,1.0338628069782803
SB81882_component_1064a,239.008816,-47.343015,14.73900032043457,42.84592819213867,239.00869366102418,-47.34315453521321,14.206374886881633,1.037492001850857,1.037492001850857
SB81882_component_1068a,242.168234,-47.435356,15.288000106811523,54.99280548095703,242.1683340535622,-47.435283800594085,14.912181306587135,1.0252021345836493,1.0252021345836493
SB81882_component_1069a,244.093335,-51.008949,13.303999900817871,15.744378089904785,244.09361819959713,-51.00901307687072,15.791536918144551,0.8424765727224126,0.8424765727224126
SB81882_component_1070a,237.707445,-46.536721,15.715999603271484,30.9370059967041,237.70737352029394,-46.536810379753796,15.306964037544148,1.0267221876737984,1.0267221876737984
SB81882_component_1072a,244.531619,-46.800416,15.079999923706055,23.97456169128418,244.5320048197958,-46.80057603972957,17.38805208226034,0.8672621782109217,0.8672621782109217
SB81882_component_1074a,234.345184,-49.336156,15.416000366210938,26.26235008239746,234.3449316803085,-49.33701172134557,14.738075975418978,1.0459981609487319,1.0459981609487319
SB81882_component_1075a,239.549175,-50.683724,14.211000442504883,52.439117431640625,239.5489222870005,-50.68375459674963,14.816288056734072,0.9591471486035207,0.9591471486035207
SB81882_component_1076a,245.304758,-51.224259,14.175999641418457,13.125925064086914,245.30493048708294,-51.22449401290847,20.603215396126224,0.688047926931046,0.688047926931046
SB81882_component_1078a,236.249242,-53.146385,14.711999893188477,34.69811248779297,236.2493406720397,-53.146583480412914,9.754990520364423,1.5081511214670942,1.5081511214670942
SB81882_component_1082a,243.882362,-49.024427,14.793000221252441,49.474918365478516,243.88273339520768,-49.02454817191901,13.972289963198863,1.0587384215626228,1.0587384215626228
SB81882_component_1084a,245.594029,-49.003,14.807000160217285,22.23273277282715,245.5946937090933,-49.00350126837657,16.11519200722667,0.9188224473886043,0.9188224473886043
SB81882_component_1086a,235.753124,-50.28499,15.670000076293945,62.68000030517578,235.75305850500516,-50.28543450856938,13.648939029966163,1.148074589672542,1.148074589672542
SB81882_component_1087a,241.465269,-47.473364,15.39900016784668,58.774810791015625,241.46555004857373,-47.47340502035099,14.81786210462281,1.039218752281584,1.039218752281584
SB81882_component_1089a,235.545159,-53.266824,15.404999732971191,23.773147583007812,235.54503268468724,-53.266917329892266,12.294429447394833,1.2530064773551148,1.2530064773551148
SB81882_component_1090a,235.840565,-53.603107,14.76099967956543,15.719914436340332,235.8409583724952,-53.60328803716416,12.510306211184282,1.1799071445884366,1.1799071445884366
SB81882_component_1091a,239.889538,-49.025986,14.062999725341797,58.84100341796875,239.88949941044638,-49.025957273964174,13.959278715740314,1.0074302556538632,1.0074302556538632
SB81882_component_1092a,242.456274,-53.868788,15.357999801635742,12.375502586364746,242.4553934291516,-53.868839136902665,14.165637597298879,1.0841728581680097,1.0841728581680097
SB81882_component_1095a,244.423349,-52.0548,13.527999877929688,23.985815048217773,244.42356575347338,-52.0549247851486,13.121319737769271,1.0309938442388384,1.0309938442388384
SB81882_component_1098a,244.447015,-49.132084,14.210000038146973,39.91572952270508,244.4477281286429,-49.13240549103504,13.626879553535518,1.0427919306339037,1.0427919306339037
SB81882_component_1099a,239.057285,-51.433275,13.92300033569336,49.37234115600586,239.05719204189842,-51.433245821989324,12.972524529851281,1.073268376070897,1.073268376070897
SB81882_component_1103a,244.56684,-48.196861,14.916000366210938,43.486881256103516,244.56749789686327,-48.1972015113543,15.43966065768989,0.966083432590331,0.966083432590331
SB81882_component_1104a,237.88983,-50.341997,13.784000396728516,62.940643310546875,237.88974561137223,-50.342085153935514,12.090981899396002,1.1400232430599442,1.1400232430599442
SB81882_component_1105a,239.97086,-52.711422,13.656999588012695,14.482501983642578,239.9709581605576,-52.71149828900099,13.696361733057179,0.9971260875105628,0.9971260875105628
SB81882_component_1109a,243.484026,-51.052888,12.366999626159668,19.026153564453125,243.4841409687222,-51.05307224657788,14.01669528729968,0.8823049493959695,0.8823049493959695
SB81882_component_1113a,244.375426,-52.751907,14.517000198364258,29.74795150756836,244.37603857162736,-52.752055829848686,12.713190346868931,1.1418849086877376,1.1418849086877376
SB81882_component_1118a,234.272218,-52.452395,14.77299976348877,20.66153907775879,234.27147441859705,-52.45327036332078,14.480687200242425,1.0201863736992711,1.0201863736992711
SB81882_component_1120a,238.113804,-47.371561,13.64799976348877,45.79865646362305,238.11363360387756,-47.37161282961982,10.353223939800525,1.3182367002632152,1.3182367002632152
SB81882_component_1121a,240.321033,-46.122101,12.475000381469727,11.487109184265137,240.32063157577934,-46.122185240365475,14.972856680396633,0.8331743666392499,0.8331743666392499
SB81882_component_1122a,240.836886,-49.802135,13.569999694824219,51.596954345703125,240.83692252519643,-49.802193506855524,12.803985471113961,1.0598262334363313,1.0598262334363313
SB81882_component_1127a,244.869059,-50.394453,14.194999694824219,11.081186294555664,244.8695450091927,-50.39439519756731,18.022260635404933,0.7876370219026787,0.7876370219026787
SB81882_component_1128a,237.295868,-50.26742,13.87600040435791,63.944705963134766,237.29584970286908,-50.26743557015581,13.646516793638535,1.016816277310145,1.016816277310145
SB81882_component_1133a,242.48794,-47.692822,13.47700023651123,52.43968963623047,242.48817886742955,-47.6929212390984,12.916628444925825,1.0433837509513206,1.0433837509513206
SB81882_component_1137a,242.281958,-51.290438,13.963000297546387,27.06007957458496,242.28119440725567,-51.29030394450117,14.100969311235184,0.9902156361989336,0.9902156361989336
SB81882_component_1144a,243.780294,-48.062812,13.583999633789062,48.341636657714844,243.7806372887586,-48.063017560603,13.307643871944476,1.0207666935262076,1.0207666935262076
SB81882_component_1145a,235.660213,-46.949394,13.347000122070312,27.073022842407227,235.659868135831,-46.949581278376876,13.622153506558467,0.979801036278465,0.979801036278465
SB81882_component_1147a,233.874518,-52.663499,14.217000007629395,11.328287124633789,233.87456535477122,-52.66420644999581,13.662057312076591,1.0406192627418025,1.0406192627418025
SB81882_component_1151a,239.371396,-50.241224,13.067999839782715,54.907562255859375,239.37121441186596,-50.241227755569284,11.87389189462375,1.1005658427545253,1.1005658427545253
SB81882_component_1154a,244.636325,-49.851097,13.072999954223633,23.899452209472656,244.63701411566265,-49.851403686979985,12.661941956758243,1.0324640563721736,1.0324640563721736
SB81882_component_1157a,243.786397,-53.272631,13.038999557495117,20.1842098236084,243.78626795030684,-53.27296979852026,9.606996230992587,1.3572399992654038,1.3572399992654038
SB81882_component_1160a,238.645704,-47.07151,13.6899995803833,41.23493957519531,238.64569266724962,-47.071618317927275,11.641373459362052,1.1759780431555293,1.1759780431555293
SB81882_component_1165a,242.725538,-52.762639,13.805000305175781,33.50728225708008,242.72541052526773,-52.76250299781818,11.653434465040535,1.184629333660372,1.184629333660372
SB81882_component_1170a,235.39525,-47.327183,13.779000282287598,32.345069885253906,235.3954872641087,-47.32759498781933,12.872071925629973,1.0704570609842392,1.0704570609842392
SB81882_component_1172a,234.829719,-47.420626,12.892000198364258,19.622526168823242,234.82998678928692,-47.42147691675452,10.500383907508354,1.2277646524091148,1.2277646524091148
SB81882_component_1178a,237.412577,-47.323645,12.267999649047852,47.55038833618164,237.41238004013476,-47.32365167278495,12.24142352327964,1.00217099961599,1.00217099961599
SB81882_component_1180a,239.671474,-53.574131,13.145000457763672,17.86005401611328,239.67099929136864,-53.57432019726843,9.984590175379855,1.316528793557977,1.316528793557977
SB81882_component_1181a,237.243919,-48.086188,13.399999618530273,60.089683532714844,237.2438594045185,-48.086213019624715,9.003482220735904,1.4883129982384768,1.4883129982384768
SB81882_component_1183a,237.948497,-51.268448,12.909000396728516,52.905738830566406,237.94843769933567,-51.26825044013691,12.584438170000196,1.0257907601709257,1.0257907601709257
SB81882_component_1184a,240.762054,-53.129691,12.35099983215332,26.056961059570312,240.7616169913786,-53.1297855052271,11.422923743954794,1.08124680764762,1.08124680764762
SB81882_component_1185a,235.386707,-51.271416,12.255000114440918,40.180328369140625,235.3865149525816,-51.27200023339861,10.218226051349419,1.1993275596817046,1.1993275596817046
SB81882_component_1186a,235.009787,-48.544095,12.54800033569336,36.057472229003906,235.00953763260043,-48.54483049937848,13.17386465116311,0.9524919731572851,0.9524919731572851
SB81882_component_1191a,242.435263,-51.349889,12.32800006866455,19.72480010986328,242.4346526885044,-51.34985849710005,11.966268698599698,1.0302292535105102,1.0302292535105102
SB81882_component_1196a,236.620025,-49.46599,12.755000114440918,55.69868850708008,236.61991615853435,-49.466252610204606,10.884869117892066,1.17181015006187,1.17181015006187
SB81882_component_1199a,238.915571,-51.758957,12.541999816894531,38.59077072143555,238.91544736531554,-51.75910499763643,11.106253875860292,1.1292736468193716,1.1292736468193716
SB81882_component_1200a,238.774111,-48.538365,12.977999687194824,48.97358703613281,238.7741261168285,-48.53861298026852,12.637126390402099,1.0269739564408897,1.0269739564408897
SB81882_component_1206a,233.920984,-49.378829,12.73799991607666,13.936542510986328,233.92050857387326,-49.37969220584142,10.029294871872038,1.2700793105407044,1.2700793105407044
SB81882_component_1209a,235.182647,-47.865859,13.618000030517578,34.73979568481445,235.18241990982867,-47.866398432101725,14.207249538732633,0.9585247301662009,0.9585247301662009
SB81882_component_1211a,236.064645,-46.392553,12.317999839782715,14.699283599853516,236.06448952171561,-46.392478129101946,11.878279085994851,1.0370188939495721,1.0370188939495721
SB81882_component_1213a,235.015211,-52.60173,12.425999641418457,23.269662857055664,235.01513987199368,-52.60247300403015,10.29661470535379,1.2068043718249921,1.2068043718249921
SB81882_component_1214a,241.239533,-53.427518,13.197999954223633,24.669157028198242,241.23955221966102,-53.42784090234568,12.583970073411638,1.0487946075228964,1.0487946075228964
SB81882_component_1216a,235.482012,-47.815467,12.486000061035156,37.72205352783203,235.48171546776078,-47.81586754179549,13.646083811699553,0.9149877894147337,0.9149877894147337
SB81882_component_1226a,239.981874,-52.970654,12.552000045776367,25.827159881591797,239.98182387049619,-52.97091697250604,12.477595012560105,1.0059630908954302,1.0059630908954302
SB81882_component_1228a,242.100545,-50.13275,13.097000122070312,42.66123580932617,242.10030724340933,-50.13282431455968,12.142510116309776,1.0786073057891439,1.0786073057891439
SB81882_component_1230a,234.403835,-47.83539,12.210000038146973,14.05063247680664,234.40363414635243,-47.83603359333411,12.510560154024208,0.9759754869344874,0.9759754869344874
SB81882_component_1233a,238.9793,-51.869524,12.333000183105469,38.540626525878906,238.97933088740234,-51.8695230855698,11.54206218662539,1.0685265755539417,1.0685265755539417
SB81882_component_1247a,239.133581,-48.431252,11.932999610900879,48.706119537353516,239.13358652356095,-48.43121119119626,10.381227852087111,1.1494786340232181,1.1494786340232181
SB81882_component_1248a,238.375202,-51.544528,12.107999801635742,44.029090881347656,238.374980990884,-51.5445237994548,11.501291589134446,1.052751311259204,1.052751311259204
SB81882_component_1251a,239.164339,-48.768342,12.440999984741211,53.857139587402344,239.1638615321027,-48.76835499517014,11.719560503169186,1.0615585781887413,1.0615585781887413
SB81882_component_1252a,236.974255,-48.085109,11.86299991607666,46.521568298339844,236.97417685699529,-48.085095995402895,10.264825560181144,1.1556942537918113,1.1556942537918113
SB81882_component_1253a,240.364481,-46.219909,12.640000343322754,12.652652740478516,240.36431426759933,-46.22032083525878,13.265634379440941,0.9528379858646041,0.9528379858646041
SB81882_component_1254a,235.339687,-51.628266,11.696999549865723,36.10184860229492,235.33964371117935,-51.6286297788046,11.16548637231198,1.0476032265707458,1.0476032265707458
SB81882_component_1255a,243.887098,-48.44839,12.20199966430664,46.57251739501953,243.8873895996199,-48.448449133456556,11.821316315354114,1.0322031268597454,1.0322031268597454
SB81882_component_1256a,243.495688,-47.143529,11.857000350952148,38.372169494628906,243.49578995097497,-47.143605824437344,12.390349848466013,0.9569544440603591,0.9569544440603591
SB81882_component_1257a,242.127834,-46.562911,12.977999687194824,23.68248176574707,242.12782858318852,-46.56311470329352,12.277060937901727,1.0570933672837903,1.0570933672837903
SB81882_component_1262a,239.792711,-47.00337,12.496000289916992,16.356021881103516,239.79274025008598,-47.00362380228585,13.397809544696115,0.9326897988980499,0.9326897988980499
SB81882_component_1267a,244.224838,-49.992279,11.687999725341797,24.0,244.2252823793233,-49.99238559806308,11.729468848206235,0.9964645353168929,0.9964645353168929
SB81882_component_1269a,239.266482,-49.574214,11.479999542236328,46.666664123535156,239.26627441703343,-49.57414353646124,10.125371337909847,1.1337855333023383,1.1337855333023383
SB81882_component_1271a,243.980024,-53.215334,12.843999862670898,21.514238357543945,243.9801605855813,-53.215575977807774,9.273073450152108,1.3850855308883827,1.3850855308883827
SB81882_component_1283a,235.368223,-51.87188,12.314000129699707,37.88923263549805,235.36831466159248,-51.87242497448133,10.390011522941583,1.1851767538957851,1.1851767538957851
SB81882_component_1285a,238.148914,-48.737036,12.157999992370605,53.324562072753906,238.14877139949462,-48.737121227918706,10.94374461876882,1.1109542862978825,1.1109542862978825
SB81882_component_1286a,237.107064,-51.524851,11.82699966430664,40.09152603149414,237.10727902569164,-51.524730811693225,10.82635509600313,1.0924267271330246,1.0924267271330246
SB81882_component_1288a,244.392395,-52.291964,12.26200008392334,26.59869956970215,244.39242095500686,-52.29203854123896,11.740002980194372,1.044463115095421,1.044463115095421
SB81882_component_1290a,245.055844,-49.499865,12.10200023651123,19.97029685974121,245.05671535156242,-49.50048699373565,14.68741550420934,0.8239707137748542,0.8239707137748542
SB81882_component_1295a,244.567491,-51.577108,11.454000473022461,20.094738006591797,244.5672880409956,-51.577347729999815,12.328127799355263,0.929094884433424,0.929094884433424
SB81882_component_1296a,238.623092,-49.274779,11.414999961853027,51.18833923339844,238.62274879831256,-49.27487675414263,9.611286906802093,1.1876661338425358,1.1876661338425358
SB81882_component_1300a,245.229729,-51.785443,11.390999794006348,18.521949768066406,245.22978817201172,-51.78575086302389,11.352799900103356,1.003364799365718,1.003364799365718
SB81882_component_1302a,237.759599,-50.828691,11.239999771118164,49.73451232910156,237.75935293116854,-50.8286987123676,10.853567827659502,1.0356041395414575,1.0356041395414575
SB81882_component_1304a,236.467775,-48.086924,11.355999946594238,46.925621032714844,236.46762106402718,-48.08695579292721,13.042316984048437,0.8707041824304171,0.8707041824304171
SB81882_component_1307a,244.024492,-53.047089,10.987000465393066,21.71343994140625,244.02454200765123,-53.047274473654426,10.606672436164281,1.0358574313968656,1.0358574313968656
SB81882_component_1313a,233.899131,-49.052531,12.286999702453613,12.09350299835205,233.89890894265469,-49.05353112147025,8.481473477602393,1.448686921547386,1.448686921547386
SB81882_component_1315a,235.351839,-47.37487,11.720000267028809,27.31934928894043,235.35180372624384,-47.3752098024055,9.19144931883443,1.2750981766295617,1.2750981766295617
SB81882_component_1317a,244.032152,-51.458816,10.350000381469727,13.911290168762207,244.03190192803484,-51.45903616105073,12.338304770172096,0.8388510880758024,0.8388510880758024
SB81882_component_1321a,239.323082,-48.491683,10.96500015258789,43.0,239.32304080739405,-48.49159634841506,10.238437596938216,1.070964202181293,1.070964202181293
SB81882_component_1327a,236.919395,-46.259172,11.02400016784668,13.123809814453125,236.91898043945562,-46.25909920341821,10.733608592295036,1.02705442191735,1.02705442191735
SB81882_component_1334a,241.310323,-48.103095,11.5,44.061302185058594,241.3103287088046,-48.1030781873326,11.190390419047693,1.0276674512111128,1.0276674512111128
SB81882_component_1342a,236.910165,-50.28653,10.805000305175781,46.37339401245117,236.91006521852557,-50.286585627470394,11.711826891622767,0.9225717221712335,0.9225717221712335
SB81882_component_1343a,238.852706,-50.339138,11.402000427246094,50.90178680419922,238.85266051750133,-50.339168315862956,10.993054088600683,1.0372004299578104,1.0372004299578104
SB81882_component_1344a,244.773746,-52.759752,10.244999885559082,20.009763717651367,244.7741234676529,-52.75967279696676,10.419690950330567,0.983234525322851,0.983234525322851
SB81882_component_1345a,235.925336,-46.649621,9.041999816894531,14.726383209228516,235.9251849957536,-46.64956410528196,9.047489733283015,0.9993932110949749,0.9993932110949749
SB81882_component_1346a,242.987916,-47.858486,11.692999839782715,40.884613037109375,242.98757409671697,-47.858563242203225,10.652892185448707,1.097636175812869,1.097636175812869
SB81882_component_1354a,235.048502,-49.625438,11.779000282287598,36.80937576293945,235.04805551275052,-49.62609721577706,11.683281364863834,1.0081928111148317,1.0081928111148317
SB81882_component_1355a,238.69552,-53.165127,9.25100040435791,10.89634895324707,238.69559073529643,-53.16492026942721,11.101986548014947,0.8332743301703968,0.8332743301703968
SB81882_component_1356a,236.243206,-49.933086,10.923999786376953,47.70305633544922,236.24296248861964,-49.933365912320824,10.300203620141724,1.0605615373481951,1.0605615373481951
SB81882_component_1360a,234.995417,-50.702378,11.48900032043457,27.28978729248047,234.99520659240403,-50.70304733788778,8.946801655999238,1.2841460850683633,1.2841460850683633
SB81882_component_1366a,238.744748,-50.834084,11.262999534606934,48.339054107666016,238.74487939387416,-50.83392321288916,10.188283237233877,1.1054855143254578,1.1054855143254578
SB81882_component_1368a,245.739322,-51.384673,11.642000198364258,11.771486282348633,245.7391961677938,-51.38501837462814,11.64248851915467,0.9999580570090657,0.9999580570090657
SB81882_component_1370a,238.889117,-49.317424,10.54699993133545,48.15981674194336,238.8887839130069,-49.317502242475946,9.000326936190692,1.1718463124851075,1.1718463124851075
SB81882_component_1371a,242.064285,-53.31799,10.093000411987305,18.31760597229004,242.06399875554382,-53.31820688792326,9.103647748628143,1.1086765097549223,1.1086765097549223
SB81882_component_1372a,239.939641,-51.954538,11.60099983215332,24.018632888793945,239.93964749909358,-51.95455364826937,8.430074582992626,1.3761443885156037,1.3761443885156037
SB81882_component_1374a,241.826247,-49.984424,11.104999542236328,42.22433090209961,241.82598808743876,-49.984552805795396,9.947529240480867,1.1163575671680568,1.1163575671680568
SB81882_component_1376a,236.884457,-46.187084,10.70300006866455,10.724449157714844,236.8844864942847,-46.186956950640166,10.224670364903904,1.0467819192883234,1.0467819192883234
SB81882_component_1378a,236.637378,-47.849787,11.289999961853027,42.92775344848633,236.63693379752664,-47.85001115042311,12.536603782309609,0.9005628763496807,0.9005628763496807
SB81882_component_1380a,240.9862,-53.15999,10.982000350952148,24.136262893676758,240.9862217865349,-53.16018070396056,9.513748089103027,1.1543295290245121,1.1543295290245121
SB81882_component_1383a,235.574747,-52.272662,11.458000183105469,34.932926177978516,235.57447284737307,-52.2730259152241,10.122595028314077,1.1319232026032957,1.1319232026032957
SB81882_component_1387a,239.014186,-48.836052,11.071000099182129,45.00406265258789,239.0138680326289,-48.836220813723294,13.63874405389182,0.8117316415233274,0.8117316415233274
SB81882_component_1388a,241.603003,-51.539063,10.293999671936035,27.97282600402832,241.60280547902724,-51.53910972487171,9.142039572195989,1.1260069036720803,1.1260069036720803
SB81882_component_1392a,235.318868,-52.412121,11.38700008392334,29.808900833129883,235.31874720335034,-52.41269279853832,8.613231147450444,1.3220358178003786,1.3220358178003786
SB81882_component_1399a,239.864655,-51.627066,9.586000442504883,20.704105377197266,239.86441636356273,-51.62714552270523,9.064400254995057,1.0575438167817437,1.0575438167817437
SB81882_component_1400a,234.174032,-49.233469,10.444999694824219,14.547353744506836,234.1740664810873,-49.234289965608355,8.893541492239663,1.174447738725718,1.174447738725718
SB81882_component_1401a,234.964124,-48.802854,10.83899974822998,28.90399932861328,234.96368683566763,-48.803519465985204,10.676027906745393,1.015265213139956,1.015265213139956
SB81882_component_1402a,240.887297,-48.486417,10.08899974822998,34.31632614135742,240.8874435636268,-48.48641159254325,9.097728212600169,1.1089581390502434,1.1089581390502434
SB81882_component_1405a,243.650988,-46.759093,9.593999862670898,22.25986099243164,243.65108765232517,-46.75932120450068,12.667341198288472,0.7573807093762641,0.7573807093762641
SB81882_component_1410a,245.792956,-52.601655,10.74899959564209,12.050447463989258,245.79317083715185,-52.60184686665792,12.443004824963593,0.863858830471324,0.863858830471324
SB81882_component_1416a,244.114791,-48.951342,10.810999870300293,36.400672912597656,244.11488155124763,-48.95141025080693,8.891574212817897,1.2158701723161005,1.2158701723161005
SB81882_component_1420a,234.773166,-46.904658,11.380000114440918,10.796963691711426,234.77286610586543,-46.905023320878264,8.908444722158025,1.2774396058310133,1.2774396058310133
SB81882_component_1421a,240.903398,-53.118487,10.701000213623047,21.79429817199707,240.90284707863165,-53.118572818975466,10.124778258008108,1.0569120568303982,1.0569120568303982
SB81882_component_1422a,244.402331,-46.718528,10.677000045776367,16.251140594482422,244.40240216473205,-46.718952892291355,10.576653810798486,1.0094875219301809,1.0094875219301809
SB81882_component_1423a,241.251653,-50.408793,10.111000061035156,34.745704650878906,241.25133055892724,-50.40875330382334,9.379980298476235,1.0779340402961906,1.0779340402961906
SB81882_component_1428a,239.578435,-46.908845,9.347999572753906,12.666666030883789,239.57833378258437,-46.90898007236602,10.19019053655415,0.9173527756150246,0.9173527756150246
SB81882_component_1429a,234.85882,-50.096287,10.350000381469727,30.000001907348633,234.85861384179427,-50.09705907039625,12.439398378511132,0.8320338384973016,0.8320338384973016
SB81882_component_1432a,237.29828,-47.062411,9.75100040435791,28.263769149780273,237.29829240277516,-47.06251190464336,11.976784944766175,0.8141584281029504,0.8141584281029504
SB81882_component_1434a,236.027881,-51.273874,10.322999954223633,38.518653869628906,236.027999141768,-51.274036825423345,10.254083207843088,1.0067209076602608,1.0067209076602608
SB81882_component_1435a,245.192395,-47.085973,10.967000007629395,13.055953025817871,245.1934901428555,-47.08636588048406,10.383016431863712,1.0562441155321238,1.0562441155321238
SB81882_component_1438a,237.774878,-49.205094,10.659000396728516,47.163719177246094,237.77470464893656,-49.20519739872823,10.003684073913819,1.065507498834708,1.065507498834708
SB81882_component_1443a,238.456963,-48.298689,10.265999794006348,39.63706588745117,238.4568526779749,-48.29876849038992,9.807808181239121,1.0467170242627377,1.0467170242627377
SB81882_component_1444a,239.670173,-49.97368,10.309000015258789,38.323421478271484,239.66991467963786,-49.97378284109628,9.752259816964429,1.0570883270896752,1.0570883270896752
SB81882_component_1448a,245.832796,-49.174116,10.34000015258789,11.578947067260742,245.8333692982657,-49.174844712906236,10.9566152387012,0.9437221192238924,0.9437221192238924
SB81882_component_1450a,236.787234,-49.901266,10.282999992370605,45.10087585449219,236.78705433663245,-49.9013304180139,10.477482169781698,0.9814380808041838,0.9814380808041838
SB81882_component_1456a,236.274621,-47.307017,9.390000343322754,29.71518898010254,236.2744812456856,-47.307099377865384,10.71974483147517,0.8759537182034373,0.8759537182034373
SB81882_component_1460a,235.064053,-48.502552,10.800999641418457,31.037355422973633,235.0636887969256,-48.50325284613118,9.78346001638924,1.1040061106525336,1.1040061106525336
SB81882_component_1462a,242.097696,-51.757371,10.152999877929688,22.76457405090332,242.0971228887061,-51.757482716537815,7.796649174038195,1.3022260783180841,1.3022260783180841
SB81882_component_1463a,235.876365,-51.055656,10.404999732971191,36.89716339111328,235.87635612030465,-51.05604296999754,7.803682702455328,1.3333447975399348,1.3333447975399348
SB81882_component_1464a,241.144672,-48.596396,10.397000312805176,39.38257598876953,241.14472669492622,-48.59638980775356,9.38269051453602,1.1081043648085536,1.1081043648085536
SB81882_component_1466a,244.142795,-49.474998,9.470999717712402,23.97721290588379,244.14313945804238,-49.474961993051004,10.78367822354761,0.8782717289385733,0.8782717289385733
SB81882_component_1467a,237.573237,-52.444171,9.58899974822998,29.595678329467773,237.57349417995027,-52.44414233082748,9.080143981616988,1.0560404953537283,1.0560404953537283
SB81882_component_1473a,235.995072,-49.380912,9.6899995803833,41.410255432128906,235.99485272395003,-49.381207174716465,8.884691147854136,1.0906400030262915,1.0906400030262915
SB81882_component_1474a,243.345423,-48.321819,10.234999656677246,35.051368713378906,243.34561784936193,-48.32189816356497,10.77460491490681,0.9499187893671152,0.9499187893671152
SB81882_component_1476a,239.205988,-50.33715,9.800000190734863,39.676116943359375,239.20591027546038,-50.337188258979005,8.410913003546229,1.1651529609928155,1.1651529609928155
SB81882_component_1477a,241.436096,-47.77363,9.687000274658203,37.257694244384766,241.4362445888663,-47.773592889630955,9.96361996706704,0.9722370289791107,0.9722370289791107
SB81882_component_1484a,234.46472,-52.662345,9.307000160217285,13.48840618133545,234.46505314126782,-52.6630947258207,11.169341454271548,0.8332631067212976,0.8332631067212976
SB81882_component_1485a,241.059882,-48.154586,9.869000434875488,38.400779724121094,241.05996197202737,-48.154526621092714,9.776654330393539,1.0094455732361187,1.0094455732361187
SB81882_component_1487a,238.749788,-52.90415,8.730999946594238,17.85480499267578,238.74956629138865,-52.90422493535367,8.326564344878925,1.048571725980122,1.048571725980122
SB81882_component_1488a,245.266367,-52.102113,10.522000312805176,17.595317840576172,245.26664571256686,-52.102371820792314,10.608507314442784,0.9918455067170633,0.9918455067170633
SB81882_component_1490a,238.875884,-48.234857,9.401000022888184,34.69003677368164,238.8759943075581,-48.23470774288706,8.229869103771348,1.1423024964735058,1.1423024964735058
SB81882_component_1497a,239.899821,-49.827718,9.310999870300293,39.45338821411133,239.89946368949225,-49.827802878536616,8.290043928514068,1.1231544670438465,1.1231544670438465
SB81882_component_1505a,236.401683,-48.641143,10.503999710083008,41.84860610961914,236.40144129804096,-48.641123912896674,10.967206225109878,0.9577644018431659,0.9577644018431659
SB81882_component_1506a,241.883324,-47.601011,9.868000030517578,38.24806594848633,241.88351806923146,-47.60108362192396,10.03152537205711,0.9836988558096026,0.9836988558096026
SB81882_component_1507a,241.680201,-50.439263,9.727999687194824,32.21192169189453,241.68014419786593,-50.43917402711772,9.519651566085555,1.0218861078751584,1.0218861078751584
SB81882_component_1509a,242.428007,-51.269873,8.013999938964844,14.840740203857422,242.42769213417796,-51.269817060082694,10.71785995661585,0.7477238899746973,0.7477238899746973
SB81882_component_1510a,239.889929,-53.307788,8.998000144958496,16.479854583740234,239.88953628326962,-53.3080502498744,11.19421170280666,0.8038082880550204,0.8038082880550204
SB81882_component_1513a,243.817241,-52.813556,9.642000198364258,19.637475967407227,243.81761532900217,-52.81364135776203,10.423824503893389,0.9249964055671589,0.9249964055671589
SB81882_component_1522a,238.004302,-49.567911,9.781000137329102,44.25791931152344,238.00420488417168,-49.56788326043564,10.059212905588739,0.9723424913190707,0.9723424913190707
SB81882_component_1524a,237.163654,-50.151231,9.842000007629395,43.54867172241211,237.16357404906282,-50.1512347467221,10.017866986944519,0.9824446681569722,0.9824446681569722
SB81882_component_1526a,238.002226,-47.039747,9.597999572753906,29.351680755615234,238.0021203872203,-47.03964988908409,9.7201448825275,0.9874337974125101,0.9874337974125101
SB81882_component_1527a,235.046487,-51.307384,9.913999557495117,25.683937072753906,235.04642516589843,-51.308048558911715,9.899534667938433,1.0014611686348787,1.0014611686348787
SB81882_component_1533a,241.925945,-47.40143,9.519000053405762,36.19391632080078,241.9262468872822,-47.40169058159171,8.85738858011225,1.0746959972806258,1.0746959972806258
SB81882_component_1535a,235.569392,-48.450748,9.255000114440918,33.29136657714844,235.56933026279333,-48.45124588231359,6.6521989548116345,1.3912692896454395,1.3912692896454395
SB81882_component_1536a,238.172638,-51.660606,9.380000114440918,29.77777862548828,238.17251223181216,-51.66048677451795,9.125363709205368,1.0279042472552278,1.0279042472552278
SB81882_component_1546a,243.329001,-48.862561,9.619999885559082,34.72924041748047,243.32922258407012,-48.86265898315029,8.879894027683068,1.0833462489044052,1.0833462489044052
SB81882_component_1547a,239.862156,-53.12702,8.369000434875488,17.14959144592285,239.86191939581923,-53.12700398972233,8.56491419134652,0.9771260105945986,0.9771260105945986
SB81882_component_1548a,238.446357,-48.260008,8.85099983215332,33.14981460571289,238.44612249179409,-48.26011093435271,8.22891844900103,1.0755969799685898,1.0755969799685898
SB81882_component_1550a,239.122699,-48.848508,9.005000114440918,37.36514663696289,239.12252687323064,-48.848674665781196,8.411566424573873,1.0705497240244533,1.0705497240244533
SB81882_component_1551a,239.226786,-48.896506,9.081000328063965,37.837501525878906,239.22674354412007,-48.89635865354379,6.588649782606604,1.3782794089370063,1.3782794089370063
SB81882_component_1552a,235.976726,-49.83896,9.310999870300293,39.62127685546875,235.97653399835698,-49.83940974879915,9.313129591427117,0.9997713205742584,0.9997713205742584
SB81882_component_1553a,234.851976,-47.056745,10.329999923706055,12.490930557250977,234.85167890793625,-47.05733259253147,8.674688026611559,1.1908209139068118,1.1908209139068118
SB81882_component_1554a,242.486589,-49.909063,8.553000450134277,25.531343460083008,242.4865912788682,-49.90913265736226,8.89904553658201,0.9611143593967221,0.9611143593967221
SB81882_component_1564a,243.955839,-50.359616,9.699999809265137,16.16666603088379,243.95617502112412,-50.36011805733816,9.093348344302347,1.0667137606515318,1.0667137606515318
SB81882_component_1565a,239.550085,-51.328918,9.467000007629395,30.440515518188477,239.54994277645991,-51.32886496171585,8.233960843274508,1.1497504284784197,1.1497504284784197
SB81882_component_1566a,235.971888,-49.69277,9.03600025177002,38.615386962890625,235.97155506624551,-49.692998189806886,8.276185717470575,1.0918073325367164,1.0918073325367164
SB81882_component_1569a,240.995033,-48.150137,9.402999877929688,37.915321350097656,240.99498389837896,-48.1503951858883,8.55812326092622,1.0987221837363474,1.0987221837363474
SB81882_component_1570a,243.914644,-50.079193,8.682000160217285,18.394067764282227,243.91496667235643,-50.079237647518674,8.831088700863162,0.9831177620680783,0.9831177620680783
SB81882_component_1571a,241.847319,-47.557612,9.888999938964844,37.7442741394043,241.84752545562446,-47.55728503129629,8.937154244373959,1.1065043377974686,1.1065043377974686
SB81882_component_1574a,242.750221,-47.735365,9.46500015258789,35.98859405517578,242.75032148096167,-47.735329036241026,9.699703764605413,0.9758030123688968,0.9758030123688968
SB81882_component_1576a,236.852534,-52.882883,9.411999702453613,24.899471282958984,236.85249380422943,-52.88285773020215,8.563973242113878,1.0990225490394472,1.0990225490394472
SB81882_component_1580a,243.643942,-49.442766,9.567999839782715,29.806852340698242,243.64438982367156,-49.44286967317666,8.989441883911859,1.064359719250901,1.064359719250901
SB81882_component_1582a,245.14105,-49.327916,9.729999542236328,18.085500717163086,245.14196561365515,-49.32841436029171,9.641489031243639,1.0091801702730634,1.0091801702730634
SB81882_component_1585a,238.147837,-48.220576,8.842000007629395,34.8110237121582,238.1477739027675,-48.22061454840547,8.732377066993184,1.012553619683988,1.012553619683988
SB81882_component_1593a,243.46749,-46.446088,10.005999565124512,14.979042053222656,243.46754801114903,-46.44632140562807,9.410714312897637,1.063256117700972,1.063256117700972
SB81882_component_1602a,239.85003,-46.520831,9.746000289916992,10.335101127624512,239.8501298099198,-46.52132873193015,9.01803704319386,1.080723026888933,1.080723026888933
SB81882_component_1603a,239.999974,-51.105098,9.543000221252441,34.451263427734375,239.9995951201915,-51.105081942757955,8.407221314264698,1.1350956355889723,1.1350956355889723
SB81882_component_1604a,238.3391,-49.994564,9.39900016784668,37.89919662475586,238.33876881206126,-49.99459200081116,8.344386263561306,1.1263860361894698,1.1263860361894698
SB81882_component_1611a,240.147553,-50.864152,9.64900016784668,35.344322204589844,240.1473585596441,-50.86418583042128,9.232255875706048,1.045140028369151,1.045140028369151
SB81882_component_1612a,241.51542,-48.572361,8.289999961853027,31.16541290283203,241.5154428236546,-48.57235232965562,7.2248213705125,1.147433207925107,1.147433207925107
SB81882_component_1613a,237.816114,-47.731528,8.776000022888184,36.414939880371094,237.81603676825623,-47.731570118471076,6.979267821553465,1.2574384945919437,1.2574384945919437
SB81882_component_1616a,236.831992,-52.293675,9.206000328063965,35.272029876708984,236.83243306163135,-52.29351116037677,6.746774432602341,1.3645039448151612,1.3645039448151612
SB81882_component_1618a,241.23024,-52.812915,9.008000373840332,22.862945556640625,241.23031170441558,-52.81320749622892,8.249222986700813,1.091981679773089,1.091981679773089
SB81882_component_1627a,235.220628,-51.314835,8.942000389099121,26.222875595092773,235.22054864078987,-51.31559805619981,8.476437695886956,1.0549243337726733,1.0549243337726733
SB81882_component_1628a,245.11914,-51.429116,9.097999572753906,12.997142791748047,245.11983072760887,-51.42954538906434,8.13389412776897,1.118529382094303,1.118529382094303
SB81882_component_1630a,237.930052,-52.602241,8.430000305175781,24.364164352416992,237.93018342590318,-52.60231550965737,6.824353462451066,1.23528189909261,1.23528189909261
SB81882_component_1632a,242.711115,-52.563075,8.812999725341797,19.158695220947266,242.7108549942131,-52.56323371435124,6.817048557673129,1.2927881693643015,1.2927881693643015
SB81882_component_1635a,239.844681,-51.112964,8.810999870300293,27.620689392089844,239.8444566845725,-51.113076340231636,7.583567327455841,1.1618542421850213,1.1618542421850213
SB81882_component_1637a,235.645208,-46.768855,9.055999755859375,16.085256576538086,235.64497887862174,-46.76878914938975,7.591175285579261,1.1929641215192064,1.1929641215192064
SB81882_component_1641a,234.904388,-49.330809,9.611000061035156,26.47658348083496,234.904120022749,-49.33135751840425,8.575042424699674,1.120810788451786,1.120810788451786
SB81882_component_1643a,243.729997,-49.222027,9.220000267028809,29.55128288269043,243.73037537040565,-49.22191092725207,7.833144149216344,1.1770497378056308,1.1770497378056308
SB81882_component_1644a,239.569669,-50.916073,8.909000396728516,33.746212005615234,239.56938936220502,-50.91585352581276,7.664776512468009,1.1623300930218348,1.1623300930218348
SB81882_component_1654a,234.456982,-49.507262,9.13599967956543,17.108613967895508,234.45683643730592,-49.507988055427596,7.742824521468486,1.1799311290387757,1.1799311290387757
SB81882_component_1660a,237.368801,-51.26532,8.597000122070312,34.11507797241211,237.36905695821565,-51.26527489752132,7.794020703506698,1.1030250558870516,1.1030250558870516
SB81882_component_1662a,239.049029,-49.1466,7.908999919891357,37.84210205078125,239.04885944893053,-49.14659397766893,7.678242228644526,1.0300534529095688,1.0300534529095688
SB81882_component_1665a,238.731793,-52.208796,7.916999816894531,25.53870964050293,238.73184005162065,-52.20869470280464,7.02014041921509,1.1277551935036247,1.1277551935036247
SB81882_component_1668a,238.369332,-48.723033,7.861000061035156,35.09375,238.3689268297788,-48.72311971033316,7.523198925908935,1.0449012632063839,1.0449012632063839
SB81882_component_1673a,240.416628,-50.55809,8.609999656677246,32.49056625366211,240.41642719579133,-50.55802170339425,7.662914325421447,1.123593360311217,1.123593360311217
SB81882_component_1674a,237.4387,-47.708249,8.378000259399414,33.37849044799805,237.43847485615612,-47.70831324549116,9.538526971171407,0.8783327116147503,0.8783327116147503
SB81882_component_1678a,240.756341,-47.62403,8.223999977111816,30.686565399169922,240.75634476522205,-47.62406900148646,7.419197813813334,1.1084756308559496,1.1084756308559496
SB81882_component_1685a,244.045327,-48.047712,9.02400016784668,30.281879425048828,244.04576688610925,-48.047826643389314,9.629245287576033,0.9371451134898121,0.9371451134898121
SB81882_component_1696a,237.419967,-50.861082,8.496999740600586,35.852317810058594,237.41964988254261,-50.861120215470905,9.89918248896513,0.8583536822431961,0.8583536822431961
SB81882_component_1698a,234.940705,-49.29294,8.112000465393066,23.78885841369629,234.94036866090005,-49.293513907727764,6.99351241016232,1.15993223285133,1.15993223285133
SB81882_component_1701a,243.598892,-49.25907,7.330999851226807,24.35548210144043,243.5993402465441,-49.25913234067166,7.423221873423708,0.9875765504831439,0.9875765504831439
SB81882_component_1703a,235.315723,-52.638382,8.866999626159668,20.717288970947266,235.31602112954695,-52.639073023218025,6.122209674982227,1.448333215765827,1.448333215765827
SB81882_component_1706a,240.437122,-49.976527,8.456000328063965,32.90272521972656,240.4366126279525,-49.97650203507221,7.918338744304263,1.0679008061061352,1.0679008061061352
SB81882_component_1707a,244.421112,-46.957286,7.880000114440918,15.57312297821045,244.42123733354975,-46.95754634082791,8.40547452406604,0.9374842659839588,0.9374842659839588
SB81882_component_1708a,243.592354,-46.578402,9.019000053405762,16.076648712158203,243.59229883475044,-46.57863407192122,9.520510543894828,0.9473231516128442,0.9473231516128442
SB81882_component_1709a,244.106051,-47.660746,8.015999794006348,26.809364318847656,244.1062114704411,-47.66103632576131,8.703231521183739,0.9210371773398578,0.9210371773398578
SB81882_component_1710a,235.978693,-48.030121,8.123000144958496,31.2423095703125,235.97830672328234,-48.03042085032395,8.068431482311476,1.006763230594032,1.006763230594032
SB81882_component_1717a,237.406699,-53.481871,9.041000366210938,11.787484169006348,237.406747937092,-53.482321978845285,5.487887354238575,1.6474464183795814,1.6474464183795814
SB81882_component_1720a,235.004391,-51.398201,7.514999866485596,20.532787322998047,235.00425879149358,-51.39887609750222,6.799164257696791,1.1052828820804652,1.1052828820804652
SB81882_component_1724a,243.24778,-49.511096,8.32699966430664,26.519105911254883,243.24780881295294,-49.5111780384547,7.1242582793063605,1.16882338312942,1.16882338312942
SB81882_component_1727a,239.071118,-48.130655,7.413000106811523,27.86842155456543,239.07114158436008,-48.13057798348022,7.242933152346229,1.023480398187881,1.023480398187881
SB81882_component_1728a,239.518077,-49.19329,8.010000228881836,35.44247817993164,239.51768075807618,-49.1933178121412,6.749609236555988,1.1867354017325258,1.1867354017325258
SB81882_component_1731a,243.052383,-50.789681,7.664000034332275,13.259515762329102,243.05221690772674,-50.78946604577017,8.35806049418771,0.9169591485562839,0.9169591485562839
SB81882_component_1733a,236.276573,-50.504243,7.5970001220703125,30.7570858001709,236.27685473697724,-50.50431794073822,6.80511329086037,1.1163664434908804,1.1163664434908804
SB81882_component_1734a,241.17386,-51.343516,8.562000274658203,26.924530029296875,241.1736237548189,-51.3436396741976,6.562727319673246,1.3046405644482117,1.3046405644482117
SB81882_component_1735a,237.814195,-47.763859,7.927000045776367,31.33201789855957,237.8142304664959,-47.7638927464222,7.15359322897003,1.1081144527024904,1.1081144527024904
SB81882_component_1740a,239.635354,-52.166962,8.411999702453613,20.076372146606445,239.63521054198634,-52.16692833730336,5.306672300678901,1.5851741403699333,1.5851741403699333
SB81882_component_1741a,237.782697,-51.994135,8.276000022888184,26.18987274169922,237.78266396725368,-51.993991791768906,8.071335874571506,1.0253569113585603,1.0253569113585603
SB81882_component_1743a,240.739546,-48.26992,7.931000232696533,30.62162208557129,240.7394921262626,-48.26985793468918,8.468574948281265,0.936521230683111,0.936521230683111
SB81882_component_1744a,242.611923,-46.431747,8.04800033569336,12.69400691986084,242.61203902285385,-46.43187566962399,7.444823192538184,1.0810196733429116,1.0810196733429116
SB81882_component_1745a,244.552038,-52.25805,6.591000080108643,13.817610740661621,244.55214123433524,-52.25828397969524,8.378753123055665,0.7866325673174813,0.7866325673174813
SB81882_component_1746a,239.698981,-50.171886,7.823999881744385,32.19752883911133,239.69835539447604,-50.171919732877015,7.158793820366218,1.0929215281330924,1.0929215281330924
SB81882_component_1748a,244.025119,-48.370999,8.116999626159668,27.70306968688965,244.02577862725235,-48.37118994526531,8.290868731036987,0.9790288435967587,0.9790288435967587
SB81882_component_1751a,239.549496,-46.386708,8.456999778747559,11.083878517150879,239.5489807158902,-46.38670460835511,6.685703518345287,1.26493790153002,1.26493790153002
SB81882_component_1753a,244.848674,-49.126141,8.538999557495117,20.18675994873047,244.84969618254738,-49.1263447813573,6.716632934512184,1.2713214553707464,1.2713214553707464
SB81882_component_1757a,235.420744,-49.061203,7.35699987411499,26.46402931213379,235.42036647509872,-49.061534374318576,6.012735885014918,1.2235694390718672,1.2235694390718672
SB81882_component_1759a,241.950319,-49.501513,7.815000057220459,28.626373291015625,241.95032074054757,-49.50147116921356,6.946781377333771,1.124981431360363,1.124981431360363
SB81882_component_1762a,242.793881,-52.797259,7.169000148773193,16.75,242.79409965326963,-52.79727777099148,7.5018931721020055,0.9556254647071258,0.9556254647071258
SB81882_component_1763a,238.047414,-53.095251,7.21999979019165,13.938222885131836,238.04728702290936,-53.0954944626115,6.084568306130097,1.1866083881279836,1.1866083881279836
SB81882_component_1767a,238.120959,-46.803646,8.17300033569336,19.789348602294922,238.121227383133,-46.803746718935614,6.934446321356225,1.1786089266453361,1.1786089266453361
SB81882_component_1769a,235.441323,-48.474022,7.183000087738037,24.854671478271484,235.44094496373341,-48.474620338326275,5.92389837783566,1.2125461359386789,1.2125461359386789
SB81882_component_1771a,235.599083,-50.724811,7.821000099182129,23.27678680419922,235.59903239704764,-50.72551245420934,7.683476512389617,1.017898614848468,1.017898614848468
SB81882_component_1776a,244.296331,-46.983948,7.929999828338623,16.555322647094727,244.29679584905392,-46.984190213285586,7.601953260711409,1.04315293140812,1.04315293140812
SB81882_component_1782a,241.023321,-50.104698,7.176000118255615,26.577777862548828,241.0231657861344,-50.10484978045,6.214228124556043,1.1547693413280162,1.1547693413280162
SB81882_component_1783a,241.946981,-48.374228,7.322000026702881,28.053638458251953,241.94710602663798,-48.37430352776273,7.9538251350866656,0.9205633644626385,0.9205633644626385
SB81882_component_1796a,239.581419,-51.108704,7.361000061035156,26.010601043701172,239.58107798477207,-51.10859882804316,7.358246439131823,1.0003742225713845,1.0003742225713845
SB81882_component_1797a,236.163623,-52.445939,7.738999843597412,25.79666519165039,236.1641052305165,-52.44597090297617,5.812848927776707,1.331360910932433,1.331360910932433
SB81882_component_1801a,238.119585,-49.565777,7.304999828338623,32.61160659790039,238.11931688715003,-49.56584571418585,6.620624357330864,1.1033702312758413,1.1033702312758413
SB81882_component_1802a,242.106966,-48.812072,6.800000190734863,25.66037940979004,242.1069741929764,-48.81216043088465,6.833168557046194,0.995145975686912,0.995145975686912
SB81882_component_1805a,237.81065,-48.390647,7.329999923706055,28.632810592651367,237.81054273491787,-48.39077983033492,7.445742224223389,0.9844552366934236,0.9844552366934236
SB81882_component_1812a,239.595808,-50.528131,7.9629998207092285,32.36991882324219,239.59493098044481,-50.52781153581152,4.924800567938669,1.6169182306690304,1.6169182306690304
SB81882_component_1813a,244.764375,-51.702425,7.454999923706055,14.475728034973145,244.76443213759566,-51.70265651126691,8.828192880767368,0.8444536752189818,0.8444536752189818
SB81882_component_1816a,235.663068,-50.46913,6.880000114440918,23.806228637695312,235.66299592770994,-50.469669849251865,9.184503381194027,0.7490878743131876,0.7490878743131876
SB81882_component_1817a,244.185958,-53.239236,8.055000305175781,12.31651496887207,244.18582084073205,-53.239408459985505,6.386437482541968,1.2612666024203656,1.2612666024203656
SB81882_component_1822a,239.211715,-51.180801,7.623000144958496,30.492000579833984,239.21106128081695,-51.180882732210655,6.888235485163342,1.1066695035873517,1.1066695035873517
SB81882_component_1823a,244.687492,-52.164044,7.74399995803833,15.612903594970703,244.6877041305632,-52.164327530676815,7.608595509978378,1.017796247399717,1.017796247399717
SB81882_component_1828a,242.385537,-48.358309,6.835999965667725,25.992393493652344,242.38561583820692,-48.35838081480583,7.0910643052205895,0.9640301753623809,0.9640301753623809
SB81882_component_1839a,237.269778,-51.352737,7.1579999923706055,28.862903594970703,237.26967254861154,-51.35225326819234,8.451511685270265,0.8469490736013464,0.8469490736013464
SB81882_component_1841a,239.294063,-49.426222,7.89300012588501,32.88750076293945,239.29392544754927,-49.426325253944846,6.895240612892228,1.144702638966252,1.144702638966252
SB81882_component_1842a,234.667619,-51.874253,7.710999965667725,16.441364288330078,234.66730137640542,-51.875230207759024,5.428608789158416,1.4204375863421064,1.4204375863421064
SB81882_component_1846a,234.961303,-50.379118,7.1579999923706055,18.936508178710938,234.96055906971642,-50.37985104445657,6.6535402989898484,1.0758182367148728,1.0758182367148728
SB81882_component_1847a,237.820723,-46.998786,7.705999851226807,20.8270263671875,237.8210460167423,-46.99887597789989,6.60960742856086,1.1658785993746483,1.1658785993746483
SB81882_component_1849a,241.454097,-48.566356,7.301000118255615,28.857709884643555,241.45446103484235,-48.566533458189014,6.606498903933222,1.1051239430175215,1.1051239430175215
SB81882_component_1853a,236.7638,-53.160386,6.867000102996826,15.125551223754883,236.76374748793873,-53.16040121777035,5.668533996750724,1.2114243483294056,1.2114243483294056
SB81882_component_1865a,237.285318,-52.918946,7.548999786376953,18.19036102294922,237.2854574378219,-52.91897593288522,6.903270419078123,1.0935396309427876,1.0935396309427876
SB81882_component_1867a,241.98504,-48.860465,7.349999904632568,28.710935592651367,241.98511990801643,-48.860470833721216,6.130183752066685,1.1989852509975159,1.1989852509975159
SB81882_component_1871a,237.320651,-53.091315,7.464000225067139,16.848758697509766,237.32064407840835,-53.09140770716963,5.256864647451723,1.4198577908383716,1.4198577908383716
SB81882_component_1872a,237.003645,-51.379645,7.164999961853027,27.664093017578125,237.00348239557627,-51.37958269549804,6.3008779673168815,1.1371431091061295,1.1371431091061295
SB81882_component_1873a,242.791027,-46.687304,7.61299991607666,16.955455780029297,242.7912951371218,-46.68747394161845,8.531102095491338,0.8923817615663172,0.8923817615663172
SB81882_component_1874a,241.105901,-50.607636,6.866000175476074,21.061349868774414,241.10558975568733,-50.60753835180721,6.641100776600011,1.0338647773074758,1.0338647773074758
SB81882_component_1879a,239.140468,-51.524506,7.290999889373779,25.493005752563477,239.140424898029,-51.524439589771355,6.450899386538755,1.1302299807354121,1.1302299807354121
SB81882_component_1887a,239.130808,-52.71134,6.71999979019165,10.090089797973633,239.13039375681493,-52.71119780608989,6.616515344305705,1.0156403243249492,1.0156403243249492
SB81882_component_1888a,235.021785,-50.267422,6.604000091552734,19.538461685180664,235.0213083288828,-50.26823942839142,7.496215662496697,0.8809778678850335,0.8809778678850335
SB81882_component_1893a,235.793532,-51.501606,6.541999816894531,23.875913619995117,235.79322135916092,-51.50202916591621,5.61295264111652,1.1655184419288467,1.1655184419288467
SB81882_component_1896a,241.280373,-53.037829,7.355000019073486,17.595693588256836,241.27992072726192,-53.03786617775884,5.866486514494172,1.2537316843568436,1.2537316843568436
SB81882_component_1903a,242.166704,-46.560478,6.665999889373779,11.798230171203613,242.16715654275473,-46.560683122667115,8.28764220945097,0.8043300761430169,0.8043300761430169
SB81882_component_1906a,236.442756,-51.046672,6.859000205993652,27.003936767578125,236.44301742561078,-51.04703690892076,6.735268649695215,1.0183706935437589,1.0183706935437589
SB81882_component_1909a,237.928607,-51.464697,7.044000148773193,26.28358268737793,237.92811743526454,-51.464926009884074,6.343903030840301,1.110357474653921,1.110357474653921
SB81882_component_1912a,234.624477,-49.722668,6.835000038146973,15.89534854888916,234.62422472472096,-49.723597561673806,6.240307773544012,1.0952985471524623,1.0952985471524623
SB81882_component_1915a,239.55381,-50.562845,6.560999870300293,24.66541290283203,239.5536074851045,-50.56275333069328,6.021282049845508,1.089635033866024,1.089635033866024
SB81882_component_1916a,241.350872,-50.401372,6.310999870300293,22.62006950378418,241.35041390836818,-50.40140976200766,5.444389427446693,1.1591749551354231,1.1591749551354231
SB81882_component_1917a,235.695966,-49.209359,7.281000137329102,29.124000549316406,235.695617289665,-49.20989333627212,6.381633111451284,1.1409305439800326,1.1409305439800326
SB81882_component_1921a,244.637121,-48.233541,6.895999908447266,20.104955673217773,244.6373088981822,-48.23357611995195,8.252390973716665,0.8356365967645719,0.8356365967645719
SB81882_component_1927a,244.454765,-52.369108,7.326000213623047,16.462921142578125,244.4552359445065,-52.36927057423922,7.994092967417797,0.9164266969976766,0.9164266969976766
SB81882_component_1928a,234.608163,-50.581912,6.715000152587891,14.22669506072998,234.60767832093634,-50.58264780109781,7.115554120196243,0.9437072698988473,0.9437072698988473
SB81882_component_1929a,238.4351,-49.867115,7.357999801635742,34.2232551574707,238.43494844980597,-49.867077761701026,6.781821944463296,1.084959154323248,1.084959154323248
SB81882_component_1938a,238.262407,-51.974313,6.692999839782715,22.45973014831543,238.26254732958697,-51.97448508139874,5.147277786667688,1.3002989380364716,1.3002989380364716
SB81882_component_1939a,243.169274,-47.837198,6.6570000648498535,24.932584762573242,243.1696231971952,-47.83734225923138,6.43932990184594,1.0338032320632484,1.0338032320632484
SB81882_component_1947a,243.629792,-52.154263,6.965000152587891,15.68693733215332,243.6300419212556,-52.15419534885199,7.177633628950201,0.9703755461264174,0.9703755461264174
SB81882_component_1949a,237.207061,-47.711852,6.883999824523926,28.564315795898438,237.2070495441789,-47.712095979091124,7.241611614608899,0.9506170989115816,0.9506170989115816
SB81882_component_1959a,234.385982,-50.615505,6.642000198364258,11.125628471374512,234.38595056936106,-50.616517400391515,4.187395127644582,1.5861890258492026,1.5861890258492026
SB81882_component_1961a,235.466788,-52.308244,6.633999824523926,19.921920776367188,235.4669774412013,-52.30849069526364,5.5743592264310085,1.1900919110251447,1.1900919110251447
SB81882_component_1965a,236.670918,-52.329846,6.303999900817871,22.275619506835938,236.67077938144183,-52.329771039760985,5.6177217370455015,1.1221630753347531,1.1221630753347531
SB81882_component_1967a,242.906331,-52.671121,5.879000186920166,13.931280136108398,242.9059018363585,-52.67101319989805,5.1797997928337365,1.1349859882719358,1.1349859882719358
SB81882_component_1973a,235.17248,-48.718213,6.716000080108643,20.664615631103516,235.17209829906568,-48.71892682277679,5.789355499082851,1.1600600587012821,1.1600600587012821
SB81882_component_1975a,240.913121,-52.02629,6.314000129699707,15.033333778381348,240.91290146983394,-52.02629914024059,5.933606572321781,1.0641083214300608,1.0641083214300608
SB81882_component_1977a,238.659627,-48.977183,7.039999961853027,31.85520362854004,238.65969835622124,-48.977356210252516,6.239525851716407,1.1282908556130784,1.1282908556130784
SB81882_component_1980a,242.158178,-49.132537,6.3460001945495605,23.67910385131836,242.15834639186303,-49.13262002993975,5.257385758214923,1.2070638310368655,1.2070638310368655
SB81882_component_1981a,242.858532,-49.402552,6.578999996185303,21.85714340209961,242.85902819515286,-49.40261280397972,5.215607143213038,1.2614063551060244,1.2614063551060244
SB81882_component_1987a,239.722271,-47.862075,6.65500020980835,26.098039627075195,239.72184254592946,-47.862284502259556,6.652907092691748,1.000314616916701,1.000314616916701
SB81882_component_1992a,241.463988,-48.719975,6.53000020980835,24.73484992980957,241.4641250218302,-48.71987369170394,5.046680678872565,1.2939198307405415,1.2939198307405415
SB81882_component_1993a,241.516015,-48.93158,6.531000137329102,25.81422996520996,241.5161182119063,-48.93161743794276,5.575363248499392,1.1714035204947264,1.1714035204947264
SB81882_component_1996a,240.680102,-47.197787,6.508999824523926,17.450401306152344,240.68036914743968,-47.19750195857493,5.576282052088479,1.1672651712597852,1.1672651712597852
SB81882_component_1998a,236.727611,-49.916918,6.718999862670898,28.836910247802734,236.72754793849336,-49.91696069200688,6.204532943708554,1.0829179123763082,1.0829179123763082
SB81882_component_2000a,244.415657,-49.964926,6.857999801635742,13.44705867767334,244.41608332395035,-49.965034467761235,6.365826233033506,1.0773149549776042,1.0773149549776042
SB81882_component_2002a,244.798424,-47.64259,6.425000190734863,13.583510398864746,244.79938107350176,-47.643224009079866,6.427621783771778,0.9995921363880598,0.9995921363880598
SB81882_component_2008a,241.79582,-53.182212,6.51200008392334,14.095237731933594,241.79559553386972,-53.18241717361166,5.079789863934987,1.2819428083347746,1.2819428083347746
SB81882_component_2010a,239.789322,-48.824837,6.295000076293945,26.901710510253906,239.7891216253015,-48.82472004701261,5.456508218625759,1.1536682112575216,1.1536682112575216
SB81882_component_2013a,236.068758,-51.314105,6.769999980926514,24.798534393310547,236.06902464382608,-51.31431439739462,7.013073836398125,0.9653398978618978,0.9653398978618978
SB81882_component_2017a,238.586392,-47.387282,6.130000114440918,22.958803176879883,238.586387265581,-47.38737154619607,4.6112712267915255,1.3293514549362364,1.3293514549362364
SB81882_component_2027a,242.964,-49.928261,6.359000205993652,19.21148109436035,242.96406822576753,-49.92812704836365,5.281468653544536,1.20402119621139,1.20402119621139
SB81882_component_2028a,236.693461,-49.810588,6.355000019073486,27.75109100341797,236.6936858344144,-49.81072312818518,6.156180553549098,1.032295912018007,1.032295912018007
SB81882_component_2036a,239.255539,-48.584159,5.623000144958496,23.045082092285156,239.25533290738858,-48.58381755861699,5.080606705956125,1.1067576119140474,1.1067576119140474
SB81882_component_2039a,239.115017,-51.548846,6.426000118255615,21.20792007446289,239.1151130837157,-51.5486262426109,6.458382961752382,0.9949859208274666,0.9949859208274666
SB81882_component_2045a,237.734424,-50.613376,6.406000137329102,28.85585594177246,237.73422993284765,-50.613463830234174,5.941392764629077,1.078198394064431,1.078198394064431
SB81882_component_2053a,239.364963,-50.688754,5.979000091552734,22.908044815063477,239.3647485619937,-50.688805263333485,6.062566542677134,0.9862159944082861,0.9862159944082861
SB81882_component_2062a,236.064048,-50.805206,6.35699987411499,24.929410934448242,236.06415993178226,-50.80565321074407,5.179372218441625,1.2273688018560078,1.2273688018560078
SB81882_component_2064a,238.383386,-47.180649,6.5320000648498535,19.615615844726562,238.38342275836402,-47.18094770393631,6.104384386057442,1.0700505819668067,1.0700505819668067
SB81882_component_2066a,239.869124,-50.37541,6.03000020980835,24.917356491088867,239.8688877916753,-50.375222396351425,6.075474157006911,0.9925151607885425,0.9925151607885425
SB81882_component_2072a,242.19883,-49.271765,6.255000114440918,21.643598556518555,242.19925923753632,-49.27186293606371,5.789865051744151,1.0803360801227395,1.0803360801227395
SB81882_component_2073a,242.321376,-53.014294,5.461999893188477,11.4747896194458,242.32111199462253,-53.01442357003021,4.963285935605129,1.1004806017734587,1.1004806017734587
SB81882_component_2078a,239.039236,-47.373011,6.047999858856201,18.84111976623535,239.03912992086205,-47.373288029340124,5.248651589925953,1.1522959288180767,1.1522959288180767
SB81882_component_2088a,236.157293,-47.138117,6.425000190734863,17.225202560424805,236.15729398127388,-47.13810406525775,6.14168316531637,1.0461301922929622,1.0461301922929622
SB81882_component_2091a,235.211828,-47.53862,6.14300012588501,14.219907760620117,235.21167127368585,-47.539005008019664,5.33321304336836,1.1518385025934015,1.1518385025934015
SB81882_component_2095a,235.20648,-50.196797,5.789999961853027,19.429529190063477,235.2063213349936,-50.19739123330917,5.504086121890727,1.051945742423101,1.051945742423101
SB81882_component_2096a,237.610917,-49.075781,5.909999847412109,25.256410598754883,237.6107293036651,-49.07580986255951,5.2995228293045,1.1151947142734975,1.1151947142734975
SB81882_component_2097a,241.307555,-52.897973,4.923999786376953,11.04035758972168,241.30707688226056,-52.89790136256168,4.493504662156975,1.0958038672676778,1.0958038672676778
SB81882_component_2102a,239.635744,-50.004948,5.910999774932861,21.33934783935547,239.63554431810675,-50.00473254250277,4.346241273543834,1.3600256872332255,1.3600256872332255
SB81882_component_2103a,239.693123,-49.190475,6.164000034332275,27.39555549621582,239.69292311580213,-49.190301352774334,5.733026630711613,1.0751738010969552,1.0751738010969552
SB81882_component_2104a,238.478322,-48.9689,5.914999961853027,26.17256736755371,238.47812009742194,-48.96898233128574,4.972098016310847,1.189638648001108,1.189638648001108
SB81882_component_2109a,241.13571,-52.827215,5.366000175476074,14.047121047973633,241.13506721002426,-52.82691904992288,4.80930596802532,1.115753543474243,1.115753543474243
SB81882_component_2111a,238.721845,-50.11548,5.735000133514404,23.698347091674805,238.72133894927046,-50.115496919750505,6.241114924516969,0.9189063497269704,0.9189063497269704
SB81882_component_2115a,243.020577,-47.158328,6.198999881744385,19.015336990356445,243.02070893665683,-47.15836207304043,7.760902832353552,0.798747261195189,0.798747261195189
SB81882_component_2116a,238.444087,-48.7487,6.181000232696533,26.302127838134766,238.44415079851404,-48.74852960302001,3.9597872170504873,1.5609425188509378,1.5609425188509378
SB81882_component_2121a,236.467463,-47.09945,6.151000022888184,18.091176986694336,236.4674815482134,-47.09938044385884,4.909647232829177,1.2528395078486483,1.2528395078486483
SB81882_component_2123a,236.638232,-47.471577,5.890999794006348,22.146615982055664,236.6379512600704,-47.47171968041713,5.446032995198306,1.0817047563245326,1.0817047563245326
SB81882_component_2124a,239.519101,-48.901455,5.864999771118164,26.780820846557617,239.5190129103447,-48.9014617654286,5.419127210466475,1.082277559343972,1.082277559343972
SB81882_component_2130a,241.501138,-49.657476,5.2729997634887695,19.675371170043945,241.50095445595343,-49.65745788344258,5.512863995868255,0.9564900870837268,0.9564900870837268
SB81882_component_2132a,235.862517,-50.382414,6.046999931335449,23.257692337036133,235.86216885220225,-50.382643471094894,4.944679611259288,1.222930585343916,1.222930585343916
SB81882_component_2135a,243.309797,-48.936522,5.561999797821045,19.723403930664062,243.31041382670736,-48.93647834035372,4.622030878503689,1.203367079109964,1.203367079109964
SB81882_component_2137a,237.859211,-50.261257,6.184999942779541,29.452381134033203,237.85896050124293,-50.26130597920954,6.189936262184708,0.9992025250025071,0.9992025250025071
SB81882_component_2139a,238.396476,-49.420677,5.574999809265137,24.888391494750977,238.39598905755756,-49.42070348724456,6.004489274389317,0.928471940660122,0.928471940660122
SB81882_component_2143a,236.956783,-50.601724,5.36299991607666,23.94196319580078,236.95687885366237,-50.60196697909097,4.762014456415941,1.1262040393117667,1.1262040393117667
SB81882_component_2144a,241.330326,-47.289671,5.478000164031982,19.564285278320312,241.33070707325444,-47.28960482382204,5.245444593766446,1.044334768218103,1.044334768218103
SB81882_component_2146a,239.615383,-48.485645,5.714000225067139,24.109704971313477,239.61551517406804,-48.48560126258789,5.680066788441788,1.0059741263420354,1.0059741263420354
SB81882_component_2149a,238.703532,-47.980257,6.260000228881836,23.80228042602539,238.7034924639178,-47.98037200682032,6.004639136087302,1.0425273004766995,1.0425273004766995
SB81882_component_2153a,241.856396,-46.919381,5.7820000648498535,15.584906578063965,241.85619804496972,-46.91954147578728,5.36753918002897,1.0772161824850706,1.0772161824850706
SB81882_component_2157a,242.433528,-48.204768,5.418000221252441,21.247060775756836,242.43371334932283,-48.204758074344156,4.718758186791185,1.148183485311577,1.148183485311577
SB81882_component_2164a,242.383112,-47.471655,5.7230000495910645,21.596227645874023,242.3832992099476,-47.47204134105184,5.231404568913964,1.0939700751875046,1.0939700751875046
SB81882_component_2171a,235.195361,-51.406706,5.484000205993652,16.87384796142578,235.19528013174485,-51.4073239502739,4.086092037595119,1.342113725177193,1.342113725177193
SB81882_component_2175a,237.075618,-51.454652,6.116000175476074,21.687944412231445,237.07564113440534,-51.454864541579866,5.660568945617288,1.0804567940491927,1.0804567940491927
SB81882_component_2176a,243.547841,-49.556833,6.0279998779296875,18.21147918701172,243.54810076694892,-49.55663121078495,4.485974158942415,1.3437437810276665,1.3437437810276665
SB81882_component_2181a,238.939887,-50.761692,5.613999843597412,23.889360427856445,238.93971121334334,-50.76161642796323,4.994648368951902,1.1240030186099923,1.1240030186099923
SB81882_component_2185a,235.998171,-50.473221,5.836999893188477,23.536291122436523,235.997899464722,-50.473546408382006,6.592698167184547,0.8853734457679873,0.8853734457679873
SB81882_component_2188a,236.501299,-47.879199,5.666999816894531,21.629770278930664,236.50101269523324,-47.87922656002379,5.936379468659567,0.9546222317513234,0.9546222317513234
SB81882_component_2193a,234.620026,-48.498894,5.426000118255615,10.55642032623291,234.61938527587913,-48.49988245622054,5.85919705976817,0.9260654767037833,0.9260654767037833
SB81882_component_2194a,236.556701,-51.98032,5.919000148773193,21.602191925048828,236.55718799652578,-51.980437150689035,5.788279651878585,1.0225836526146734,1.0225836526146734
SB81882_component_2220a,241.541132,-52.896385,5.949999809265137,14.619163513183594,241.5410472153701,-52.89646242518177,5.369513366104257,1.1081078309303176,1.1081078309303176
SB81882_component_2222a,240.726645,-50.53032,5.209000110626221,19.010950088500977,240.72620679025053,-50.53049574892244,5.213071677789148,0.9992189696565512,0.9992189696565512
SB81882_component_2224a,238.095462,-53.039971,5.702000141143799,12.587196350097656,238.09608367956935,-53.039776343846555,5.679280455058203,1.0040004515123673,1.0040004515123673
SB81882_component_2228a,241.480805,-51.446515,6.010000228881836,17.220630645751953,241.480323993188,-51.446514383616545,5.418230261620432,1.109218312749304,1.109218312749304
SB81882_component_2235a,238.748406,-48.079458,5.565999984741211,21.6575870513916,238.74785817304902,-48.07939652061902,5.002708583604006,1.112597284395767,1.112597284395767
SB81882_component_2236a,241.90698,-48.053228,5.4070000648498535,21.28740119934082,241.90720171783255,-48.05321724556546,5.854137698454936,0.9236202397967006,0.9236202397967006
SB81882_component_2249a,240.814524,-52.086782,5.704999923706055,14.37027645111084,240.81444858458556,-52.086864379917486,4.935671458265329,1.1558710850075729,1.1558710850075729
SB81882_component_2250a,236.051812,-50.233017,5.486000061035156,21.85657501220703,236.05208584112643,-50.23338309170409,3.859737348983269,1.4213402532377695,1.4213402532377695
SB81882_component_2252a,236.044683,-47.551897,5.23199987411499,15.29824447631836,236.0446310170307,-47.552049282126504,4.743826723229255,1.102907036737932,1.102907036737932
SB81882_component_2254a,245.067362,-48.256161,5.236999988555908,11.509889602661133,245.06788240545944,-48.256470510324114,5.6461197107431635,0.9275396656204787,0.9275396656204787
SB81882_component_2259a,241.068746,-51.937562,4.76200008392334,12.336787223815918,241.068182328472,-51.937380776866526,4.112807051696823,1.1578467027668315,1.1578467027668315
SB81882_component_2263a,239.716456,-49.045866,4.809000015258789,20.908695220947266,239.71647686578495,-49.045792038648145,5.103983843247568,0.9422051799049022,0.9422051799049022
SB81882_component_2269a,237.180044,-48.979791,4.909999847412109,19.4841251373291,237.17994689611075,-48.97970298549574,4.77388224040754,1.0285129796148782,1.0285129796148782
SB81882_component_2275a,234.863083,-47.698339,5.413000106811523,10.174812316894531,234.86315677110892,-47.698191187527414,5.255249435955658,1.0300177323223818,1.0300177323223818
SB81882_component_2281a,235.200645,-50.121234,5.505000114440918,17.700965881347656,235.20028055074798,-50.12210515114856,4.780900954684284,1.15145663267656,1.15145663267656
SB81882_component_2283a,235.986762,-49.215891,5.679999828338623,23.471073150634766,235.98648379627733,-49.21626389910318,5.259832746217177,1.079882213445594,1.079882213445594
SB81882_component_2284a,242.997815,-46.817606,5.297999858856201,14.241934776306152,242.99744325850784,-46.8178186738155,5.422832619754223,0.9769801560086361,0.9769801560086361
SB81882_component_2291a,235.149458,-48.160963,5.546999931335449,16.172012329101562,235.1490611166962,-48.16174793677269,5.308335489035125,1.0449603162409966,1.0449603162409966
SB81882_component_2294a,236.356113,-52.396998,5.171000003814697,17.469594955444336,236.35645549076278,-52.39716649545927,3.292572999630723,1.5705042847629038,1.5705042847629038
SB81882_component_2303a,234.532711,-49.603411,5.589000225067139,11.84110164642334,234.53203882327182,-49.6044962622995,4.88148061698661,1.1449395508441633,1.1449395508441633
SB81882_component_2309a,236.653982,-49.189932,5.052000045776367,17.360824584960938,236.6537412457389,-49.189931301486,4.403410597891485,1.1472925209825882,1.1472925209825882
SB81882_component_2322a,234.664772,-52.107488,5.440999984741211,12.282167434692383,234.66458913113186,-52.108159788600524,4.222117994661546,1.288689703040233,1.288689703040233
SB81882_component_2325a,238.467641,-51.391632,4.6620001792907715,19.670886993408203,238.46752660811043,-51.39161632485184,4.021952233124944,1.1591386244954303,1.1591386244954303
SB81882_component_2327a,234.841414,-50.211284,5.61899995803833,15.024063110351562,234.84105618741648,-50.212296031667904,4.992614846395507,1.1254623340502725,1.1254623340502725
SB81882_component_2329a,239.203117,-51.293038,5.553999900817871,20.723878860473633,239.20313909323835,-51.29275776350665,5.496163963079388,1.0105229644033542,1.0105229644033542
SB81882_component_2333a,238.763632,-47.810047,5.059000015258789,19.684825897216797,238.76372661980596,-47.81020538958871,4.411293138966473,1.146829252985003,1.146829252985003
SB81882_component_2334a,236.189159,-50.280036,5.084000110626221,20.66666603088379,236.1892640611487,-50.280042843397005,4.81560263798301,1.0557349708479327,1.0557349708479327
SB81882_component_2335a,242.51956,-52.635007,5.210000038146973,13.324808120727539,242.51935840220204,-52.635092077036624,4.788216117448999,1.0880879037938425,1.0880879037938425
SB81882_component_2341a,238.643484,-52.204769,5.046000003814697,16.70861053466797,238.64354823816413,-52.20473941137536,4.683526726767235,1.0773932333888177,1.0773932333888177
SB81882_component_2351a,240.713578,-47.666733,4.646999835968018,16.836956024169922,240.71385670733915,-47.666889922020204,4.767996575182053,0.974623148883152,0.974623148883152
SB81882_component_2352a,237.757622,-48.882579,4.611999988555908,20.228069305419922,237.75756209715266,-48.88276437846367,4.897680493883489,0.9416702445812144,0.9416702445812144
SB81882_component_2353a,241.591939,-50.531454,4.860000133514404,13.613446235656738,241.59211485389415,-50.53152344837804,4.168612079013987,1.1658556952279315,1.1658556952279315
SB81882_component_2356a,242.33074,-48.780634,4.584000110626221,16.140844345092773,242.33088676639613,-48.78079273273761,2.7709284614706933,1.6543191837559115,1.6543191837559115
SB81882_component_2358a,244.148045,-49.994424,5.453000068664551,10.906000137329102,244.1484376447537,-49.994865772569725,6.085822419468233,0.8960169542937507,0.8960169542937507
SB81882_component_2359a,238.091609,-46.834996,4.866000175476074,12.35025405883789,238.09146938918315,-46.835120679376395,5.378919603973674,0.9046426668807838,0.9046426668807838
SB81882_component_2360a,242.885821,-48.550881,4.611999988555908,13.89156723022461,242.88578322256396,-48.55084672711736,4.479440752759623,1.029592809261875,1.029592809261875
SB81882_component_2364a,235.464714,-50.971584,5.109000205993652,16.21904754638672,235.46465797632294,-50.97217585295244,4.436644907808075,1.1515458893278332,1.1515458893278332
SB81882_component_2380a,236.06976,-51.405702,5.216000080108643,18.562278747558594,236.06961507306977,-51.40598881049997,4.517196197655935,1.1546985899827267,1.1546985899827267
SB81882_component_2381a,236.322701,-49.917432,4.741000175476074,20.00421905517578,236.32282799735856,-49.91772232031576,4.940456391011344,0.9596279777110956,0.9596279777110956
SB81882_component_2382a,236.603186,-50.684621,5.364999771118164,21.72064781188965,236.60323155499535,-50.68491497240895,4.851648130875242,1.1058097426678617,1.1058097426678617
SB81882_component_2397a,240.121755,-48.885256,4.763000011444092,21.35874366760254,240.1218458637797,-48.88504668286927,4.652816907626838,1.023680945544331,1.023680945544331
SB81882_component_2400a,238.548473,-51.827352,4.616000175476074,15.234323501586914,238.5480956233554,-51.827372017933406,3.698974810899865,1.2479133845069685,1.2479133845069685
SB81882_component_2401a,236.024828,-52.193908,4.311999797821045,14.567566871643066,236.0252077983609,-52.1938934240351,4.412242726022993,0.9772807312683129,0.9772807312683129
SB81882_component_2409a,242.20971,-47.292918,4.427000045776367,14.7076416015625,242.20981943652845,-47.29314327000697,4.509066041170956,0.9817997796782596,0.9817997796782596
SB81882_component_2413a,240.723584,-48.764226,4.604000091552734,16.5611515045166,240.7231991824266,-48.764485512978396,3.6984938043590545,1.2448310947895729,1.2448310947895729
SB81882_component_2414a,241.504253,-48.315352,4.988999843597412,18.755638122558594,241.50399237326957,-48.31544827612669,4.352891792677671,1.1461345885027023,1.1461345885027023
SB81882_component_2416a,242.785697,-48.720772,5.078999996185303,15.724457740783691,242.78596023836624,-48.72079421779404,4.443510434151858,1.1430152064343564,1.1430152064343564
SB81882_component_2418a,236.923271,-52.063038,4.377999782562256,16.03662872314453,236.9228813730734,-52.06304831089877,4.968828462699765,0.8810929609317831,0.8810929609317831
SB81882_component_2421a,236.519033,-47.532021,4.553999900817871,14.980263710021973,236.518283900805,-47.53194358867924,5.345838595831862,0.8518775528255969,0.8518775528255969
SB81882_component_2424a,240.35389,-47.665993,4.835000038146973,19.186508178710938,240.3539448356257,-47.666142670167176,4.3886386756481075,1.1017083873811842,1.1017083873811842
SB81882_component_2425a,244.436527,-47.789662,4.6570000648498535,13.860119819641113,244.43661686413887,-47.78990923434238,5.153077694057391,0.903731777655978,0.903731777655978
SB81882_component_2428a,239.087417,-50.923446,4.307000160217285,19.84792709350586,239.08731506880554,-50.92350296632744,4.500159809739168,0.9570771577702973,0.9570771577702973
SB81882_component_2435a,238.118726,-52.696034,4.991000175476074,13.203704833984375,238.11877387802105,-52.69578900891193,3.7084152609191765,1.3458579539549713,1.3458579539549713
SB81882_component_2436a,238.28229,-48.662855,4.63100004196167,19.136363983154297,238.28207282316637,-48.66318585701744,4.576348849969843,1.0119420948409967,1.0119420948409967
SB81882_component_2439a,235.858185,-49.185627,4.515999794006348,18.816665649414062,235.85795864116312,-49.18596573478465,4.40975608628834,1.0240928762587032,1.0240928762587032
SB81882_component_2442a,236.721035,-47.547655,4.872000217437744,17.781023025512695,236.72074118855687,-47.54747423967506,4.618043392535794,1.0549922994037744,1.0549922994037744
SB81882_component_2450a,237.217114,-49.6134,4.673999786376953,21.149320602416992,237.21734367238798,-49.61323595658327,4.790832871528564,0.975613199565792,0.975613199565792
SB81882_component_2458a,243.138158,-47.008231,3.953000068664551,10.683783531188965,243.13788329549558,-47.00831367741605,4.64220172806805,0.8515356075035703,0.8515356075035703
SB81882_component_2461a,238.070284,-47.87558,5.164999961853027,21.342975616455078,238.07030782311384,-47.87579875614522,3.9910580765751114,1.2941430224150792,1.2941430224150792
SB81882_component_2464a,244.373218,-47.585369,4.678999900817871,14.441357612609863,244.37384466297016,-47.58553240291062,3.8139843936741062,1.226801008566916,1.226801008566916
SB81882_component_2476a,241.209851,-51.160587,4.954999923706055,15.830671310424805,241.2098737516003,-51.16051906519155,3.5824648976886557,1.3831258826577575,1.3831258826577575
SB81882_component_2484a,241.233184,-51.899433,4.370999813079834,11.294573783874512,241.23280264029273,-51.89944482882435,3.7220732324307293,1.1743454628981917,1.1743454628981917
SB81882_component_2487a,240.597785,-47.596683,4.9710001945495605,20.37295150756836,240.59753956511113,-47.59661920509275,4.182387969521746,1.188555492884605,1.188555492884605
SB81882_component_2488a,237.794324,-50.373111,4.947999954223633,23.561904907226562,237.79446244090843,-50.37335807931425,4.7942066654275814,1.0320789860614685,1.0320789860614685
SB81882_component_2491a,239.3334,-51.46667,4.434999942779541,14.783332824707031,239.33310080058357,-51.46663105950478,4.050730274830504,1.0948642940599436,1.0948642940599436
SB81882_component_2493a,244.47507,-47.670488,4.703000068664551,13.67151165008545,244.4756376748912,-47.670886469602095,4.184728018261995,1.123848443229963,1.123848443229963
SB81882_component_2500a,241.667831,-48.085799,4.5269999504089355,17.018796920776367,241.66804627279643,-48.08599569384541,4.070926294294234,1.112031911939533,1.112031911939533
SB81882_component_2501a,238.257452,-47.351906,4.806000232696533,16.804195404052734,238.25732628090316,-47.351912895571495,2.4525161873074506,1.9596201882658755,1.9596201882658755
SB81882_component_2505a,236.398479,-49.860868,4.275000095367432,19.79166603088379,236.39821311375738,-49.86111074433183,4.348492902596946,0.9830992463651892,0.9830992463651892
SB81882_component_2506a,242.352626,-50.311236,3.759999990463257,10.53221321105957,242.35220109940778,-50.311241604610615,3.735781714105379,1.0064827867930386,1.0064827867930386
SB81882_component_2507a,239.422341,-49.689391,4.382999897003174,18.493669509887695,239.42185424332396,-49.6894581315924,3.939169716012809,1.1126709974404467,1.1126709974404467
SB81882_component_2515a,242.88916,-48.146881,4.815000057220459,16.103679656982422,242.88908323767757,-48.147095082441794,4.150331659716094,1.1601482609102696,1.1601482609102696
SB81882_component_2522a,244.462383,-52.494277,4.677999973297119,10.081896781921387,244.46216389544972,-52.4947277659065,3.8210411490593765,1.2242736444878903,1.2242736444878903
SB81882_component_2523a,235.705076,-48.324394,4.7820000648498535,17.6457576751709,235.7049499440655,-48.32475925206376,4.087119253365126,1.170017258711646,1.170017258711646
SB81882_component_2537a,239.727165,-47.600149,4.131999969482422,13.459282875061035,239.72736500210016,-47.60032196858738,4.8593722226555185,0.850315592252448,0.850315592252448
SB81882_component_2546a,238.665427,-50.85989,4.565999984741211,20.94495391845703,238.66503257218145,-50.859790854173184,4.407258723140957,1.0360181399759356,1.0360181399759356
SB81882_component_2555a,238.872742,-49.381532,4.383999824523926,21.490196228027344,238.87215119328164,-49.38160171074952,4.043738491534322,1.0841452368153752,1.0841452368153752
SB81882_component_2557a,236.444738,-49.452815,4.263999938964844,17.19354820251465,236.44421054953952,-49.4526547157874,4.238067692621515,1.0061188844124593,1.0061188844124593
SB81882_component_2558a,239.082855,-48.001694,4.172999858856201,16.174419403076172,239.08290296992746,-48.00179337332568,3.7649354595777873,1.108385496553552,1.108385496553552
SB81882_component_2561a,236.024736,-52.121743,4.077000141143799,14.255244255065918,236.02484843111694,-52.122036167756384,2.3426401249037703,1.7403441944849602,1.7403441944849602
SB81882_component_2562a,241.003845,-47.477071,4.13100004196167,16.930328369140625,241.00390967544087,-47.47731340610384,3.4310119609111593,1.2040179658437034,1.2040179658437034
SB81882_component_2566a,237.334467,-51.564014,4.710999965667725,17.578357696533203,237.3349188256675,-51.564120548250045,3.4435081079678973,1.3680815662280543,1.3680815662280543
SB81882_component_2567a,234.81375,-50.14304,4.563000202178955,11.945026397705078,234.81341180591244,-50.14392942656696,4.186790620761957,1.089856316088845,1.089856316088845
SB81882_component_2571a,240.366004,-48.896833,3.7149999141693115,13.759258270263672,240.36551704640303,-48.89695230777185,4.061617720141302,0.9146601600999683,0.9146601600999683
SB81882_component_2576a,235.106849,-51.922285,4.327000141143799,11.327225685119629,235.10829889887535,-51.9230163423591,2.71971270799746,1.5909769176795858,1.5909769176795858
SB81882_component_2581a,238.634309,-51.927969,4.461999893188477,14.774834632873535,238.6341589121584,-51.92798193072843,2.8561435502791808,1.5622463698480167,1.5622463698480167
SB81882_component_2586a,235.534143,-49.286481,4.116000175476074,15.709924697875977,235.53390382946813,-49.28642572508189,4.014504647871785,1.0252822045325305,1.0252822045325305
SB81882_component_2591a,243.551723,-47.001718,3.98799991607666,11.660818099975586,243.55178584705476,-47.00193136749372,3.441909099957697,1.1586592789814452,1.1586592789814452
SB81882_component_2596a,235.628335,-47.39769,4.2870001792907715,11.52419376373291,235.62776806074362,-47.39873502211274,5.067702305958556,0.845945543062022,0.845945543062022
SB81882_component_2600a,239.7746,-47.438541,3.559999942779541,11.373802185058594,239.77447850169415,-47.43832530789094,5.004546100878279,0.7113532118636643,0.7113532118636643
SB81882_component_2604a,241.781465,-47.052731,4.552999973297119,13.391176223754883,241.78114737332453,-47.05308609581344,4.221932035114362,1.0784162168953033,1.0784162168953033
SB81882_component_2608a,243.860993,-47.898369,3.683000087738037,13.845865249633789,243.8612619193862,-47.898192088513326,3.4915516238855173,1.0548319155709545,1.0548319155709545
SB81882_component_2619a,236.106205,-48.243662,4.066999912261963,16.203187942504883,236.10569486043892,-48.24367466237164,4.235440000967536,0.9602307933373876,0.9602307933373876
SB81882_component_2622a,236.777648,-48.476356,4.5269999504089355,18.254032135009766,236.77726710146334,-48.47618698854423,4.54627436017343,0.9957603945038286,0.9957603945038286
SB81882_component_2625a,238.054336,-49.133187,4.323999881744385,20.20560646057129,238.05360260495746,-49.1331710132105,3.504074365210981,1.2339920421420725,1.2339920421420725
SB81882_component_2637a,244.413716,-47.428796,3.9660000801086426,10.836066246032715,244.4136521968251,-47.42904372957876,4.2826490305494795,0.9260623627614403,0.9260623627614403
SB81882_component_2640a,239.722858,-49.965507,4.250999927520752,15.802973747253418,239.72295521849057,-49.96550359579391,3.598806629247148,1.181224879651297,1.181224879651297
SB81882_component_2643a,243.370563,-47.240577,4.427000045776367,14.806020736694336,243.37082631840306,-47.240719989061844,3.2106933469682044,1.3788299184525665,1.3788299184525665
SB81882_component_2660a,236.217781,-52.190016,4.446000099182129,15.654929161071777,236.2185286410587,-52.18999711260015,3.406471898228539,1.3051627114535054,1.3051627114535054
SB81882_component_2663a,239.245525,-51.655823,4.330999851226807,14.19999885559082,239.24507089045505,-51.655669515522696,3.2761453105805436,1.321980388732922,1.321980388732922
SB81882_component_2666a,237.993897,-49.127948,4.2789998054504395,19.188339233398438,237.99336364135723,-49.128092823226545,3.99054036954274,1.0722858082352271,1.0722858082352271
SB81882_component_2677a,236.203298,-52.221041,3.9130001068115234,13.586806297302246,236.2036484083224,-52.22069308743507,3.614737378380436,1.0825129732010357,1.0825129732010357
SB81882_component_2678a,241.381647,-47.499711,4.041999816894531,15.546154022216797,241.38165691613852,-47.49960495782996,3.8511367395840006,1.0495601922800455,1.0495601922800455
SB81882_component_2700a,244.416161,-48.550453,3.990000009536743,13.168316841125488,244.41695564425336,-48.55089251561502,4.570002024988903,0.873084954387177,0.873084954387177
SB81882_component_2703a,238.539708,-49.269061,3.7100000381469727,16.343612670898438,238.53924033561424,-49.26895253045169,3.15063417136636,1.1775407223930503,1.1775407223930503
SB81882_component_2712a,238.288008,-51.356926,4.301000118255615,15.697081565856934,238.28754483981578,-51.35709902495172,3.719963300694105,1.1561942338122246,1.1561942338122246
SB81882_component_2724a,238.757348,-50.780788,4.079999923706055,17.288135528564453,238.75699936066167,-50.781154918855464,3.375068658781846,1.2088642739429891,1.2088642739429891
SB81882_component_2733a,237.587573,-50.7485,3.7730000019073486,17.548837661743164,237.58735856645401,-50.74833658082238,3.763969849386033,1.00239910330918,1.00239910330918
SB81882_component_2735a,236.677564,-51.058389,3.9230000972747803,14.11151123046875,236.67810748374217,-51.05870692743581,2.6118743321398874,1.5019865423849463,1.5019865423849463
SB81882_component_2739a,237.187052,-51.545465,4.11899995803833,15.255555152893066,237.18708587825398,-51.545255777878275,4.06915012515958,1.0122506743043291,1.0122506743043291
SB81882_component_2750a,242.462216,-47.764996,3.5850000381469727,13.683206558227539,242.46260850798942,-47.76480621755122,3.961098476657228,0.9050519847646794,0.9050519847646794
SB81882_component_2753a,236.303036,-51.280758,4.164000034332275,16.32941246032715,236.30281731798237,-51.280971962991806,3.233100759984083,1.287927702677839,1.287927702677839
SB81882_component_2754a,240.283164,-48.614338,3.884999990463257,15.29527473449707,240.28275070409921,-48.6145403601726,2.881563126298322,1.3482265770987838,1.3482265770987838
SB81882_component_2761a,240.853646,-51.238232,3.568000078201294,11.012346267700195,240.85300632768374,-51.237988153201435,3.195682088562331,1.1165065796036242,1.1165065796036242
SB81882_component_2767a,238.682114,-51.753821,3.9230000972747803,13.434931755065918,238.68159268614644,-51.75372761509962,3.482532030949957,1.1264792577384202,1.1264792577384202
SB81882_component_2770a,238.434209,-48.797289,3.7239999771118164,16.7747745513916,238.43369672591328,-48.797235218996605,3.887661039399764,0.9579024352613786,0.9579024352613786
SB81882_component_2771a,239.480811,-48.139558,3.7860000133514404,15.08366584777832,239.48059084656438,-48.139500245444836,3.7998803506175975,0.9963471646511446,0.9963471646511446
SB81882_component_2772a,238.078107,-48.970831,3.4170000553131104,14.856521606445312,238.07768690341217,-48.97058751896969,3.4740509135683237,0.9835780016831663,0.9835780016831663
SB81882_component_2775a,240.482817,-47.884081,3.8440001010894775,16.497854232788086,240.4830443762481,-47.88418423405509,3.3794925981486683,1.1374488889827048,1.1374488889827048
SB81882_component_2777a,242.693666,-48.825934,3.609999895095825,11.607717514038086,242.6937520630393,-48.826060983138255,2.3814920870176617,1.5158563468571595,1.5158563468571595
SB81882_component_2798a,237.137738,-51.916818,4.005000114440918,15.000000953674316,237.13768139481385,-51.916859192218794,4.590083801117298,0.8725331144207081,0.8725331144207081
SB81882_component_2800a,240.93478,-48.860377,3.755000114440918,12.351974487304688,240.9339867907064,-48.860585453692345,2.723465748605813,1.378757972764359,1.378757972764359
SB81882_component_2801a,238.371043,-50.32891,3.546999931335449,16.6525821685791,238.37036811729268,-50.32862614685044,4.51071039961534,0.786350622650908,0.786350622650908
SB81882_component_2804a,240.152548,-49.705632,3.322000026702881,13.449393272399902,240.15270302136673,-49.705496699559006,3.123090554738883,1.0636899470180838,1.0636899470180838
SB81882_component_2811a,241.102819,-47.197936,3.197999954223633,11.065743446350098,241.1029472660466,-47.198158854761914,2.7800652604506997,1.1503326917243584,1.1503326917243584
SB81882_component_2815a,237.14953,-49.058228,3.8949999809265137,15.897958755493164,237.14972306718045,-49.058388516630316,3.0811586752999025,1.2641348243927737,1.2641348243927737
SB81882_component_2826a,236.680881,-47.892107,3.7990000247955322,14.78210163116455,236.68077672482468,-47.89270134148104,3.550485646239064,1.069994474930412,1.069994474930412
SB81882_component_2828a,244.01838,-48.109666,3.7149999141693115,14.455252647399902,244.01890600353107,-48.10981942951312,4.319025473150606,0.8601477201891391,0.8601477201891391
SB81882_component_2844a,238.621627,-48.942828,3.3010001182556152,15.570755004882812,238.62166775234806,-48.942736318386395,2.764517439620348,1.1940601534815938,1.1940601534815938
SB81882_component_2850a,244.293868,-48.419489,3.312999963760376,11.583915710449219,244.29437711985622,-48.419880545183375,3.227980108303477,1.0263384074883852,1.0263384074883852
SB81882_component_2858a,238.822519,-50.59379,3.822000026702881,18.375,238.82244192794948,-50.593804377383684,3.494427042765323,1.0937415432998516,1.0937415432998516
SB81882_component_2859a,236.708431,-50.348067,3.6419999599456787,16.258928298950195,236.7086163798269,-50.348064141179606,3.250367003862042,1.1204888419117913,1.1204888419117913
SB81882_component_2873a,235.515397,-49.60499,3.700000047683716,13.214285850524902,235.5157889027852,-49.605847038527806,3.7380451448383223,0.9898221943073264,0.9898221943073264
SB81882_component_2878a,240.178016,-48.744,3.5339999198913574,15.568282127380371,240.17775618711494,-48.74397369729669,2.778706941957325,1.271814550332538,1.271814550332538
SB81882_component_2886a,239.096085,-49.710915,3.246999979019165,12.252830505371094,239.0953214002146,-49.711083460299186,3.156852949733709,1.0285559798700983,1.0285559798700983
SB81882_component_2899a,235.442262,-48.171235,3.371000051498413,10.308869361877441,235.44228513248876,-48.17221191617357,3.5622142500930143,0.946321533414334,0.946321533414334
SB81882_component_2901a,237.945714,-47.944676,3.2939999103546143,12.524713516235352,237.9460539690668,-47.94493107542352,2.392894938597269,1.3765752341327526,1.3765752341327526
SB81882_component_2919a,236.1014,-51.78637,3.5339999198913574,13.285714149475098,236.10180472923093,-51.78669939937585,2.784826563512245,1.269019753759548,1.269019753759548
SB81882_component_2920a,238.212255,-48.133194,3.5899999141693115,13.807692527770996,238.2118194472952,-48.13307681312513,3.7310906795381484,0.9621851148934547,0.9621851148934547
SB81882_component_2935a,242.2198,-49.316626,3.0820000171661377,11.71863079071045,242.21985335089818,-49.316711347242176,2.8800453219669935,1.0701220545589243,1.0701220545589243
SB81882_component_2943a,238.577991,-49.478472,3.3529999256134033,15.81603717803955,238.57749258211248,-49.47822983962747,2.9331073050713945,1.1431562424654587,1.1431562424654587
SB81882_component_2946a,236.186307,-49.753553,3.0840001106262207,13.01265811920166,236.18591500996172,-49.75371428697616,3.369049932720121,0.9153916303449514,0.9153916303449514
SB81882_component_2951a,244.063776,-48.833924,3.453000068664551,12.15845012664795,244.06425228144064,-48.834304116242535,3.1860417186853915,1.0837899731235503,1.0837899731235503
SB81882_component_2958a,235.405814,-50.085165,2.871999979019165,10.184396743774414,235.40516021561243,-50.08581981913824,2.659134883058444,1.080050507146855,1.080050507146855
SB81882_component_2960a,238.417267,-50.792528,3.2880001068115234,14.945455551147461,238.41714217637258,-50.791679803023456,3.3395738448038297,0.9845567906598167,0.9845567906598167
SB81882_component_2964a,236.054577,-49.997801,3.305999994277954,14.188841819763184,236.05502874322843,-49.99815016415137,2.3819829029094213,1.3879192794540685,1.3879192794540685
SB81882_component_2965a,237.864182,-49.814693,3.4730000495910645,15.644144058227539,237.86444579609548,-49.8148679911799,3.869957084536485,0.897425985282479,0.897425985282479
SB81882_component_2966a,238.519744,-49.877752,2.950000047683716,13.05309772491455,238.51941290387708,-49.878087141500586,3.404458712004913,0.8665107428917642,0.8665107428917642
SB81882_component_2968a,242.904079,-49.431394,3.562000036239624,12.15699577331543,242.9050028558282,-49.431333703234365,2.8170023346231257,1.2644647086230294,1.2644647086230294
SB81882_component_2969a,235.578181,-48.780472,3.453000068664551,11.989583969116211,235.57785610764657,-48.78082893588808,2.8479631488256367,1.2124454876069595,1.2124454876069595
SB81882_component_2973a,237.388201,-48.721844,3.365000009536743,13.623481750488281,237.3881073263391,-48.721951779775786,3.2072492338102423,1.0491856928558967,1.0491856928558967
SB81882_component_2974a,237.744827,-49.456972,3.325000047683716,15.11363697052002,237.74446787616887,-49.45710707230477,2.8765106407978376,1.1559143917373043,1.1559143917373043
SB81882_component_2977a,237.8765,-50.665207,3.2249999046325684,14.207048416137695,237.87691859773798,-50.66505872974653,2.757986318322269,1.1693313644116958,1.1693313644116958
SB81882_component_2979a,242.293059,-48.875308,3.427000045776367,10.109145164489746,242.2930462851323,-48.87574385434842,3.119687057042958,1.0985076333344475,1.0985076333344475
SB81882_component_2988a,243.897839,-47.736712,3.515000104904175,13.264152526855469,243.8976600767495,-47.73700965443264,3.5272656358832024,0.9965226517520401,0.9965226517520401
SB81882_component_2996a,237.162333,-51.826227,3.3940000534057617,11.703449249267578,237.16237834483584,-51.825951741371746,3.363479944399159,1.0090739678877598,1.0090739678877598
SB81882_component_3002a,238.363036,-50.634074,3.5950000286102295,15.041841506958008,238.36271347005376,-50.63403535705648,3.5066572734775807,1.0251928683766232,1.0251928683766232
SB81882_component_3004a,241.682029,-48.212665,3.4070000648498535,13.46640396118164,241.6819330559429,-48.21250380414755,2.4221682154342896,1.4065910216887993,1.4065910216887993
SB81882_component_3005a,238.23786,-50.986315,3.2869999408721924,13.753138542175293,238.23804737532566,-50.986273436518964,2.49580632824902,1.3170092180903512,1.3170092180903512
SB81882_component_3014a,242.01673,-49.41891,3.1019999980926514,11.321167945861816,242.01719483760212,-49.41851637400807,2.11914629711278,1.463797002745377,1.463797002745377
SB81882_component_3015a,237.207192,-48.386548,3.007999897003174,12.909871101379395,237.20710847387352,-48.38618599947716,3.296114848693329,0.9125895289102648,0.9125895289102648
SB81882_component_3018a,238.360616,-50.070703,3.0420000553131104,12.944681167602539,238.3603851265167,-50.07061418581203,2.907097205894376,1.0464046572454502,1.0464046572454502
SB81882_component_3043a,240.021121,-50.565853,3.203000068664551,13.073469161987305,240.02035764632515,-50.56529019292229,2.9119481161679137,1.0999509403621028,1.0999509403621028
SB81882_component_3050a,236.866575,-49.026665,3.1480000019073486,12.249027252197266,236.86628027692134,-49.02697586303755,4.020406344501481,0.7830054308348008,0.7830054308348008
SB81882_component_3062a,238.972272,-50.100546,3.2139999866485596,13.01214599609375,238.97185026142253,-50.10050905645136,2.662467391955013,1.207150929382299,1.207150929382299
SB81882_component_3075a,236.531168,-49.685359,3.2880001068115234,14.548673629760742,236.53151725346584,-49.68502782140973,2.5829579990318043,1.2729591840223484,1.2729591840223484
SB81882_component_3097a,238.886326,-51.566118,3.25,13.211381912231445,238.88625405449136,-51.566289449462815,2.7354922594772706,1.1880859793114704,1.1880859793114704
SB81882_component_3098a,239.976611,-49.255462,2.9159998893737793,12.84581470489502,239.97690183831187,-49.25553179539547,2.84154206731491,1.0262033150644951,1.0262033150644951
SB81882_component_3123a,236.107302,-50.877492,3.239000082015991,13.00803279876709,236.1075787082062,-50.87767125421256,2.6697401826072835,1.213226703900739,1.213226703900739
SB81882_component_3127a,239.111718,-51.593238,3.0380001068115234,10.659649848937988,239.1119310120678,-51.59338367536471,2.690456873373436,1.1291762885618455,1.1291762885618455
SB81882_component_3142a,240.702978,-49.42464,2.9149999618530273,10.192307472229004,240.7027550168167,-49.42456985550076,2.2403879349972953,1.3011139349206264,1.3011139349206264
SB81882_component_3178a,236.129992,-48.528566,2.8350000381469727,12.115385055541992,236.12991766633294,-48.52873668705223,3.9183987572341095,0.7235098349582271,0.7235098349582271
SB81882_component_3183a,241.984662,-49.540677,2.881999969482422,10.595587730407715,241.98548894047502,-49.54063459462019,2.7026350232139005,1.0663666920349553,1.0663666920349553
SB81882_component_3193a,238.797998,-51.121471,2.994999885559082,12.637129783630371,238.79812901407345,-51.121211453690954,2.809419287765467,1.0660565685591277,1.0660565685591277
SB81882_component_3196a,241.199287,-48.551349,2.753999948501587,11.286885261535645,241.19890066134465,-48.55159132136619,3.6218093418776163,0.7603934079737781,0.7603934079737781
SB81882_component_3198a,238.774879,-48.355976,2.815000057220459,10.703421592712402,238.77448049811912,-48.35591313738462,2.2389096353410816,1.257308474083017,1.257308474083017
SB81882_component_3202a,237.66713,-50.50579,2.8350000381469727,12.272727012634277,237.66717960897404,-50.50562682716999,3.0702508676912394,0.9233773265827069,0.9233773265827069
SB81882_component_3211a,239.641807,-49.046343,2.7829999923706055,12.206140518188477,239.64140202176856,-49.046447210734975,2.6551882316215605,1.048136610138178,1.048136610138178
SB81882_component_3216a,241.676203,-50.319076,2.921999931335449,10.325088500976562,241.6758364093791,-50.31913148479473,3.0851050414296344,0.9471314240831805,0.9471314240831805
SB81882_component_3239a,237.612995,-49.592934,2.928999900817871,13.623254776000977,237.61325410475152,-49.59277217409526,2.9998201125510855,0.9763918471521321,0.9763918471521321
SB81882_component_3257a,240.00783,-49.37412,2.5139999389648438,10.60759449005127,240.00796121038834,-49.37397277633462,2.257495009420453,1.1136236972724212,1.1136236972724212
SB81882_component_3269a,235.986861,-48.632963,2.703000068664551,11.357142448425293,235.98672345378125,-48.63313829150741,2.189091870636152,1.2347586252188936,1.2347586252188936
SB81882_component_3270a,238.597819,-49.632711,2.9079999923706055,13.588785171508789,238.5975674171215,-49.632779789239414,1.745195072582385,1.6662893667626535,1.6662893667626535
SB81882_component_3275a,235.960355,-50.68838,2.703000068664551,10.396154403686523,235.96017784920852,-50.688484675147514,2.746257453991899,0.9842486052192702,0.9842486052192702
SB81882_component_3288a,240.982334,-47.415222,3.065000057220459,11.52255630493164,240.98278014538218,-47.4153672129663,3.2406842359318793,0.9457879367685753,0.9457879367685753
SB81882_component_3289a,243.750666,-48.116294,2.8540000915527344,10.229390144348145,243.7509139901044,-48.11608864051367,3.3842771313845983,0.8433115790328574,0.8433115790328574
SB81882_component_3290a,241.17792,-48.103931,2.86899995803833,12.5283842086792,241.17834226021176,-48.10400312222187,3.34848237293645,0.8568060507728945,0.8568060507728945
SB81882_component_3291a,240.305376,-48.90234,2.5889999866485596,10.481781959533691,240.3045725143883,-48.902655207501645,2.313951701697909,1.1188651797480598,1.1188651797480598
SB81882_component_3308a,238.862264,-50.474304,3.0399999618530273,13.632286071777344,238.86171356296956,-50.47435820808057,3.2351350469447007,0.9396825535070132,0.9396825535070132
SB81882_component_3321a,236.57956,-48.163221,2.996999979019165,12.084677696228027,236.5789603957415,-48.16338245961337,3.1898708773383504,0.939536455945791,0.939536455945791
SB81882_component_3337a,237.096334,-49.391936,2.634000062942505,10.707317352294922,237.0962486671054,-49.39223317563648,2.7376257537802555,0.9621476052032828,0.9621476052032828
SB81882_component_3367a,238.2985,-50.20112,2.572000026702881,12.189574241638184,238.2976386787286,-50.20132923019187,2.377643784483536,1.0817432129605413,1.0817432129605413
SB81882_component_3405a,236.643284,-48.5729,2.7079999446868896,11.572649002075195,236.6434510626138,-48.5729558433411,3.36043568493065,0.8058478717002362,0.8058478717002362
SB81882_component_3418a,237.627616,-49.415956,2.427000045776367,11.082192420959473,237.6280154247277,-49.415878030385954,1.965004669607659,1.2351115920049962,1.2351115920049962
SB81882_component_3475a,237.530142,-48.711885,2.430000066757202,10.041322708129883,237.53042615221352,-48.71186417402021,2.3897283848518995,1.0168519912809248,1.0168519912809248
SB81882_component_3495a,236.157104,-50.241984,2.5280001163482666,10.94372272491455,236.156623046602,-50.24251670754745,2.2671280981439184,1.1150671717305793,1.1150671717305793
SB81882_component_3507a,240.242075,-47.78761,2.5339999198913574,10.514522552490234,240.2417184755553,-47.78709560108,3.293176793205808,0.7694697488210419,0.7694697488210419
SB81882_component_3509a,238.630947,-49.873288,2.3299999237060547,10.737327575683594,238.63144261266353,-49.873226496188714,2.0689886215488578,1.1261540539366535,1.1261540539366535
SB81882_component_3566a,236.064351,-49.557521,2.502000093460083,11.022027015686035,236.06390596044525,-49.55806270555482,2.4739486071141346,1.0113387506374558,1.0113387506374558
SB81882_component_3588a,239.354261,-49.522055,2.4170000553131104,10.8873872756958,239.35440142456952,-49.52193576705329,2.486747051679889,0.9719525167146927,0.9719525167146927
SB81882_component_3590a,238.961414,-49.193752,2.0969998836517334,10.033492088317871,238.961445883322,-49.19417386010469,1.909917669945752,1.097953025227153,1.097953025227153
SB81882_component_3608a,238.16146,-50.287327,2.4749999046325684,10.355648040771484,238.16138748028567,-50.28732172526619,2.3844256419002186,1.0379857778497,1.0379857778497
SB81882_component_3667a,237.338281,-48.809925,2.4059998989105225,10.460868835449219,237.33739493516907,-48.810043235957494,2.401109732703288,1.0020366275396038,1.0020366275396038
