Component_ID,RA,DEC,ASKAP_flux,ASKAP_flux_SNR,RA_comp,DEC_comp,Comp_flux,Flux_Ratio_AlphaCorr,Flux_Ratio_NOAlphaCorr
SB86226_component_9a,137.775538,-47.413351,625.8709716796875,1287.80029296875,137.77461,-47.41406,1179.7,2.199758030727863,0.5305340100700919
SB86226_component_10a,133.627044,-51.008656,631.0170288085938,417.3393249511719,133.6263,-51.00896,1933.6,1.3531194107935605,0.32634310550713375
SB86226_component_20a,135.675577,-52.378016,496.73699951171875,496.73699951171875,135.67459,-52.37917,2099.3,0.9811009269495908,0.23662030177283794
SB86226_component_22a,136.544273,-52.591465,463.85198974609375,738.6177978515625,136.54361,-52.59254,1124.9,1.7097286500242912,0.41234953306613364
SB86226_component_23a,137.773519,-48.873722,438.0409851074219,1233.9183349609375,137.77184,-48.8742,1969.7,0.9220964376315778,0.22238969645500425
SB86226_component_27a,137.23748,-46.93169,386.8280029296875,436.10821533203125,137.23698,-46.93212,1202.2,1.334144481448863,0.3217667633752183
SB86226_component_28a,135.7977,-48.087816,370.8299865722656,408.403076171875,135.79675,-48.08724,132.3,11.621887934088798,2.8029477443103974
SB86226_component_42a,136.736857,-49.704551,291.1199951171875,879.5166015625,136.73586,-49.70545,1036.7,1.164342148357852,0.2808141170224631
SB86226_component_45a,137.85649,-48.257532,243.8070068359375,858.475341796875,137.85497,-48.25691,364.6,2.7726254197800055,0.6686972211627468
SB86226_component_56a,142.553801,-47.824075,226.6529998779297,881.9182739257812,142.55367,-47.82458,618.9,1.5184576049551735,0.36621909820315024
SB86226_component_57a,135.487584,-49.458384,219.468994140625,669.11279296875,135.48723,-49.45873,712.6,1.2769945310747297,0.30798343269804235
SB86226_component_61a,141.605528,-51.329605,211.08799743652344,519.9212036132812,141.60455,-51.33043,813.7,1.0756250452985294,0.25941747257776016
SB86226_component_63a,133.777948,-51.367535,227.0399932861328,149.66380310058594,133.77744,-51.36808,878.7,1.0713303812720572,0.2583816925983075
SB86226_component_68a,135.790857,-52.286259,212.9739990234375,270.95928955078125,135.79005,-52.28719,806.5,1.0949238004129924,0.26407191447419404
SB86226_component_74a,135.547025,-51.399515,186.31399536132812,440.4586181640625,135.5463,-51.39989,686.2,1.1257875654150804,0.27151558636159734
SB86226_component_79a,140.263352,-49.691021,175.3679962158203,811.8888549804688,140.26227,-49.69156,806.4,0.9016988228677955,0.21747023340255495
SB86226_component_80a,137.184881,-46.611906,182.25799560546875,802.898681640625,137.18437,-46.6125,670.6,1.126898297656267,0.2717834709297178
SB86226_component_84a,134.03417,-49.606039,174.33599853515625,305.8526306152344,134.03381,-49.60666,614.4,1.1765152169828568,0.2837499976158142
SB86226_component_85a,141.043198,-46.934255,172.18299865722656,566.3914794921875,141.04265,-46.93512,615.2,1.1604745549062125,0.27988133721915887
SB86226_component_86a,144.34336,-48.194124,169.83999633789062,673.9682006835938,144.3429,-48.19453,573.4,1.2281289399673725,0.2961981101114242
SB86226_component_87a,137.959999,-50.489948,168.4969940185547,707.9705200195312,137.95909,-50.4902,770.3,0.9069721294896287,0.2187420407874266
SB86226_component_89a,134.619617,-51.182693,163.11199951171875,236.39419555664062,134.61896,-51.18327,534.5,1.2653185766960287,0.30516744529788353
SB86226_component_92a,143.095656,-47.74299,149.7209930419922,598.8839721679688,143.09546,-47.74344,524.5,1.1835834629717636,0.2854547055138078
SB86226_component_99a,139.788373,-47.22909,143.35400390625,391.6776123046875,139.7877,-47.22932,589.1,1.0089798351596393,0.24334409082710914
SB86226_component_101a,141.612548,-48.280206,141.4290008544922,601.8255615234375,141.61241,-48.28034,818.5,0.716442716050788,0.17279047141660622
SB86226_component_104a,137.635294,-49.322946,148.58799743652344,616.5477294921875,137.63383,-49.3233,432.9,1.4231734263355063,0.34323861731698646
SB86226_component_114a,137.74145,-50.80246,132.84100341796875,503.18560791015625,137.74117,-50.80145,111.0,4.962160996109732,1.196765796558277
SB86226_component_118a,146.146294,-52.420581,125.78600311279297,111.02030181884766,146.14539,-52.42073,297.5,1.7531013718031516,0.4228100944967831
SB86226_component_119a,139.171357,-47.34792,129.0500030517578,506.0784606933594,139.17056,-47.34797,455.7,1.1741962058105713,0.28319070232994914
SB86226_component_121a,135.185363,-49.765921,123.06300354003906,411.58197021484375,135.18494,-49.76588,426.7,1.1958220295621391,0.28840638279831043
SB86226_component_123a,137.954592,-52.782109,123.50599670410156,441.09283447265625,137.95457,-52.78257,448.2,1.1425569982873236,0.2755600104955412
SB86226_component_128a,138.13631,-51.848318,112.97000122070312,540.5263061523438,138.13605,-51.84847,371.7,1.260179047481588,0.30392790212726156
SB86226_component_136a,139.305887,-46.29243,107.99800109863281,254.71226501464844,139.30495,-46.29369,505.9,0.8851415343973343,0.21347697390518447
SB86226_component_139a,138.112102,-46.199756,114.10099792480469,129.0735321044922,138.11176,-46.19986,419.3,1.1283043499973473,0.2721225803119597
SB86226_component_142a,135.695338,-50.191749,107.59100341796875,417.0194091796875,135.69484,-50.1919,304.4,1.4655241919719977,0.3534527050524598
SB86226_component_151a,137.243822,-47.63751,102.64900207519531,160.6400604248047,137.24295,-47.63753,342.0,1.2444868378732634,0.30014328092162373
SB86226_component_158a,146.192328,-49.833145,94.7770004272461,143.81942749023438,146.19205,-49.83334,393.0,0.9999357402972329,0.24116285095991372
SB86226_component_159a,135.702941,-47.619038,93.98300170898438,70.13656616210938,135.70222,-47.61939,702.4,0.5547872747304227,0.13380267897064974
SB86226_component_163a,136.253755,-50.821305,94.81999969482422,371.8431396484375,136.25291,-50.82022,378.4,1.0389879339171695,0.2505813945423473
SB86226_component_164a,138.241492,-47.197151,94.9219970703125,339.00714111328125,138.24068,-47.19655,318.1,1.2372711312402298,0.2984030087089358
SB86226_component_166a,140.435395,-47.802992,98.37999725341797,376.9348449707031,140.43513,-47.80302,234.1,1.7424770812265609,0.4202477456361297
SB86226_component_168a,138.903447,-47.715988,89.32499694824219,386.68829345703125,138.9026,-47.71588,136.3,2.7173078057170548,0.6553558103319309
SB86226_component_179a,137.189034,-51.720558,87.96800231933594,411.0654296875,137.18941,-51.7204,264.6,1.3784676290488633,0.3324565469362658
SB86226_component_181a,141.338398,-47.591277,82.93599700927734,318.984619140625,141.33829,-47.59152,186.2,1.8468221529960058,0.44541351777270327
SB86226_component_182a,135.614384,-48.933475,81.47000122070312,213.83201599121094,135.61414,-48.93329,337.5,1.0008883351322215,0.24139259620949075
SB86226_component_183a,140.921701,-47.891993,84.61599731445312,345.37139892578125,140.92155,-47.89149,221.4,1.5846616330537688,0.3821860763977106
SB86226_component_185a,138.899462,-49.225095,85.66200256347656,439.2923278808594,138.89806,-49.22533,267.4,1.328276539691696,0.3203515428701442
SB86226_component_186a,140.062051,-48.408036,80.46199798583984,375.9906311035156,140.06129,-48.40828,68.5,4.870369635787511,1.1746277078224794
SB86226_component_192a,133.066194,-50.213629,79.65599822998047,58.31332015991211,133.06619,-50.21416,341.4,0.9674235379995466,0.23332161168711327
SB86226_component_194a,148.129505,-50.823587,84.23500061035156,57.53757095336914,148.12859,-50.82382,269.2,1.2974158819848003,0.31290862039506523
SB86226_component_195a,135.612568,-52.61726,80.96700286865234,87.43737030029297,135.61177,-52.6177,251.9,1.33272817160672,0.32142518010580523
SB86226_component_199a,139.03094,-51.613382,79.02999877929688,342.1211853027344,139.03036,-51.61423,388.5,0.8434563928198805,0.20342342028133042
SB86226_component_200a,144.548134,-52.08881,83.1969985961914,228.5631866455078,144.54832,-52.08815,289.3,1.1923970900827965,0.2875803615492271
SB86226_component_202a,141.483846,-47.714319,79.5,296.64178466796875,141.48357,-47.7143,351.6,0.9375187115518739,0.22610921501706482
SB86226_component_203a,139.54259,-49.718102,73.88200378417969,367.5721435546875,139.54144,-49.71914,214.0,1.4314842512024082,0.34524300833728827
SB86226_component_207a,143.134412,-50.779754,69.0989990234375,257.83209228515625,143.13348,-50.78019,200.4,1.4296697268448277,0.3448053843484905
SB86226_component_212a,138.613963,-46.687361,69.48300170898438,186.28150939941406,138.6132,-46.68734,130.5,2.2076475641067432,0.5324367947048612
SB86226_component_214a,142.1452,-50.492397,73.63999938964844,242.23684692382812,142.14423,-50.49258,272.3,1.1213154782122352,0.27043701575339124
SB86226_component_222a,145.379795,-47.592022,67.72699737548828,93.54557800292969,145.37914,-47.59219,281.2,0.9986382298937849,0.2408499195429882
SB86226_component_223a,141.729199,-47.356704,70.10700225830078,265.55682373046875,141.72896,-47.35716,188.7,1.5404626725775508,0.37152624408214513
SB86226_component_224a,135.44686,-48.628305,67.03099822998047,63.117698669433594,135.44637,-48.62816,170.7,1.6281853696959177,0.39268305934376374
SB86226_component_225a,144.019045,-49.455234,67.0719985961914,290.3549499511719,144.01866,-49.45417,42.3,6.574497465755786,1.5856264443544068
SB86226_component_227a,139.535727,-48.466644,65.41300201416016,290.7244567871094,139.53468,-48.46693,204.3,1.3275698975090113,0.3201811160751843
SB86226_component_229a,144.179699,-48.205649,66.03900146484375,268.45123291015625,144.17937,-48.20594,213.2,1.2843251281595343,0.3097514140002052
SB86226_component_233a,144.212186,-51.263246,61.970001220703125,235.6273651123047,144.21152,-51.26381,144.9,1.7732697329213782,0.4276742665334929
SB86226_component_234a,141.168658,-52.790357,67.10099792480469,228.23468017578125,141.16965,-52.78999,206.2,1.3492797428885095,0.32541706074105087
SB86226_component_235a,133.823011,-50.561813,69.36399841308594,97.83356475830078,133.82249,-50.56162,260.6,1.1036246456597698,0.2661703699657941
SB86226_component_237a,141.032461,-47.090796,66.06500244140625,241.1131591796875,141.03159,-47.09063,230.9,1.1863400840673533,0.2861195428384853
SB86226_component_241a,138.363842,-48.054406,71.23799896240234,325.28765869140625,138.36253,-48.05434,314.7,0.938591573944599,0.226367966197656
SB86226_component_243a,141.839922,-52.840106,62.064998626708984,235.9885711669922,141.84061,-52.84025,171.8,1.4979084570193022,0.36126308863043644
SB86226_component_248a,140.957227,-46.677769,60.67599868774414,226.40296936035156,140.95667,-46.67816,173.2,1.4525487859840627,0.350323318058569
SB86226_component_250a,135.493074,-47.809819,62.959999084472656,37.23240661621094,135.4922,-47.80926,300.6,0.8684352013330681,0.20944776807875135
SB86226_component_257a,148.13499,-50.174091,64.01100158691406,56.8481330871582,148.13451,-50.17438,198.0,1.3404515294638637,0.3232878868025963
SB86226_component_259a,146.433251,-49.608129,66.15399932861328,141.35470581054688,146.43314,-49.60793,254.0,1.0799013150418995,0.260448816254383
SB86226_component_260a,137.082651,-52.378517,62.13199996948242,215.73611450195312,137.08192,-52.37885,233.7,1.1023469456475474,0.26586221638631763
SB86226_component_263a,141.398044,-51.989989,58.801998138427734,101.73355865478516,141.39801,-51.98899,152.0,1.604021474151384,0.38685525091070877
SB86226_component_267a,147.731967,-49.509354,57.91699981689453,68.94881439208984,147.73134,-49.50903,120.9,1.9862844285804302,0.47904879914718385
SB86226_component_271a,139.680969,-47.250383,56.229000091552734,179.64537048339844,139.68037,-47.25091,241.9,0.9637983409505588,0.23244729264800634
SB86226_component_272a,144.375013,-46.983195,57.75600051879883,84.81057739257812,144.37482,-46.98375,313.7,0.7633861477506657,0.1841122107707964
SB86226_component_280a,143.782263,-48.983135,53.59299850463867,261.42926025390625,143.78188,-48.98176,58.8,3.77913505314779,0.9114455527999774
SB86226_component_283a,141.239198,-49.885317,53.624000549316406,256.57415771484375,141.23849,-49.88583,323.0,0.6883643504248083,0.16601857755206317
SB86226_component_286a,136.250914,-51.802987,57.060001373291016,192.77027893066406,136.25044,-51.80364,211.1,1.1207409138339397,0.27029844326523456
SB86226_component_288a,139.617398,-49.40282,54.141998291015625,294.25,139.61568,-49.40288,183.9,1.2207148666310086,0.2944099961447288
SB86226_component_295a,140.970531,-50.606424,51.05799865722656,229.99098205566406,140.96902,-50.60707,256.5,0.825349894787058,0.1990565249794408
SB86226_component_303a,139.26875,-45.711613,46.88100051879883,49.400421142578125,139.26779,-45.71109,207.5,0.9367861317117946,0.22593253262071725
SB86226_component_304a,141.155729,-51.055572,50.06700134277344,220.55947875976562,141.15454,-51.05613,219.1,0.947481819995134,0.2285121010624073
SB86226_component_306a,135.806698,-48.57403,55.941001892089844,70.9011459350586,135.80626,-48.57346,280.3,0.8275015665382967,0.19957546162001372
SB86226_component_307a,136.725424,-50.45229,51.97800064086914,217.48118591308594,136.72456,-50.4519,213.0,1.011816247294318,0.2440281720228598
SB86226_component_312a,140.146718,-49.949604,48.766998291015625,245.06028747558594,140.1454,-49.9498,152.0,1.3302832380720262,0.3208355150724712
SB86226_component_313a,143.310376,-48.016667,48.71900177001953,253.7447967529297,143.31013,-48.01661,138.6,1.4574606332744153,0.3515079492786402
SB86226_component_317a,134.381048,-51.195967,54.900001525878906,69.75857543945312,134.38039,-51.19665,171.9,1.324213960074041,0.3193717366252409
SB86226_component_320a,136.710836,-51.600986,47.933998107910156,208.40867614746094,136.71103,-51.60065,230.1,0.8637513076465697,0.2083181143325083
SB86226_component_322a,140.428104,-47.972698,49.8489990234375,229.71890258789062,140.42802,-47.97301,441.8,0.46783468027451675,0.11283159579773087
SB86226_component_323a,138.709494,-48.972784,48.60200119018555,247.9694061279297,138.70792,-48.973,65.9,3.0579502760974515,0.7375113989406
SB86226_component_327a,141.473449,-46.264647,46.59700012207031,108.3651123046875,141.4724,-46.2652,195.7,0.9872538011296753,0.23810424180925047
SB86226_component_328a,144.616562,-47.448775,49.981998443603516,104.12916564941406,144.61617,-47.4484,308.2,0.672423161780223,0.16217390799352213
SB86226_component_329a,136.692819,-50.568206,46.28200149536133,187.37652587890625,136.69221,-50.56771,127.2,1.5086437671914212,0.3638522130138469
SB86226_component_330a,138.488892,-52.719211,46.222999572753906,198.38197326660156,138.48958,-52.71969,127.5,1.5031752703844607,0.3625333299823836
SB86226_component_331a,142.494281,-53.069138,44.2869987487793,150.63604736328125,142.49432,-53.06924,184.8,0.9936557846604852,0.2396482616275936
SB86226_component_337a,147.811534,-49.632823,48.60300064086914,61.21284484863281,147.81064,-49.63273,284.1,0.7093384978048434,0.17107708778905012
SB86226_component_342a,146.003898,-50.425939,42.8120002746582,137.65916442871094,146.00328,-50.42517,66.6,2.665342181785171,0.6428228269468199
SB86226_component_344a,137.967478,-48.453292,46.757999420166016,195.64016723632812,137.96648,-48.45374,206.7,0.9379444690230657,0.2262118985010451
SB86226_component_345a,139.51918,-45.54061,45.24399948120117,46.451744079589844,139.51869,-45.54091,334.9,0.5601541054565352,0.13509704234458397
SB86226_component_347a,134.690268,-51.280215,45.70000076293945,64.54802703857422,134.68915,-51.27999,93.0,2.037487443152747,0.4913978576660156
SB86226_component_352a,136.825714,-52.030605,46.76900100708008,170.68978881835938,136.82584,-52.03019,135.6,1.4300791867829603,0.34490413722035457
SB86226_component_354a,142.828866,-48.169281,45.224998474121094,217.42787170410156,142.8288,-48.16938,198.1,0.9465766071050291,0.22829378331207015
SB86226_component_357a,144.201625,-49.149069,45.875,213.37208557128906,144.2016,-49.14922,146.3,1.3001499190328034,0.31356801093643194
SB86226_component_358a,135.921834,-50.046499,43.233001708984375,173.6265106201172,135.92152,-50.04645,169.6,1.0569421663587586,0.25491156668033244
SB86226_component_360a,147.467931,-50.490187,42.59600067138672,64.6373291015625,147.46693,-50.48978,128.4,1.3755154841995487,0.3317445535154729
SB86226_component_361a,139.144048,-46.825627,42.279998779296875,153.74545288085938,139.14317,-46.82523,153.0,1.1457905008395113,0.27633986130259397
SB86226_component_362a,144.226674,-47.627938,44.40299987792969,135.375,144.22626,-47.62826,178.1,1.0337370328508457,0.2493149908923621
SB86226_component_367a,141.518675,-48.537729,42.43899917602539,205.01931762695312,141.51845,-48.53817,143.0,1.2305259540655074,0.2967762180141636
SB86226_component_372a,138.859525,-51.356839,41.41299819946289,135.7803192138672,138.85938,-51.35787,171.5,1.0012308698206884,0.2414752081601335
SB86226_component_386a,137.909366,-50.948063,38.595001220703125,160.81251525878906,137.90903,-50.94925,172.4,0.9282297416552592,0.2238689165934056
SB86226_component_398a,143.41252,-48.326361,37.94300079345703,207.33880615234375,143.41245,-48.32586,59.2,2.657490069447735,0.6409290674570444
SB86226_component_404a,136.91632,-49.543372,35.856998443603516,132.80369567871094,136.91537,-49.54437,57.5,2.585638285918993,0.623599972932235
SB86226_component_407a,146.738284,-48.769875,40.48400115966797,61.619483947753906,146.73759,-48.76941,124.4,1.3493503635822617,0.32543409292337594
SB86226_component_409a,138.049829,-49.803171,36.20100021362305,163.80543518066406,138.04858,-49.8037,114.1,1.3155174332491317,0.31727432264349736
SB86226_component_413a,135.124371,-50.940012,39.90700149536133,107.27688598632812,135.12328,-50.93886,87.2,1.8975546586086462,0.4576490997174464
SB86226_component_415a,137.555971,-51.660534,37.667999267578125,176.01869201660156,137.55618,-51.66068,139.4,1.1203957730481033,0.2702152027803309
SB86226_component_420a,142.504284,-47.197434,36.90999984741211,135.69851684570312,142.50348,-47.19722,160.7,0.9523352259896369,0.22968263750723156
SB86226_component_421a,141.830511,-50.117753,34.79199981689453,174.83416748046875,141.82996,-50.11769,152.4,0.946577348220657,0.22829396205311372
SB86226_component_425a,142.480138,-46.038332,34.54100036621094,45.44868469238281,142.47929,-46.03789,135.3,1.0585193388388698,0.255291946535188
SB86226_component_426a,136.595916,-51.284508,34.43299865722656,141.6995849609375,136.59555,-51.28542,131.5,1.0857023427270482,0.2618478985340423
SB86226_component_427a,146.02686,-49.797054,35.08300018310547,91.84031677246094,146.02672,-49.79694,73.9,1.9684027788308494,0.4747361323830239
SB86226_component_432a,142.385196,-48.456264,35.25899887084961,179.89285278320312,142.38484,-48.456,103.3,1.4152440496459577,0.3413262233383312
SB86226_component_439a,146.883018,-48.799168,35.09700012207031,48.881614685058594,146.882,-48.79858,113.9,1.277638397110652,0.308138719245569
SB86226_component_440a,134.282321,-51.216771,34.29999923706055,44.430049896240234,134.28055,-51.21581,49.1,2.896505119210257,0.698574322547058
SB86226_component_443a,143.99907,-46.694288,36.99599838256836,45.06211853027344,143.99792,-46.69393,199.8,0.7677519886457631,0.18516515706991168
SB86226_component_446a,144.512056,-48.56738,34.04100036621094,138.3780517578125,144.51216,-48.56754,50.8,2.778435274805294,0.6700984324057272
SB86226_component_452a,142.512702,-46.287241,32.763999938964844,58.92805862426758,142.51173,-46.2874,119.7,1.1349179062578145,0.27371762689193685
SB86226_component_457a,146.345493,-48.865555,32.792999267578125,75.04118347167969,146.34477,-48.86609,88.6,1.5346491372596087,0.3701241452322588
SB86226_component_458a,134.237943,-49.526247,32.816001892089844,71.80744934082031,134.23782,-49.52706,188.9,0.7203032797995695,0.17372155580778106
SB86226_component_463a,140.981033,-45.344397,30.558000564575195,27.357208251953125,140.98061,-45.34391,59.1,2.143873400083588,0.5170558471163316
SB86226_component_464a,139.150507,-46.032468,32.47600173950195,54.765602111816406,139.1497,-46.0323,173.5,0.7761126444023331,0.1871815662219133
SB86226_component_467a,135.828707,-49.410605,33.64500045776367,123.24176025390625,135.82793,-49.41035,153.8,0.9070388420582642,0.21875813041458822
SB86226_component_468a,135.278423,-48.445736,34.731998443603516,49.90229797363281,135.27753,-48.44384,120.6,1.194109482790748,0.2879933535953857
SB86226_component_471a,142.28723,-52.91945,30.687999725341797,115.80377960205078,142.28795,-52.91872,111.1,1.1452919411094904,0.2762196194900252
SB86226_component_472a,144.907883,-51.902409,30.68600082397461,98.3525619506836,144.90691,-51.90223,132.7,0.9588066811921365,0.2312434123886557
SB86226_component_474a,138.518845,-49.299871,31.694000244140625,140.8622283935547,138.51756,-49.30084,120.9,1.0869571863768615,0.2621505396537686
SB86226_component_475a,141.515379,-51.246303,31.520000457763672,125.0793685913086,141.5145,-51.24659,140.1,0.9328455883169363,0.22498215887054726
SB86226_component_477a,135.809662,-50.413485,31.809999465942383,126.73307037353516,135.80907,-50.41336,200.5,0.657825897605902,0.15865336391991214
SB86226_component_486a,140.42772,-45.740475,30.009000778198242,49.601654052734375,140.42633,-45.74038,147.4,0.8441424362048008,0.203588879092254
SB86226_component_490a,145.745538,-52.039878,30.445999145507812,51.603389739990234,145.74486,-52.03815,41.1,3.0714969691984173,0.7407785680172216
SB86226_component_495a,136.816359,-51.966455,29.62700080871582,108.92279052734375,136.81674,-51.9659,118.9,1.0331598412139886,0.24917578476632313
SB86226_component_499a,143.473856,-48.466231,30.437999725341797,158.53125,143.4734,-48.46711,71.8,1.7577347822405194,0.4239275727763482
SB86226_component_502a,145.300627,-50.155897,32.250999450683594,121.70188903808594,145.30048,-50.15474,70.7,1.8914089780834602,0.4561668946348457
SB86226_component_504a,136.487736,-48.813427,30.207000732421875,88.06706237792969,136.48708,-48.81266,107.6,1.1640108189810556,0.2807342075503892
SB86226_component_509a,138.766628,-47.43972,30.19499969482422,130.15086364746094,138.76566,-47.43952,97.9,1.278833545557977,0.3084269631749154
SB86226_component_511a,140.909551,-50.678552,29.33799934387207,131.56053161621094,140.90829,-50.67865,153.7,0.7914405705701982,0.19087833014880984
SB86226_component_512a,141.324231,-50.186483,28.618000030517578,149.0520782470703,141.3233,-50.1868,178.9,0.6632704077226728,0.15996646188103733
SB86226_component_515a,135.696971,-51.245117,29.18000030517578,91.1875,135.69618,-51.24578,128.0,0.9452289283883448,0.2279687523841858
SB86226_component_523a,143.250746,-46.164374,27.422000885009766,31.055492401123047,143.24911,-46.16372,81.3,1.398525137979789,0.3372939838254584
SB86226_component_524a,142.645079,-48.489769,29.551000595092773,151.54359436035156,142.64487,-48.48909,112.4,1.0901030670614587,0.2629092579634588
SB86226_component_525a,141.268009,-45.673547,28.57699966430664,38.51347732543945,141.26703,-45.67351,46.7,2.5372393093620897,0.6119271876725191
SB86226_component_526a,144.844744,-49.893462,27.891000747680664,108.5252914428711,144.84402,-49.89194,67.0,1.7260404798340465,0.41628359324896513
SB86226_component_527a,146.915342,-51.875481,26.496000289916992,21.264846801757812,146.91499,-51.87554,58.9,1.8652055850473142,0.44984720356395574
SB86226_component_528a,139.697725,-45.734163,26.844999313354492,34.7733154296875,139.69691,-45.73435,82.6,1.3475504456457663,0.3249999916871004
SB86226_component_529a,143.691855,-48.650661,27.493999481201172,141.72164916992188,143.69183,-48.65041,51.9,2.1965052438794257,0.5297495083083078
SB86226_component_530a,140.630569,-48.241596,28.006000518798828,132.10377502441406,140.63004,-48.24087,76.0,1.5279149572943158,0.36850000682630035
SB86226_component_533a,139.88749,-46.265638,28.898000717163086,78.52717590332031,139.88599,-46.266,67.5,1.7751117830535295,0.42811852914315685
SB86226_component_534a,140.086447,-48.247309,30.934999465942383,141.25570678710938,140.08592,-48.24726,120.9,1.0609269805343304,0.25587261758430424
SB86226_component_539a,139.360796,-51.412372,28.0,123.3480224609375,139.36052,-51.41275,113.5,1.0228780330242306,0.24669603524229075
SB86226_component_541a,142.574841,-48.208198,29.579999923706055,150.15228271484375,142.57471,-48.20783,68.4,1.7930968555533457,0.4324561392354686
SB86226_component_544a,136.465381,-47.32878,29.809999465942383,33.95216369628906,136.46492,-47.32867,51.0,2.42355831629064,0.5845097934498507
SB86226_component_547a,146.72278,-51.91582,28.85700035095215,25.246719360351562,146.72205,-51.91582,85.8,1.3945226708827116,0.3363286754190227
SB86226_component_550a,136.485847,-51.202052,27.195999145507812,105.82100677490234,136.48563,-51.20196,78.3,1.4401407488239946,0.34733076814186226
SB86226_component_553a,139.34301,-51.354013,27.31999969482422,127.6635513305664,139.34256,-51.35469,94.6,1.1974330364437884,0.28879492277826874
SB86226_component_557a,138.514908,-46.407885,27.358999252319336,49.47378158569336,138.51427,-46.40837,107.5,1.0552452973993858,0.25450231862622635
SB86226_component_558a,146.760013,-50.170921,26.70199966430664,73.15615844726562,146.75896,-50.17235,42.7,2.5928511956497986,0.6253395705926613
SB86226_component_559a,134.780023,-50.001618,26.753999710083008,92.57439422607422,134.77913,-50.00095,136.6,0.8120816568145502,0.19585651325097372
SB86226_component_563a,137.579762,-50.21035,27.110000610351562,94.79020690917969,137.5788,-50.21068,91.3,1.23117682495104,0.29693319397975426
SB86226_component_566a,138.635615,-46.848167,27.604999542236328,82.40298461914062,138.63531,-46.848,84.0,1.3626055086694788,0.32863094693138484
SB86226_component_568a,146.185034,-49.405231,27.052000045776367,81.72809600830078,146.18427,-49.40438,37.9,2.95952390093116,0.7137730882790598
SB86226_component_570a,140.57387,-45.311323,27.628000259399414,22.92780113220215,140.57301,-45.31192,154.6,0.7409717387627197,0.17870634061707255
SB86226_component_577a,146.784494,-49.374399,25.8439998626709,58.20720672607422,146.7836,-49.37447,99.2,1.0802138468671976,0.2605241921640212
SB86226_component_578a,143.980985,-49.778152,28.409000396728516,130.31651306152344,143.98061,-49.77837,127.3,0.9253142092974677,0.2231657533128713
SB86226_component_582a,142.61381,-49.154959,26.134000778198242,127.4829330444336,142.6132,-49.15494,46.3,2.3403811461007287,0.5644492608682126
SB86226_component_585a,137.540843,-49.77186,26.114999771118164,57.269737243652344,137.53905,-49.77019,76.1,1.4228759923071792,0.34316688266909545
SB86226_component_591a,140.455592,-47.848678,25.71500015258789,106.70124816894531,140.45566,-47.84921,90.8,1.1742548560400399,0.2832048474954614
SB86226_component_593a,139.878118,-49.641553,27.53499984741211,145.68783569335938,139.87671,-49.6415,59.1,1.9317871802321276,0.4659052427650103
SB86226_component_595a,134.826485,-49.767367,25.1200008392334,84.57913208007812,134.82649,-49.76715,44.5,2.3405683105523565,0.5644944008816494
SB86226_component_598a,145.336778,-51.247412,23.694000244140625,66.74366760253906,145.33624,-51.24743,28.9,3.3993996704608875,0.8198616001432742
SB86226_component_601a,137.777448,-48.113196,24.16900062561035,97.06426239013672,137.77594,-48.11357,101.2,0.9902386256280805,0.2388241168538572
SB86226_component_603a,139.786515,-51.906972,26.788999557495117,116.98252868652344,139.78641,-51.90786,62.3,1.7829129134691222,0.42999999289719293
SB86226_component_604a,143.561963,-49.772038,24.93400001525879,91.33333587646484,143.56166,-49.77233,66.6,1.5523134068706375,0.3743843846134954
SB86226_component_606a,141.904105,-47.998719,27.31599998474121,129.459716796875,141.90469,-47.99887,74.5,1.5202762578924773,0.3666577179159894
SB86226_component_608a,141.046889,-51.573199,27.28499984741211,89.45901489257812,141.04633,-51.57368,85.3,1.3262842328173934,0.31987104158748075
SB86226_component_610a,144.124783,-48.606506,25.05299949645996,119.30000305175781,144.12465,-48.60687,79.5,1.3066349878951469,0.3151320691378611
SB86226_component_611a,143.662729,-46.241334,26.624000549316406,29.747488021850586,143.66113,-46.24019,87.1,1.2674091573885564,0.30567164809777736
SB86226_component_612a,135.889877,-50.439996,25.315000534057617,102.48988342285156,135.88904,-50.43906,93.1,1.127430922043984,0.27191192840018924
SB86226_component_614a,135.911669,-50.308492,23.604000091552734,91.1351318359375,135.91113,-50.30871,58.2,1.6816062202470934,0.4055670118823494
SB86226_component_620a,136.705317,-48.587371,25.784000396728516,88.91034698486328,136.70406,-48.58743,64.2,1.6652404559722611,0.4016199438742759
SB86226_component_622a,135.878372,-51.444864,23.82900047302246,76.6205825805664,135.87897,-51.44379,68.6,1.4402682676855372,0.3473615229303566
SB86226_component_623a,147.770602,-50.774458,25.145000457763672,25.4761905670166,147.7699,-50.77343,97.9,1.0649534828102956,0.25684372275550227
SB86226_component_624a,142.311135,-47.075768,26.29199981689453,104.74900817871094,142.31026,-47.07531,139.8,0.7797908435435982,0.18806866821812968
SB86226_component_625a,144.487477,-47.292481,25.812000274658203,49.830116271972656,144.48727,-47.29291,66.2,1.6166847949248666,0.3899093697078278
SB86226_component_626a,147.087355,-49.703651,24.910999298095703,59.88220977783203,147.08664,-49.70298,78.7,1.312435893432074,0.31653112195801403
SB86226_component_631a,138.144402,-50.833798,24.468000411987305,95.95294189453125,138.14372,-50.83477,66.4,1.5278899769505883,0.3684939821082425
SB86226_component_633a,142.510271,-49.391688,24.55900001525879,108.66814422607422,142.51041,-49.39111,113.6,0.8963838640756321,0.2161883804160105
SB86226_component_635a,142.280134,-51.858323,21.67300033569336,86.69200134277344,142.28008,-51.8577,117.6,0.7641408165323442,0.1842942205416102
SB86226_component_641a,141.902854,-51.513765,22.865999221801758,96.07562255859375,141.90175,-51.51422,35.5,2.670690204083777,0.6441126541352608
SB86226_component_650a,141.055309,-46.647025,21.540000915527344,77.20429992675781,141.05444,-46.64725,102.5,0.8713317395982483,0.21014635039538873
SB86226_component_652a,137.741316,-48.461778,22.472999572753906,108.04326629638672,137.73959,-48.46157,63.9,1.4582160281140082,0.3516901341589031
SB86226_component_653a,145.250861,-49.325343,24.700000762939453,102.06611633300781,145.25079,-49.32446,91.1,1.1241914341604593,0.2711306340608063
SB86226_component_656a,146.552303,-49.998366,22.073999404907227,75.85566711425781,146.55125,-49.99875,41.1,2.226900879364436,0.53708027749166
SB86226_component_661a,138.872622,-47.59318,22.160999298095703,106.54326629638672,138.87183,-47.59371,90.7,1.0130799845287564,0.2443329580826428
SB86226_component_663a,145.723014,-51.293384,20.589000701904297,59.50578308105469,145.72231,-51.29398,74.5,1.145884059098018,0.2763624255289167
SB86226_component_667a,137.455222,-48.565109,21.78700065612793,88.92652893066406,137.45412,-48.56333,39.4,2.292782756298392,0.5529695598002012
SB86226_component_668a,137.556286,-47.814121,22.944000244140625,83.13043975830078,137.55544,-47.81546,119.0,0.7994362907490283,0.19280672474067753
SB86226_component_672a,143.807785,-47.297605,21.82900047302246,69.74121856689453,143.80794,-47.29795,35.1,2.5786263482640206,0.6219088453852553
SB86226_component_673a,140.242652,-47.031986,21.125999450683594,90.28205108642578,140.24207,-47.03003,95.0,0.9220518446202011,0.2223789415861431
SB86226_component_676a,133.588223,-50.358719,22.597999572753906,30.5378360748291,133.58768,-50.35841,76.2,1.2296363890115833,0.2965616741831221
SB86226_component_680a,133.99029,-48.796244,20.72599983215332,17.34393310546875,133.9892,-48.79529,122.5,0.7015216583900277,0.1691918353645169
SB86226_component_691a,147.546762,-50.292195,21.21500015258789,34.384117126464844,147.54617,-50.29185,116.5,0.7550553619341114,0.1821030056016128
SB86226_component_692a,138.90073,-50.526444,22.083999633789062,87.98406982421875,138.89961,-50.5266,113.9,0.8039252869410797,0.19388937343098386
SB86226_component_694a,142.906205,-47.387729,20.104000091552734,90.55855560302734,142.90602,-47.38822,74.3,1.1219030945471007,0.27057873609088473
SB86226_component_698a,146.074134,-50.30201,20.089000701904297,69.99652099609375,146.07397,-50.30217,62.1,1.3413076943319187,0.32349437523195324
SB86226_component_700a,141.250344,-46.834069,20.750999450683594,74.64388275146484,141.24988,-46.83439,66.8,1.2880248398252465,0.3106437043515508
SB86226_component_703a,138.813306,-48.8708,20.267000198364258,107.8031997680664,138.8118,-48.87088,79.3,1.0596878784661383,0.25557377299324413
SB86226_component_704a,144.488309,-51.332799,20.716999053955078,78.77185821533203,144.48729,-51.33294,87.8,0.9783494663280371,0.23595670904276855
SB86226_component_705a,141.462252,-49.853243,21.187999725341797,110.35416412353516,141.46182,-49.85389,70.9,1.2390972855606615,0.29884343759297316
SB86226_component_711a,134.287394,-49.43378,21.277999877929688,48.69107437133789,134.28719,-49.43407,43.1,2.046987610306026,0.49368909229535235
SB86226_component_717a,134.268291,-50.490383,22.069000244140625,46.65750503540039,134.26773,-50.48933,62.1,1.4735088256964823,0.35537842583157203
SB86226_component_721a,143.704425,-47.760045,19.83300018310547,84.75640869140625,143.70424,-47.76062,47.6,1.7275998008298157,0.41665966771229973
SB86226_component_722a,144.072189,-51.42198,19.551000595092773,78.2040023803711,144.07092,-51.42271,44.3,1.8298982627969371,0.4413318418756834
SB86226_component_724a,136.034073,-47.911636,20.76300048828125,32.140865325927734,136.03345,-47.91104,91.1,0.9450035050775205,0.22791438516225304
SB86226_component_726a,141.855648,-46.291627,19.535999298095703,52.94308853149414,141.85464,-46.29174,97.8,0.8282443049755599,0.19975459405005833
SB86226_component_731a,140.92853,-49.832562,20.099000930786133,106.90958404541016,140.9277,-49.83239,94.9,0.8781524958769525,0.21179136913367894
SB86226_component_733a,143.315044,-52.388435,21.229999542236328,75.55160522460938,143.31461,-52.38869,97.9,0.899143429746286,0.21685392790844052
SB86226_component_738a,140.819336,-47.081912,19.03499984741211,73.21154022216797,140.81812,-47.08103,43.2,1.8269674632010566,0.4406249964678729
SB86226_component_742a,136.357396,-49.969657,19.28499984741211,80.02074432373047,136.35637,-49.96914,68.5,1.167322214637675,0.281532844487768
SB86226_component_743a,142.2681,-49.967502,18.756999969482422,95.69898223876953,142.26761,-49.96777,47.6,1.6338722892286461,0.3940546212076139
SB86226_component_761a,142.213746,-46.256472,20.88800048828125,43.15702438354492,142.21234,-46.25635,76.7,1.1291800255379356,0.27233377429310623
SB86226_component_763a,145.581194,-47.832385,18.900999069213867,29.34937858581543,145.58037,-47.83277,94.0,0.8337168697330998,0.20107445818312625
SB86226_component_764a,143.345226,-51.166548,17.48900032043457,72.56846618652344,143.34402,-51.16591,43.6,1.6631835411791693,0.4011238605604259
SB86226_component_768a,136.795093,-51.198219,18.402999877929688,78.31063842773438,136.79485,-51.19846,90.0,0.8478280793516241,0.20447777642144097
SB86226_component_771a,136.457948,-48.852253,17.993000030517578,62.25951385498047,136.45671,-48.85203,65.3,1.1424891426461683,0.27554364518403646
SB86226_component_775a,147.040596,-51.033671,18.551000595092773,29.920969009399414,147.03989,-51.03298,81.2,0.9472682742897037,0.22846059846173367
SB86226_component_782a,136.659222,-49.726924,17.799999237060547,45.99483108520508,136.65794,-49.7282,52.0,1.4193134625989927,0.34230767763577974
SB86226_component_786a,140.557774,-46.115733,17.98900032043457,48.48787307739258,140.5564,-46.11461,42.5,1.75501075247534,0.4232705957749311
SB86226_component_790a,142.335302,-51.808001,16.351999282836914,65.93548583984375,142.33427,-51.80702,35.5,1.9098716779548794,0.46061969810808207
SB86226_component_792a,142.585893,-46.409036,17.43199920654297,32.76691436767578,142.58459,-46.40848,84.8,0.8523403084222493,0.20556602837904445
SB86226_component_794a,144.753477,-51.680524,16.093000411987305,57.06737518310547,144.75291,-51.681,59.2,1.127137756322357,0.2718412231754612
SB86226_component_796a,141.542297,-51.869984,18.277999877929688,44.25666046142578,141.54196,-51.86882,92.3,0.8210860075346547,0.1980281676915459
SB86226_component_811a,146.174254,-50.476495,18.89900016784668,57.795108795166016,146.17349,-50.47594,47.4,1.6531877150177956,0.3987130837098456
SB86226_component_812a,135.811904,-51.103521,17.283000946044922,60.64210891723633,135.81213,-51.10391,59.2,1.2104842111562866,0.2919425835480561
SB86226_component_817a,146.68573,-50.825047,17.062999725341797,39.497684478759766,146.68459,-50.82538,29.0,2.439602490404549,0.588379300873855
SB86226_component_821a,141.650714,-48.998654,16.48200035095215,92.59550476074219,141.65073,-48.99888,46.7,1.4633719312244038,0.35293362635871833
SB86226_component_823a,144.357582,-46.674423,18.023000717163086,17.826904296875,144.35693,-46.67504,44.0,1.698384844021063,0.4096136526627974
SB86226_component_834a,139.216468,-46.190785,16.722999572753906,37.16222381591797,139.21544,-46.19088,54.0,1.2840504902110745,0.3096851772732205
SB86226_component_843a,140.330541,-48.29333,16.423999786376953,82.94949340820312,140.33014,-48.29296,71.3,0.955104921675185,0.23035062813992924
SB86226_component_845a,143.291742,-49.187861,18.29400062561035,88.37681579589844,143.29156,-49.18807,74.2,1.0222720019174811,0.24654987366051687
SB86226_component_849a,135.861331,-48.946061,15.96399974822998,33.18918991088867,135.86073,-48.94509,76.7,0.8629945050751575,0.2081355899378094
SB86226_component_872a,142.085746,-51.609754,17.017000198364258,65.45000457763672,142.08649,-51.60905,27.6,2.5564399985952386,0.6165579782016035
SB86226_component_880a,142.013944,-50.168435,15.09000015258789,71.85714721679688,142.01331,-50.16766,39.3,1.5920561323573603,0.3839694695314985
SB86226_component_892a,145.597508,-51.132796,14.730999946594238,44.50453186035156,145.59741,-51.13402,38.3,1.5947592729935127,0.38462140852726473
SB86226_component_893a,136.330747,-49.899541,16.493999481201172,65.19367980957031,136.32961,-49.90113,41.1,1.6639713209722184,0.4013138559902961
SB86226_component_894a,142.143044,-46.556882,15.746000289916992,43.86072540283203,142.14186,-46.55709,49.9,1.3083724526312202,0.3155511080143686
SB86226_component_899a,141.700732,-45.93058,13.987000465393066,19.055858612060547,141.69951,-45.9304,52.3,1.1088800819232139,0.2674378674071332
SB86226_component_902a,143.132833,-47.73515,17.229999542236328,68.91999816894531,143.13316,-47.73425,40.0,1.786022627345999,0.4307499885559082
SB86226_component_909a,138.708953,-46.242686,16.392000198364258,27.365610122680664,138.70824,-46.24356,82.1,0.8278477555449558,0.19965895491308477
SB86226_component_915a,142.338527,-46.07921,15.253999710083008,22.43235206604004,142.33829,-46.07892,76.7,0.8246127623297703,0.19887874459039123
SB86226_component_920a,145.189607,-50.002036,15.0649995803833,59.07843017578125,145.18961,-50.00043,35.8,1.7448085446890396,0.42081004414478496
SB86226_component_933a,142.911032,-49.396353,14.6850004196167,71.98529815673828,142.91064,-49.39649,38.6,1.5774236242266375,0.38044042537867095
SB86226_component_937a,135.985253,-50.694776,13.96500015258789,54.338523864746094,135.98511,-50.69445,41.0,1.412273370386984,0.3406097598192168
SB86226_component_942a,134.880427,-50.706461,15.107999801635742,46.773990631103516,134.88235,-50.70629,66.9,0.9363593140738503,0.22582959344746997
SB86226_component_946a,141.315198,-49.34493,14.479999542236328,78.270263671875,141.31482,-49.34515,53.9,1.11388784559358,0.268645631581379
SB86226_component_957a,135.902658,-49.256825,13.897000312805176,51.47037124633789,135.90158,-49.25506,28.6,2.0147293645680167,0.4859091018463348
SB86226_component_961a,141.439187,-45.624642,12.329999923706055,13.88513469696045,141.43822,-45.62468,37.4,1.3669516509248023,0.32967914234508167
SB86226_component_965a,143.887381,-51.560898,13.904000282287598,56.98360824584961,143.88667,-51.56252,46.7,1.2344814531969384,0.2977301987641884
SB86226_component_967a,137.222946,-50.301693,13.6899995803833,56.570247650146484,137.22165,-50.30202,43.0,1.3200690881789443,0.31837208326472793
SB86226_component_969a,140.438923,-47.436033,15.553999900817871,68.82301330566406,140.43903,-47.43523,45.1,1.4299710069271219,0.34487804658132754
SB86226_component_970a,146.196821,-50.100648,14.545999526977539,56.16215896606445,146.19632,-50.10089,56.0,1.0770037717753322,0.25974999155317036
SB86226_component_975a,137.501951,-48.14262,13.666000366210938,47.28719711303711,137.50125,-48.14267,37.8,1.499033402907646,0.3615344012225116
SB86226_component_977a,139.66738,-46.088728,14.107999801635742,29.889829635620117,139.66675,-46.08843,60.2,0.9716964940524955,0.2343521561733512
SB86226_component_982a,146.297654,-49.618099,13.89799976348877,34.744998931884766,146.29735,-49.62023,50.6,1.1388419734818025,0.27466402694641834
SB86226_component_990a,134.999764,-49.083117,15.135000228881836,38.80769348144531,134.99924,-49.08148,38.5,1.629984161834121,0.39311688906186587
SB86226_component_992a,145.660849,-52.305404,14.894000053405762,23.271875381469727,145.66039,-52.30468,38.1,1.6208695273797042,0.39091863657232967
SB86226_component_993a,139.765166,-45.865305,15.28600025177002,26.219554901123047,139.7646,-45.86558,118.0,0.5371227373739134,0.12954237501500016
SB86226_component_995a,141.061667,-45.361833,11.762999534606934,10.597296714782715,141.05994,-45.36429,60.1,0.8115313283213025,0.19572378593355963
SB86226_component_1004a,144.993461,-48.886101,13.508999824523926,58.48051834106445,144.99326,-48.8875,62.6,0.894768208375129,0.21579871924159624
SB86226_component_1012a,136.015778,-48.785632,13.413999557495117,37.78591537475586,136.01494,-48.78433,57.5,0.9672798150606773,0.23328694882600204
SB86226_component_1015a,143.1997,-48.269561,13.324000358581543,68.68041229248047,143.19948,-48.26936,34.2,1.6153633000666285,0.3895906537596942
SB86226_component_1019a,143.698588,-47.131649,12.907999992370605,36.05586624145508,143.6982,-47.13176,37.6,1.4234191151412103,0.3432978721375161
SB86226_component_1037a,139.267933,-45.593412,12.5,11.081560134887695,139.26733,-45.59418,78.7,0.6585624475191174,0.1588310038119441
SB86226_component_1062a,145.509768,-50.410294,12.71399974822998,52.320987701416016,145.50867,-50.41068,52.3,1.0079574328514036,0.24309750952638587
SB86226_component_1063a,141.236948,-49.667437,12.065999984741211,60.6331672668457,141.23595,-49.66712,62.2,0.8043306491461255,0.19398713801834744
SB86226_component_1071a,144.474661,-49.243573,11.925999641418457,57.613525390625,144.47392,-49.24254,30.7,1.6107127579682567,0.38846904369441226
SB86226_component_1072a,141.350628,-51.482177,12.321999549865723,50.499996185302734,141.35036,-51.48118,114.5,0.4462080324993306,0.10761571659271374
SB86226_component_1073a,144.016181,-51.118604,13.496000289916992,61.067874908447266,144.0153,-51.11916,100.8,0.5551447396303777,0.13388889176504953
SB86226_component_1074a,136.855472,-47.006472,14.005000114440918,14.467975616455078,136.85519,-47.00577,104.2,0.5572846486994282,0.13440499150135238
SB86226_component_1098a,141.289011,-50.294862,11.567000389099121,58.12562942504883,141.28851,-50.29427,50.7,0.9459637037053514,0.22814596428203393
SB86226_component_1112a,141.905339,-46.624079,12.654000282287598,39.6677131652832,141.90475,-46.62498,74.4,0.7052069543322792,0.17008064895547845
SB86226_component_1119a,135.306872,-48.570011,10.954999923706055,16.13401985168457,135.30617,-48.57095,60.1,0.7557872984428385,0.18227953284036696
SB86226_component_1133a,137.880815,-47.076819,12.880999565124512,32.283206939697266,137.88017,-47.07742,62.5,0.8545377057637831,0.2060959930419922
SB86226_component_1136a,139.592035,-48.447851,12.154999732971191,54.75225067138672,139.59106,-48.44884,43.4,1.1612531532042702,0.2800691182712256
SB86226_component_1148a,145.174204,-47.684396,11.532999992370605,21.597379684448242,145.17332,-47.68434,21.3,2.245041484560399,0.5414553987028453
SB86226_component_1152a,140.795689,-48.892492,12.059000015258789,63.13612747192383,140.79485,-48.89247,51.6,0.9689988825433578,0.23370155068330986
SB86226_component_1153a,146.977975,-50.063587,10.972000122070312,29.10344886779785,146.97688,-50.06387,26.2,1.7363856761365268,0.41877863061337073
SB86226_component_1157a,144.219819,-47.838838,11.776000022888184,48.86307144165039,144.21967,-47.84063,41.4,1.1793946105284987,0.28444444499729915
SB86226_component_1165a,141.573712,-50.711016,11.392000198364258,57.82741165161133,141.57225,-50.71023,41.6,1.1354508385177653,0.27384615861452544
SB86226_component_1168a,136.270238,-48.820686,11.866000175476074,37.910545349121094,136.26981,-48.82038,64.5,0.7627923307568782,0.18396899496862132
SB86226_component_1182a,144.295768,-52.079785,10.255999565124512,33.62622833251953,144.29514,-52.07793,50.9,0.8354527512787423,0.2014931152283794
SB86226_component_1199a,137.565471,-51.719026,10.628000259399414,51.843902587890625,137.56544,-51.71878,106.9,0.4122261452745582,0.0994200211356353
SB86226_component_1204a,136.416452,-50.653584,11.734000205993652,46.93600082397461,136.41559,-50.65278,66.5,0.7316209421048023,0.17645113091719777
SB86226_component_1214a,140.601383,-48.89533,10.729000091552734,57.682796478271484,140.60098,-48.89283,72.0,0.6178576591671342,0.14901389016045463
SB86226_component_1218a,143.503461,-52.002011,10.38700008392334,40.57421875,143.5031,-52.00182,37.2,1.1577342390431007,0.2792204323635306
SB86226_component_1224a,143.877996,-49.060343,11.20300006866455,53.09478759765625,143.87758,-49.05857,26.8,1.733250071325122,0.41802239062181157
SB86226_component_1232a,147.068093,-51.099407,9.916999816894531,15.00302505493164,147.06781,-51.0989,33.7,1.2201468034277916,0.29427299159924425
SB86226_component_1233a,139.811881,-51.426873,11.314000129699707,52.3796272277832,139.81171,-51.42661,32.6,1.438998235656666,0.347055218702445
SB86226_component_1246a,140.721363,-45.972815,10.916000366210938,26.114831924438477,140.72038,-45.97388,35.6,1.2713795621787363,0.30662922376997015
SB86226_component_1250a,140.149956,-45.739952,11.487000465393066,18.924219131469727,140.14941,-45.74059,52.5,0.9072124830596795,0.21880000886462983
SB86226_component_1255a,140.759781,-50.447156,10.414999961853027,40.05769348144531,140.75819,-50.4465,59.3,0.7282261356325521,0.17563237709701565
SB86226_component_1257a,136.856615,-51.545496,10.597000122070312,52.46039581298828,136.85699,-51.54708,60.2,0.7298743982754878,0.17602990235997196
SB86226_component_1285a,142.944417,-50.618568,9.64900016784668,41.77056121826172,142.94363,-50.6172,67.1,0.5962405048170665,0.14380030056403398
SB86226_component_1290a,143.285157,-50.816999,9.38700008392334,40.115386962890625,143.28407,-50.81616,59.0,0.6596848224207286,0.15910169633768373
SB86226_component_1303a,141.58252,-48.849236,9.829999923706055,51.197914123535156,141.58182,-48.84959,42.7,0.9545250309282596,0.23021077104698018
SB86226_component_1319a,146.172327,-49.303992,10.395999908447266,35.48122787475586,146.1727,-49.30451,40.7,1.0590916399840666,0.25542997318052246
SB86226_component_1327a,142.304003,-47.580295,10.815999984741211,45.830509185791016,142.30368,-47.58107,62.1,0.7221655380823438,0.1741706921858488
SB86226_component_1331a,145.949719,-50.568473,9.654000282287598,34.602149963378906,145.95021,-50.5672,37.9,1.0561601555034428,0.2547229625933403
SB86226_component_1337a,144.914465,-48.750808,9.550000190734863,42.63392639160156,144.91458,-48.75102,21.6,1.8332061740897307,0.44212963845994735
SB86226_component_1340a,133.377364,-50.042067,8.895999908447266,10.225287437438965,133.37819,-50.03999,45.4,0.8124574007264531,0.1959471345472966
SB86226_component_1347a,139.812014,-49.205495,10.529000282287598,58.17127227783203,139.81136,-49.20601,60.0,0.727608173616055,0.17548333803812663
SB86226_component_1358a,138.792109,-48.663034,9.621999740600586,46.03827667236328,138.79121,-48.66202,33.5,1.1909189777358833,0.28722387285374884
SB86226_component_1402a,141.328068,-46.459149,10.32800006866455,30.110788345336914,141.327,-46.45915,26.0,1.6470415918511714,0.3972307718717135
SB86226_component_1444a,140.848446,-51.534202,8.940999984741211,36.19837951660156,140.849,-51.53305,34.0,1.0903573594691287,0.2629705877865062
SB86226_component_1447a,147.337163,-49.978278,9.616999626159668,11.079492568969727,147.33559,-49.98003,42.6,0.9360341252064966,0.22575116493332553
SB86226_component_1457a,134.173083,-49.92811,9.717000007629395,20.807279586791992,134.17343,-49.92766,40.0,1.0072421558111555,0.24292500019073487
SB86226_component_1458a,142.821404,-47.583496,8.595000267028809,39.79166793823242,142.82214,-47.58327,62.5,0.5702004547156356,0.13752000427246094
SB86226_component_1486a,144.917659,-49.068036,8.763999938964844,40.76279067993164,144.91795,-49.06806,24.8,1.4652521495617612,0.3533870943130985
SB86226_component_1494a,143.066543,-48.15777,9.142999649047852,47.86910629272461,143.06645,-48.15759,25.7,1.4750857308294612,0.3557587412080876
SB86226_component_1508a,140.320578,-45.594762,8.869999885559082,12.370989799499512,140.31931,-45.59316,48.2,0.7630241049724149,0.18402489389126725
SB86226_component_1528a,141.756446,-51.417571,8.843000411987305,31.137325286865234,141.75497,-51.41944,36.1,1.0156735095519638,0.2449584601658533
SB86226_component_1538a,143.022591,-50.565118,8.48900032043457,37.72888946533203,143.02161,-50.56598,33.8,1.041361534591376,0.25115385563415893
SB86226_component_1572a,145.096697,-49.38669,7.784999847412109,34.599998474121094,145.09659,-49.38821,21.3,1.5154467724181482,0.3654929505827281
SB86226_component_1574a,145.030938,-50.088641,8.178000450134277,34.80000305175781,145.03056,-50.08808,23.9,1.4187664541934768,0.34217575105164344
SB86226_component_1591a,146.076632,-49.134052,7.452000141143799,25.090909957885742,146.07651,-49.13196,19.9,1.552678216931593,0.37447236890169844
SB86226_component_1639a,140.050975,-51.527738,7.876999855041504,34.09956741333008,140.05083,-51.52676,61.5,0.5310646622397038,0.12808129845595942
SB86226_component_1650a,146.790142,-50.601838,7.973999977111816,20.92913246154785,146.79083,-50.60233,40.4,0.818382901567632,0.19737623705722318
SB86226_component_1658a,146.071168,-49.518715,7.493000030517578,22.569278717041016,146.07127,-49.51805,18.0,1.7260163741222767,0.4162777794731988
SB86226_component_1715a,134.483874,-50.180238,7.413000106811523,20.14402198791504,134.4836,-50.18198,25.1,1.224565351273818,0.29533864967376583
SB86226_component_1724a,139.407644,-48.948079,7.763999938964844,38.81999969482422,139.4061,-48.94787,57.7,0.5579193091776657,0.13455805786767494
SB86226_component_1796a,136.175866,-49.552096,7.039999961853027,28.971193313598633,136.17531,-49.55083,29.8,0.9795307515327724,0.23624160945815528
SB86226_component_1798a,142.601803,-50.824369,6.533999919891357,30.110599517822266,142.60027,-50.82403,46.2,0.5864065753654306,0.14142856969461812
SB86226_component_1995a,140.222602,-45.807481,6.184999942779541,12.271824836730957,140.22128,-45.80802,27.8,0.922479207791397,0.22248201233019932
SB86226_component_2060a,145.06107,-47.920928,5.627999782562256,15.293478012084961,145.06081,-47.9203,23.9,0.976377703131137,0.2354811624503036
SB86226_component_2069a,140.87131,-49.561029,5.836999893188477,32.07143020629883,140.87038,-49.56128,33.6,0.7202978029752078,0.1737202349163237
SB86226_component_2141a,135.142265,-49.891054,5.9670000076293945,23.12790870666504,135.14169,-49.89231,44.2,0.5597517386090465,0.13500000017261074
SB86226_component_2513a,145.697024,-50.037307,4.739999771118164,19.426227569580078,145.69717,-50.03849,15.8,1.2438926908098777,0.29999998551380785
SB86226_component_2627a,144.639768,-49.572389,4.650000095367432,22.142858505249023,144.63985,-49.5727,28.3,0.6812840294689593,0.16431095743347815
