Component_ID,RA,DEC,ASKAP_flux,ASKAP_flux_SNR,RA_comp,DEC_comp,Comp_flux,Flux_Ratio_AlphaCorr,Flux_Ratio_NOAlphaCorr
SB85975_component_21a,194.649499,-66.081123,542.8309936523438,857.5529174804688,194.64919396384045,-66.08122193183955,268.8507265470404,1.2399539581371604,2.019079511609077
SB85975_component_59a,189.236566,-62.516632,227.06300354003906,340.9354248046875,189.2365990847473,-62.51645791843343,173.28184288673333,0.8047212275323361,1.3103681248846142
SB85975_component_66a,193.658376,-59.331639,201.41299438476562,374.37359619140625,193.65828347989716,-59.33159316647566,111.78915113526205,1.1064708200642315,1.8017221916379076
SB85975_component_72a,197.776483,-63.23657,194.96800231933594,288.4142150878906,197.77582980014392,-63.23663922678474,136.13352240486878,0.8795294733315845,1.432182161124797
SB85975_component_76a,188.459119,-61.771146,196.29800415039062,315.5916442871094,188.45926511266933,-61.770808309134736,124.3669799357924,0.9693105354354068,1.578377188637486
SB85975_component_80a,199.26568,-62.472157,172.82400512695312,216.3003692626953,199.26522146202473,-62.47205840783048,151.1472620497314,0.7021920664156546,1.1434147253695506
SB85975_component_87a,195.046834,-62.103926,170.85400390625,608.0213623046875,195.04670678157277,-62.10373419319433,82.24609637935704,1.2757395039525945,2.077350919102498
SB85975_component_92a,192.770255,-61.559959,160.4199981689453,598.5820922851562,192.77032864508226,-61.559773178065484,202.88116887731366,0.4855890737666547,0.7907091577629589
SB85975_component_93a,191.386036,-65.399073,161.58299255371094,517.8942260742188,191.3858727984953,-65.39905965327159,85.1308047014735,1.1656308844264456,1.89805550552859
SB85975_component_95a,198.936568,-62.875901,166.7830047607422,140.2716522216797,198.93591402158003,-62.875954779364456,81.78615724535545,1.2523454091241013,2.0392571356592697
SB85975_component_101a,192.491372,-61.090333,150.22900390625,625.9542236328125,192.4914182109233,-61.090120849635525,84.84801190408051,1.0873372200446725,1.770565986579412
SB85975_component_102a,194.32682,-59.545228,138.29400634765625,348.34759521484375,194.3267665445814,-59.54513804408168,114.46101138515549,0.7419897683123134,1.2082193287835274
SB85975_component_106a,190.300087,-65.827683,151.56199645996094,258.6382141113281,190.3001415233034,-65.8275668935768,74.83938189475698,1.2436903451105346,2.0251636587952486
SB85975_component_111a,193.267942,-61.937908,134.58900451660156,585.1695556640625,193.2679247058485,-61.93777062159191,70.20625840589389,1.1772966008125263,1.9170513793582635
SB85975_component_114a,191.412749,-59.483127,126.26399993896484,203.651611328125,191.41279504130682,-59.483048899311626,71.49754607986755,1.0845274392142845,1.7659906788677684
SB85975_component_121a,192.05799,-64.357916,120.33699798583984,454.1018981933594,192.05792844527792,-64.35795796600979,53.95446050545164,1.3696952704123015,2.230343828082218
SB85975_component_123a,192.419322,-62.756798,129.46099853515625,219.42543029785156,192.41926278961037,-62.75680621169366,78.26440210914492,1.015843527904365,1.6541492050832287
SB85975_component_127a,197.628607,-60.38402,119.62200164794922,509.02978515625,197.6287121101187,-60.38390018442387,62.439344798676224,1.1765350385053517,1.915811289078186
SB85975_component_128a,193.781854,-61.475025,124.58499908447266,532.41455078125,193.78188744459047,-61.47484308189999,65.87401416495094,1.1614586745005595,1.891261685867621
SB85975_component_131a,192.337886,-65.960518,117.0270004272461,324.1745300292969,192.33769673641683,-65.9605422019491,66.97996089386507,1.0729841862950142,1.7471942184720655
SB85975_component_137a,205.685273,-64.71476,111.51899719238281,219.52557373046875,205.68488117952847,-64.71489586533835,86.42480658362496,0.7924330431937137,1.2903586551215087
SB85975_component_138a,199.322841,-58.901852,111.4280014038086,160.55908203125,199.3228151691003,-58.90172159880675,56.02394275823833,1.2214418858762186,1.988935371518869
SB85975_component_145a,196.342532,-61.259769,110.93299865722656,373.51177978515625,196.342511186695,-61.25959506315281,61.07348266721866,1.1154759317388256,1.8163856687473647
SB85975_component_147a,194.046954,-64.901926,100.49099731445312,332.75164794921875,194.04669169386503,-64.90202163002482,57.36784397115238,1.0757485403813674,1.7516955555273328
SB85975_component_148a,193.05216,-65.255579,101.8270034790039,417.32379150390625,193.05193212973313,-65.25563317492444,54.51023671768128,1.1471944391124551,1.8680345126069626
SB85975_component_151a,193.834358,-58.816225,98.80000305175781,90.4761962890625,193.83430190848088,-58.81611597532749,55.031229704295356,1.1025540222460772,1.7953442723822355
SB85975_component_153a,202.387702,-60.82095,98.8489990234375,190.82818603515625,202.38721058070828,-60.82096871104219,55.47617877759537,1.0942533232621692,1.7818278259525455
SB85975_component_161a,197.667568,-61.087676,90.1989974975586,193.97633361816406,197.66759099376927,-61.08747026984676,58.031262971695405,0.9545349302632338,1.5543173261893837
SB85975_component_166a,191.886531,-66.673817,91.66300201416016,90.84539794921875,191.8863705203905,-66.67376266022072,42.12888863797904,1.3361838287761978,2.17577545901665
SB85975_component_171a,192.187374,-60.274486,84.71800231933594,305.8411560058594,192.18734042521345,-60.27431063840174,41.24218543931179,1.2614968580322903,2.0541589010601577
SB85975_component_173a,199.653447,-61.999874,81.7490005493164,180.46136474609375,199.65327495181094,-61.999780646192896,37.09853903347582,1.3532492094099497,2.20356387823117
SB85975_component_179a,199.628877,-64.166299,86.76899719238281,358.5495910644531,199.62836533497665,-64.16645623149637,46.79230791517262,1.1387863410534182,1.8543431828513757
SB85975_component_182a,189.22328,-61.071638,84.2040023803711,107.26624298095703,189.22337349530497,-61.07142761911953,51.108054664427804,1.0118019722993263,1.647568136436598
SB85975_component_185a,206.407828,-63.869374,80.92900085449219,79.26444244384766,206.4071526440696,-63.86943511518709,60.102821153780575,0.8269161202513913,1.3465091871049653
SB85975_component_186a,202.395185,-66.337068,84.93800354003906,111.32110595703125,202.3949633338593,-66.33716218741527,48.60551285545431,1.0731703276429299,1.7474973218085832
SB85975_component_187a,196.395631,-66.027305,81.62899780273438,260.7955322265625,196.3952206271033,-66.02741659911776,52.467854164397565,0.9554397357441331,1.5557906665472954
SB85975_component_190a,190.77074,-60.399479,77.49099731445312,200.75387573242188,190.7708064396693,-60.399286547588275,72.65859792096916,0.6549624088355959,1.0665082940182822
SB85975_component_195a,194.635222,-60.872313,80.84700012207031,322.099609375,194.6351204198209,-60.87213499836293,40.732502348097285,1.2189193067134205,1.984827728754722
SB85975_component_196a,189.770682,-61.16708,86.1510009765625,180.6100616455078,189.76985918688845,-61.1664289197383,10.797787736621572,4.899792396296323,7.978578860591452
SB85975_component_208a,204.77015,-66.229227,73.62100219726562,63.302669525146484,204.7699269424116,-66.22935650105283,51.35346087451454,0.8804083344378227,1.4336132549501044
SB85975_component_210a,202.849719,-60.990905,71.11199951171875,121.1447982788086,202.8492585310116,-60.99097612947661,45.05155904193701,0.9693602412846695,1.5784581271765297
SB85975_component_215a,198.396618,-61.500615,70.78099822998047,185.77688598632812,198.39641527105306,-61.50039990045273,38.86640885686685,1.1183929112857443,1.8211355335309043
SB85975_component_218a,198.827064,-65.975394,71.85900115966797,221.10462951660156,198.8266657880309,-65.97542135063158,32.084349805105944,1.3754349985980245,2.2396901167132968
SB85975_component_219a,192.49655,-62.783558,72.2979965209961,217.11109924316406,192.49650384654453,-62.783597423988766,30.118465620384324,1.4741631706907483,2.40045417426791
SB85975_component_221a,201.137379,-62.45856,64.52400207519531,142.12335205078125,201.13715188695596,-62.45863376292615,33.93198831530151,1.1677883144443146,1.901568557540097
SB85975_component_222a,190.323552,-61.745243,73.85299682617188,168.2300567626953,190.32321938780757,-61.74487402398019,102.18829180295214,0.443832520686368,0.7227148582597045
SB85975_component_227a,198.562486,-66.138527,70.47000122070312,210.3582000732422,198.56205182341773,-66.13863704208676,33.77246500868523,1.281426367415412,2.086611125441404
SB85975_component_230a,202.722855,-66.2714,70.81500244140625,99.18067932128906,202.72286934744844,-66.27144329427234,31.357293904068307,1.3868798404270322,2.2583263293717666
SB85975_component_233a,201.338356,-61.342098,65.03099822998047,26.673912048339844,201.3382899368368,-61.34190005641776,24.37607352267055,1.6383580025940732,2.6678208928726566
SB85975_component_237a,196.076416,-59.776477,62.5099983215332,256.1885070800781,196.07653490571872,-59.776355216770064,37.35302478161203,1.027722462192097,1.6734922723662617
SB85975_component_242a,190.27693,-61.405162,63.16299819946289,194.34768676757812,190.27690306449347,-61.40491067419144,30.84675080898223,1.2574926320398114,2.0476386181027055
SB85975_component_243a,203.286602,-62.5356,60.834999084472656,132.5381317138672,203.28621681383643,-62.53565815649414,37.68313825963761,0.9914220632175672,1.6143825035303123
SB85975_component_244a,195.018323,-62.495423,64.2020034790039,205.77565002441406,195.01811264051486,-62.49530153456425,38.00902937461495,1.0373228365444487,1.6891250456893392
SB85975_component_247a,190.090456,-63.66544,65.17500305175781,166.2627716064453,190.09053969787905,-63.66533577866533,37.72357443173046,1.0610121587629473,1.7276995627682914
SB85975_component_250a,190.434795,-64.404049,64.5009994506836,219.3911590576172,190.43486889249368,-64.40400829740624,40.70263023252818,0.973186569966509,1.5846887309787798
SB85975_component_251a,197.50709,-59.063117,63.71799850463867,131.6487579345703,197.5069325314337,-59.0630133245327,34.114638383511945,1.1470266032397263,1.867761216998109
SB85975_component_254a,194.453219,-64.657276,62.654998779296875,257.8395080566406,194.45299643769516,-64.6574580797499,35.32177749897472,1.089344670006818,1.7738348185086539
SB85975_component_258a,198.713203,-65.181803,60.87900161743164,285.81689453125,198.7124663347824,-65.181972498552,22.263250028841753,1.6793108553471203,2.734506486634417
SB85975_component_261a,201.811679,-58.793531,67.3479995727539,64.63339233398438,201.81098870451228,-58.793540397381335,38.76127893656441,1.0670351833191485,1.737507157154791
SB85975_component_263a,193.688447,-66.693452,62.4900016784668,75.1081771850586,193.68811775733099,-66.6932706044707,67.11717555592827,0.5717800544165389,0.9310582747391436
SB85975_component_267a,191.067137,-59.936717,64.00599670410156,154.2313232421875,191.06796598081058,-59.93702374293876,15.677646064108815,2.507217131307935,4.082627994175217
SB85975_component_268a,197.755889,-62.320516,61.00199890136719,76.34793090820312,197.7553434233712,-62.32040860067378,30.9217972054177,1.211522477167155,1.9727830984765413
SB85975_component_272a,195.640548,-65.645302,56.85599899291992,235.91700744628906,195.64006522267903,-65.64545825531219,35.80498943773471,0.9751802166316219,1.587935086303912
SB85975_component_274a,201.045769,-61.221348,57.32899856567383,61.7104377746582,201.04562188036897,-61.22119661614424,32.74732844039014,1.0751043456810825,1.7506465808357352
SB85975_component_280a,197.158169,-66.33607,59.53499984741211,126.40127563476562,197.15758996879953,-66.33604365015532,31.79775122411801,1.1498153099526467,1.8723022086623506
SB85975_component_284a,188.532083,-61.819455,58.32899856567383,45.784141540527344,188.53198817019683,-61.81907019414367,60.79475068659082,0.5892106333242065,0.9594413647055082
SB85975_component_285a,188.852567,-60.421016,57.8129997253418,37.91016387939453,188.8528790948229,-60.420992489579206,32.70152712310261,1.085699423723129,1.7678990803000976
SB85975_component_286a,189.620619,-60.978062,59.393001556396484,101.18058013916016,189.6204389670391,-60.977838681083576,34.64053802851453,1.0529379590090528,1.7145519364481825
SB85975_component_288a,200.516612,-66.175287,55.233001708984375,128.74826049804688,200.51623686768065,-66.17532755529471,32.77975149867257,1.0347730915239925,1.6849731673902733
SB85975_component_298a,188.461278,-65.48998,54.529998779296875,41.913909912109375,188.46128638032064,-65.49012010717519,31.0020687698424,1.0801820350894087,1.7589148383652877
SB85975_component_304a,198.441079,-63.535064,52.21500015258789,155.86566162109375,198.44034359427621,-63.53518105656377,25.044597968286435,1.2803637108962864,2.084880748283797
SB85975_component_306a,197.299203,-63.615381,55.0629997253418,173.7003173828125,197.2985090672552,-63.61549473976294,33.472484387341076,1.0102388294074631,1.6450227920986353
SB85975_component_307a,196.831466,-63.637369,50.33399963378906,163.4220733642578,196.83081374336675,-63.63746897392049,60.83064227237813,0.5081491191819976,0.8274448165188063
SB85975_component_312a,192.432566,-59.880878,47.45399856567383,158.7090301513672,192.43258369774475,-59.88078917658128,25.327681858648912,1.1506136128840159,1.8736021255521735
SB85975_component_314a,203.576372,-63.878096,49.018001556396484,166.1627197265625,203.5755045126772,-63.87812765349719,25.496631332435083,1.1806602296716135,1.9225285457235721
SB85975_component_316a,193.360003,-66.741523,51.27799987792969,53.86344528198242,193.35961898959167,-66.74148144931708,29.528768012787946,1.0664435858892278,1.7365438292489161
SB85975_component_320a,205.986952,-61.500522,42.07500076293945,32.29086685180664,205.98666999209945,-61.50076403924485,27.49231072096916,0.939864024415405,1.5304279509269354
SB85975_component_325a,199.198457,-60.325963,47.03099822998047,192.74998474121094,199.19851989256733,-60.325811348902945,31.609202490707506,0.9137403334343172,1.4878894285234394
SB85975_component_327a,190.353089,-65.918413,48.946998596191406,92.70265197753906,190.3531200038412,-65.91826638835613,26.383150243100996,1.1393352992624979,1.8552370791653545
SB85975_component_330a,197.73244,-61.826878,46.448001861572266,145.15000915527344,197.73195068008516,-61.82669690600539,32.73860992007382,0.8712823932753478,1.4187530250969047
SB85975_component_334a,193.607221,-64.875469,46.17599868774414,162.59153747558594,193.60687725808822,-64.87551367649125,26.753477687763382,1.0599568613127284,1.7259811687534108
SB85975_component_335a,194.826902,-66.765324,50.685001373291016,59.911346435546875,194.82654261378275,-66.76533690906557,27.91922372062901,1.1148803506086775,1.81541585398167
SB85975_component_336a,191.980754,-66.472319,49.72700119018555,77.45638275146484,191.9805017341971,-66.47232053751713,24.841505980588977,1.2293243564665493,2.001770795580669
SB85975_component_338a,190.118357,-61.539147,46.874000549316406,105.33483123779297,190.11846145194912,-61.53889591946278,30.58955921995035,0.9410461865721224,1.53235292513615
SB85975_component_341a,201.928343,-61.85676,43.555999755859375,72.59333038330078,201.92838708949623,-61.856833259766695,51.551314417996814,0.5188721739988731,0.8449057070144028
SB85975_component_343a,199.171632,-64.123737,44.375999450683594,186.4537811279297,199.17109296435459,-64.12386476342608,22.778760983502934,1.1963828733691921,1.9481305187240883
SB85975_component_345a,194.549261,-60.703299,44.944000244140625,196.2620086669922,194.54917242158334,-60.70308144742879,23.191533647507814,1.1901299714561349,1.9379486034538451
SB85975_component_348a,202.206925,-64.302434,46.108001708984375,185.9193572998047,202.20663925281048,-64.3025832434438,24.72605179520041,1.1451797591945942,1.864753907776511
SB85975_component_349a,199.816638,-63.081526,43.86800003051758,111.90816497802734,199.81597414133634,-63.08152019287689,24.324801528809775,1.1075176779690292,1.8034268431157088
SB85975_component_351a,191.234927,-63.228025,43.0260009765625,160.54476928710938,191.234935626542,-63.228001038075085,25.743909311444646,1.0263810457776639,1.6713079764243486
SB85975_component_352a,198.546003,-65.311051,42.70399856567383,207.30096435546875,198.54523518692375,-65.31120550417418,32.137081444373656,0.8160452587740522,1.328807615576123
SB85975_component_353a,197.272346,-63.503092,47.965999603271484,157.26556396484375,197.27169936638683,-63.50321106035796,27.38477672445488,1.0756635010681401,1.751557081728454
SB85975_component_354a,201.134835,-65.40037,42.72700119018555,173.68699645996094,201.13442317259006,-65.400431672604,28.826255267394533,0.9102618094503971,1.482225172636773
SB85975_component_362a,189.011456,-62.002499,45.92399978637695,54.73659133911133,189.01147545704703,-62.00222916820776,27.822602659634647,1.013664156878826,1.6506004254233204
SB85975_component_363a,194.249314,-59.239924,41.89899826049805,90.88719940185547,194.24916363076247,-59.23982673039017,24.744929957656865,1.0398472518062476,1.6932356782660105
SB85975_component_365a,196.347988,-61.215657,41.547000885009766,155.026123046875,196.34798733486926,-61.21542430990239,19.92454922101707,1.280569966766578,2.0852166051106753
SB85975_component_373a,203.001831,-65.39153,43.24700164794922,152.81626892089844,203.00144297645335,-65.39152653113685,26.015886797413433,1.0208678011115833,1.662330482320862
SB85975_component_375a,191.176457,-58.933051,41.43000030517578,35.16978073120117,191.17630610308797,-58.93293763785494,31.257321351946658,0.8139829652660895,1.325449479137648
SB85975_component_376a,203.279149,-61.261778,39.327999114990234,69.23943328857422,203.27908068228282,-61.26183491848762,24.535045950933227,0.9843898184938932,1.6029315450902726
SB85975_component_377a,199.538915,-65.713345,41.106998443603516,163.7729034423828,199.53846819869955,-65.71337745385955,25.19973302430035,1.0017790941247677,1.6312473788497535
SB85975_component_379a,194.68397,-64.386397,42.45800018310547,193.8721466064453,194.68375889318395,-64.3865650974045,21.39846674614144,1.2185097703548506,1.9841608600654284
SB85975_component_380a,199.291624,-63.014872,41.71099853515625,60.01582717895508,199.29103936130284,-63.01491966189261,26.793542867390173,0.9560323336672633,1.5567556236066782
SB85975_component_384a,204.50654,-60.082428,42.7239990234375,47.62987518310547,204.50621707769523,-60.08259012153326,25.66059851266,1.0224857218539005,1.6649650241929879
SB85975_component_385a,199.362837,-61.097463,42.11000061035156,129.17178344726562,199.36283304425564,-61.097318256328265,35.260065703362834,0.7334225654572389,1.1942689206712236
SB85975_component_387a,203.354113,-59.118614,43.854000091552734,42.086368560791016,203.35340388079908,-59.11862699213828,23.06773952818912,1.1674984474603254,1.9010965525236012
SB85975_component_390a,192.236295,-60.722502,42.165000915527344,174.95851135253906,192.2365104489731,-60.722271264528054,16.964454873464856,1.5263858898537288,2.485491059396209
SB85975_component_398a,199.592122,-66.385947,39.25,78.03180694580078,199.59178366025628,-66.38601752526847,21.603037209565514,1.115775920848511,1.816874156131188
SB85975_component_400a,197.56299,-63.943413,40.983001708984375,165.25404357910156,197.5624135069011,-63.943558678300256,24.172442053138223,1.0412029113492596,1.695443167011903
SB85975_component_402a,195.739709,-66.06412,41.4739990234375,135.09445190429688,195.7392997518365,-66.06425033628051,22.61402407307846,1.1262899279759946,1.833994643740185
SB85975_component_403a,190.824832,-60.201656,36.874000549316406,91.72636413574219,190.82481059209047,-60.20151456435198,25.205831875111205,0.8984033446630205,1.4629154368726314
SB85975_component_404a,192.776144,-61.45795,39.34400177001953,167.42127990722656,192.77622404145836,-61.457702793411016,22.659961592197636,1.0662805785260658,1.7362783961454995
SB85975_component_405a,205.84693,-65.381005,38.16299819946289,59.167442321777344,205.8462500055605,-65.38106590354764,26.49926693831803,0.8844244990289556,1.4401529781293334
SB85975_component_408a,190.289032,-61.949512,38.529998779296875,110.71839141845703,190.28899467280652,-61.94935085409877,37.905988664435675,0.6242280848883937,1.0164620456251723
SB85975_component_414a,191.493811,-61.513883,39.430999755859375,176.82061767578125,191.4936619471442,-61.51366105080994,14.523401500364308,1.6673300688251593,2.71499756822603
SB85975_component_415a,199.022744,-61.02799,37.632999420166016,102.54222869873047,199.02270133207358,-61.027883875827875,27.411701279147543,0.8431114372699614,1.3728808378921724
SB85975_component_419a,201.974454,-64.433059,37.91699981689453,170.7972869873047,201.97425265459762,-64.43318708050646,20.991332444533864,1.109292552311993,1.8063169604446956
SB85975_component_427a,189.101085,-61.627424,35.8380012512207,47.720375061035156,189.10111006014037,-61.62706716302677,22.880564905645727,0.9618983395074607,1.5663075365056986
SB85975_component_432a,190.458337,-59.3116,38.35300064086914,35.47918701171875,190.45746601507847,-59.31118127341014,7.0946332632794675,3.3198734896150612,5.4059172923535455
SB85975_component_436a,197.381929,-60.375634,36.43899917602539,173.51904296875,197.38204444993718,-60.37550329586557,19.730037320840584,1.1342026846342474,1.8468793841325046
SB85975_component_443a,189.166956,-64.437273,36.96799850463867,60.70278549194336,189.16710018247977,-64.43728525141651,43.994045035328675,0.5160409669305475,0.8402955098798518
SB85975_component_447a,197.88159,-59.415552,33.880001068115234,104.56790161132812,197.8814086905607,-59.41540821682749,20.45284640835265,1.0172830205668846,1.6564932035219866
SB85975_component_448a,196.220372,-66.52485,36.154998779296875,64.91023254394531,196.21977452762616,-66.52481748401954,25.83278275675848,0.8595067603033489,1.3995781685516577
SB85975_component_450a,202.062518,-61.650033,31.482999801635742,50.779029846191406,202.06244074826236,-61.65013184968454,27.59915454013117,0.700539238222562,1.1407233419363327
SB85975_component_452a,205.592026,-65.731473,33.180999755859375,40.91368865966797,205.59156303017383,-65.73137249948373,33.023497698725215,0.6170474116506973,1.0047693935564022
SB85975_component_454a,192.452584,-62.004263,34.755001068115234,176.42132568359375,192.45237451883727,-62.004149207402136,21.35385457516517,0.9995238532970193,1.6275750565678098
SB85975_component_455a,202.060915,-63.848598,34.650001525878906,142.00819396972656,202.06071852928213,-63.84866497711063,24.22641427505733,0.8783472705093904,1.4302571206979375
SB85975_component_459a,198.439578,-60.180639,34.992000579833984,149.53846740722656,198.4395331798369,-60.18042509402528,13.51499624514853,1.590028764206071,2.5891239586836763
SB85975_component_461a,193.687517,-61.722894,36.95899963378906,164.26222229003906,193.68754021665214,-61.72272994457051,20.135512346815283,1.1272225298149368,1.8355132463085626
SB85975_component_463a,194.201855,-59.997274,33.665000915527344,136.84959411621094,194.20184529762813,-59.997181979752575,17.568788938612677,1.176762831382351,1.916182215698341
SB85975_component_464a,199.769453,-59.67666,34.84600067138672,112.0450210571289,199.7693069014019,-59.676656060705525,19.894232756637805,1.0756670942685749,1.751562932717784
SB85975_component_465a,194.547056,-62.625093,33.92900085449219,148.1615753173828,194.5470200200193,-62.62499647190923,25.627616656107893,0.813045759401149,1.3239233796017393
SB85975_component_473a,195.220669,-64.56051,33.58300018310547,135.96356201171875,195.22034850064688,-64.56068529685298,18.68466416875181,1.1037896890889936,1.7973563709681015
SB85975_component_476a,194.708734,-63.585239,32.676998138427734,112.67930603027344,194.7082869627865,-63.585313227683535,26.48790659922943,0.7576116676816477,1.2336572547178324
SB85975_component_482a,190.246248,-61.598477,31.937000274658203,81.68030548095703,190.24624940869808,-61.59826900798422,17.84030929028227,1.0993699963300452,1.7901595625393383
SB85975_component_483a,192.36434,-62.932802,33.49599838256836,111.28238677978516,192.36429970316934,-62.932816551315206,14.36072351386454,1.4324146150263386,2.3324728973599202
SB85975_component_487a,196.213576,-64.750107,34.39799880981445,172.85426330566406,196.21318878092757,-64.75025910916487,11.714548449624921,1.8032658645718547,2.9363486742773954
SB85975_component_499a,193.819758,-64.207528,30.750999450683594,121.54545593261719,193.81953665766298,-64.20762754878712,16.965509058740317,1.113126385938654,1.8125597849267745
SB85975_component_500a,193.447566,-65.308004,32.2869987487793,142.86282348632812,193.44720363391704,-65.30807385153255,14.95658141666458,1.3257067723721454,2.1587151401325717
SB85975_component_501a,197.648902,-66.019726,32.2239990234375,115.49819946289062,197.6482997313347,-66.01982689832583,19.226176292728994,1.0292921317953085,1.6760482444771954
SB85975_component_504a,201.517641,-63.775398,30.87299919128418,117.83587646484375,201.5173034948887,-63.775486108342136,17.199335745992826,1.1023494368876199,1.7950111357339542
SB85975_component_513a,190.357118,-66.057627,31.652000427246094,56.220245361328125,190.3573333273164,-66.05742303206675,14.924191683202686,1.302454264201045,2.1208519093781613
SB85975_component_514a,198.311732,-64.461898,30.1560001373291,147.10244750976562,198.31134539942974,-64.46205462177406,17.030070667120786,1.0874503163584837,1.770750147006141
SB85975_component_517a,190.973356,-65.177926,31.400999069213867,95.44376373291016,190.973200645122,-65.1778860028832,20.108182523281705,0.9590092248765355,1.5616030455689909
SB85975_component_522a,193.565226,-61.850836,31.80299949645996,138.8777313232422,193.56530827146227,-61.85065255065535,15.589110163828058,1.2528494702381374,2.040077923771014
SB85975_component_524a,195.424127,-65.497525,29.47800064086914,129.2894744873047,195.42366041132362,-65.49770010688518,20.348863211754693,0.8896312070945297,1.4486313232397632
SB85975_component_525a,191.716246,-63.843718,30.575000762939453,120.84980773925781,191.71610293392655,-63.843774137900816,19.66090742399861,0.9550256933634947,1.555116460475208
SB85975_component_526a,189.967159,-63.133642,29.677000045776367,69.33878326416016,189.9669485282042,-63.13364207836584,15.276409576911067,1.1930285617340894,1.9426685240640909
SB85975_component_527a,201.649412,-66.36202,29.66200065612793,44.53753662109375,201.64893089076676,-66.36212569368094,27.176504843671946,0.6702841902970448,1.091457522840165
SB85975_component_528a,190.964444,-59.694382,28.179000854492188,54.92982482910156,190.96448545350395,-59.69431394208818,18.318880696597912,0.9446671064382259,1.5382490514131382
SB85975_component_530a,196.353593,-60.292308,30.242000579833984,143.3270263671875,196.35376674726015,-60.29211990730068,15.723460154815728,1.181175772331175,1.9233680298144533
SB85975_component_533a,196.554364,-62.308518,27.874000549316406,66.05213165283203,196.55395857795136,-62.308292773854106,15.561622198932621,1.1000098505584701,1.7912014694218894
SB85975_component_534a,197.16867,-65.404593,31.916000366210938,149.8403778076172,197.16801724805865,-65.40480181401617,19.135333269305956,1.0242938574488702,1.6679093024946587
SB85975_component_535a,194.08966,-63.326801,32.676998138427734,119.25912475585938,194.08950205758603,-63.32684371771765,30.334499009939773,0.6615420642174559,1.0772222784269616
SB85975_component_536a,195.769526,-62.523416,32.720001220703125,102.25000762939453,195.76923347175546,-62.5232312601922,21.722438435260344,0.9250322489203361,1.5062766235116263
SB85975_component_538a,204.76203,-60.613013,30.610000610351562,33.63736343383789,204.76135920348736,-60.61321955245076,33.267534303331296,0.5650603866526916,0.9201163011136171
SB85975_component_540a,192.27439,-61.9503,31.007999420166016,153.50494384765625,192.27415846144842,-61.95025565338358,16.179766923802195,1.1769381038650764,1.9164676207139846
SB85975_component_541a,198.755436,-60.001723,30.29599952697754,123.15446472167969,198.75552498111523,-60.00158598242294,15.869223807012073,1.172416002665235,1.9091040554605299
SB85975_component_543a,201.26181,-61.465104,26.757999420166016,16.956907272338867,201.26203528530348,-61.46495271756037,16.68534704008316,0.9848510072055765,1.6036825219089155
SB85975_component_547a,193.56083,-61.357843,28.104000091552734,118.582275390625,193.56082635355597,-61.35764630845362,10.136112167475964,1.7027420754826255,2.772660723085805
SB85975_component_549a,203.256649,-60.997624,27.292999267578125,56.74220275878906,203.25627081999443,-60.99769644726463,16.275482049127667,1.0298394885405742,1.6769395330469474
SB85975_component_550a,194.791022,-63.066411,28.211999893188477,109.34883880615234,194.79077179461,-63.066445594190085,14.199609893458328,1.2201398115141702,1.9868151382233092
SB85975_component_555a,201.373106,-61.660913,27.0,36.096256256103516,201.37290312435414,-61.66108210722225,15.033214035303079,1.1029709160939922,1.7960231216421754
SB85975_component_569a,191.106826,-65.722748,27.986000061035156,86.11077117919922,191.10671087876983,-65.7229087876389,10.37979552270728,1.655785861794315,2.6961995542023733
SB85975_component_571a,191.28623,-66.420835,27.80299949645996,39.4368782043457,191.28606896371133,-66.4207755847993,21.27718630527947,0.8024714550486517,1.3067047069828612
SB85975_component_577a,204.031649,-62.667097,24.47800064086914,50.15983581542969,204.03119030855993,-62.66718103875636,23.59777294730894,0.6370258574832046,1.0373013036241023
SB85975_component_578a,202.311031,-61.750055,27.87700080871582,50.593467712402344,202.31083776300366,-61.75020106806327,14.935921555395048,1.1462151940621765,1.8664399585472038
SB85975_component_581a,194.109121,-62.042688,26.91200065612793,116.00000762939453,194.10899274040034,-62.04256993972776,18.297596630403298,0.9032418940305575,1.4707942906234435
SB85975_component_584a,192.457798,-64.205552,28.75200080871582,110.58462524414062,192.45769213527979,-64.20557534457144,14.40954792610064,1.2253773642936558,1.995343709335674
SB85975_component_589a,204.30164,-59.503475,25.040000915527344,22.19858169555664,204.30118380269516,-59.503498863422955,29.08044091382876,0.5287927484827579,0.8610598783466159
SB85975_component_592a,193.55101,-62.68449,25.23200035095215,107.3702163696289,193.5510008036075,-62.684629265203746,10.09969126735952,1.5342485489223203,2.4982942233588536
SB85975_component_593a,194.002224,-62.01244,27.672000885009766,112.94693756103516,194.00241457235535,-62.01248656070081,9.621181376030234,1.7662993063705674,2.8761541648045954
SB85975_component_595a,193.469012,-60.282124,27.972000122070312,115.11111450195312,193.4689065419845,-60.282003093440835,13.817620271955956,1.2432040189303935,2.024371749370033
SB85975_component_599a,191.59966,-59.656097,25.78499984741211,61.392860412597656,191.59972142438411,-59.65608703287607,15.481289822777107,1.0228504239882326,1.6655588870557476
SB85975_component_600a,197.322523,-59.016176,25.89699935913086,48.862266540527344,197.32236141474252,-59.01598208587515,15.060337833290625,1.056007175966301,1.7195496970782405
SB85975_component_607a,204.692553,-63.406552,24.19499969482422,61.40863037109375,204.6915961042654,-63.406587002955334,32.83780074142651,0.4524844877462452,0.7368032921979768
SB85975_component_613a,189.745538,-62.509549,24.52899932861328,56.64896011352539,189.74564948120607,-62.50935812879877,22.14155036741511,0.6803367664414757,1.1078266391278404
SB85975_component_614a,202.060019,-59.49889,26.18000030517578,57.16157150268555,202.0595594193972,-59.49903856788536,15.07853974935378,1.0662584833107933,1.7362424173930884
SB85975_component_616a,201.209588,-61.678205,25.209999084472656,34.29931640625,201.20954662880163,-61.677949562505034,12.5039724646033,1.2381605391332577,2.016159197074213
SB85975_component_618a,195.500134,-59.343648,24.233999252319336,69.23999786376953,195.50023731008991,-59.34352383886047,13.381593723623274,1.112165419302792,1.8109949945302632
SB85975_component_620a,203.966452,-61.250046,23.827999114990234,41.58464050292969,203.96632185528517,-61.250106518865444,14.163786819158432,1.0331427471189345,1.6823183954420757
SB85975_component_625a,190.698678,-64.370364,24.40399932861328,75.32098388671875,190.69856745728148,-64.37028822370621,10.940855638509957,1.3698147997973962,2.2305384638030814
SB85975_component_628a,196.565294,-62.785682,24.086000442504883,32.99452209472656,196.56514114958748,-62.7857800557048,11.544697723800885,1.2812511293390274,2.0863257764513388
SB85975_component_629a,197.320262,-64.562651,24.888999938964844,122.60591125488281,197.31979000654746,-64.5626952775755,15.084735706317582,1.0132622865563221,1.6499460397268462
SB85975_component_631a,199.373492,-63.362825,22.56399917602539,71.1798095703125,199.37272024984176,-63.36292260076757,12.372709464371855,1.119962284274452,1.8236910226494947
SB85975_component_636a,205.2108,-61.52235,23.68899917602539,22.28504180908203,205.21049326164692,-61.52245694013164,16.157807252201266,0.9003604865019607,1.4661023495498196
SB85975_component_637a,201.375641,-62.403938,22.57200050354004,49.5,201.37545496748214,-62.404068115852056,10.041136322755172,1.380509264248562,2.2479527991655175
SB85975_component_641a,203.982981,-61.505771,22.329999923706055,42.45246887207031,203.98277872556358,-61.505828299373306,12.678075098032782,1.0816519536880866,1.761308380889062
SB85975_component_644a,192.537006,-62.576075,23.638999938964844,90.57087707519531,192.53689781863153,-62.576069959371935,10.117565771423012,1.4348457003343016,2.3364315560698423
SB85975_component_654a,195.788497,-59.800253,25.18000030517578,105.35565185546875,195.7886166499583,-59.80009122921824,11.721608306155458,1.3192304401131314,2.148169401971299
SB85975_component_655a,189.344415,-62.573557,24.65999984741211,41.51515197753906,189.34459561633616,-62.57342236651393,13.007109378498386,1.16429870576254,1.8958862518813537
SB85975_component_657a,202.600972,-66.332098,22.045000076293945,26.884145736694336,202.60106104966545,-66.33210777419211,12.237686957563742,1.106274501406533,1.8014025160750333
SB85975_component_663a,193.196194,-59.940111,22.99799919128418,83.0252685546875,193.1961297901192,-59.94001010038375,15.18144560447303,0.9303129447811843,1.5148754466773635
SB85975_component_665a,200.785163,-63.824664,23.79400062561035,97.51639556884766,200.78476629328674,-63.82483516457495,10.570103567998736,1.3824211305706562,2.251065987437182
SB85975_component_667a,189.24508,-63.312665,24.312000274658203,41.55897521972656,189.24539311014863,-63.312689073646276,13.736806046955135,1.0868936788964398,1.7698437461776013
SB85975_component_672a,201.144964,-60.088453,23.843000411987305,76.41986846923828,201.14457697653597,-60.088340390610206,8.839131276349104,1.6565458458828157,2.6974370745894576
SB85975_component_673a,194.892238,-58.747917,21.375999450683594,20.03373908996582,194.8922274238143,-58.74770979719943,20.886395949219438,0.6285141509952876,1.0234412630429164
SB85975_component_675a,195.182622,-59.911288,24.343000411987305,101.00830078125,195.18242404787077,-59.91119803054384,20.890196597191586,0.7156220549222058,1.1652834523950772
SB85975_component_687a,200.890178,-63.184132,21.604999542236328,72.25752258300781,200.8894720915516,-63.18412459525529,12.769626205972937,1.039030303796417,1.6919054006553993
SB85975_component_691a,190.296233,-60.733876,21.80299949645996,56.631168365478516,190.29608899370666,-60.73365796048933,19.621136770936552,0.6824081690733831,1.1111996084118456
SB85975_component_694a,191.573985,-65.652524,22.31100082397461,74.86912536621094,191.57375142942809,-65.65257160188376,14.844552933718742,0.923005028342553,1.502975598092696
SB85975_component_704a,196.000182,-63.516866,22.073999404907227,74.5743179321289,195.99967359488116,-63.516931837902376,11.404252744489295,1.1886837624080355,1.9355936683860073
SB85975_component_705a,199.193882,-62.536937,20.895999908447266,21.21421241760254,199.1932022555881,-62.53699100215759,4.802554635719063,2.6720401580179347,4.351017634038558
SB85975_component_706a,196.647793,-64.048741,22.01300048828125,84.01908874511719,196.6473195597414,-64.04884526917722,17.62868677337586,0.7668517612282867,1.2487033646503325
SB85975_component_708a,200.788407,-64.943607,21.81800079345703,104.89423370361328,200.7879173116068,-64.9436379232065,9.101812755461259,1.4721063761776871,2.397104992119929
SB85975_component_713a,199.192598,-59.008866,21.322999954223633,37.9412841796875,199.192667523611,-59.00869485170674,11.073106977507274,1.1825811378806488,1.9256564573553652
SB85975_component_715a,205.685516,-64.578554,21.4060001373291,40.92925262451172,205.68525291561966,-64.57862041336865,13.884013418500508,0.9468313661173507,1.5417732245062161
SB85975_component_718a,192.28172,-62.114897,21.39900016784668,98.16055297851562,192.28139328481674,-62.114736632499415,12.628667084466459,1.0406102634586325,1.6944781285879271
SB85975_component_719a,200.222195,-61.035869,21.040000915527344,57.643836975097656,200.22205528762584,-61.03573880132705,9.912814603332077,1.303469603585001,2.1225052376602496
SB85975_component_722a,202.336447,-64.09265,21.871000289916992,84.77132415771484,202.33619997809308,-64.09279392662188,14.478385486614599,0.9276852431196646,1.5105966276514005
SB85975_component_723a,200.497842,-63.891453,20.611000061035156,92.42601013183594,200.49731008629877,-63.89156830130532,14.519702946730753,0.8717530401765642,1.4195194031621643
SB85975_component_724a,192.073001,-60.011558,21.989999771118164,72.8145751953125,192.07249460099553,-60.011494602201125,10.69933577543541,1.262177822924955,2.0552677505088655
SB85975_component_726a,190.838885,-62.627398,20.650999069213867,74.01791381835938,190.83868677141047,-62.627261576473444,11.583809534455835,1.0948176657272828,1.7827467732258406
SB85975_component_728a,192.673003,-59.262014,22.209999084472656,38.55902862548828,192.67377388791826,-59.26250651692115,6.469165922173137,2.108396991945754,3.4332090646102675
SB85975_component_729a,198.966758,-63.062184,20.8799991607666,32.123077392578125,198.96622051415224,-63.06228397449374,10.15507177486252,1.2626983617454202,2.056115370100304
SB85975_component_735a,190.528162,-59.480523,21.232999801635742,26.084766387939453,190.52804499350412,-59.480479161939364,15.57768276295212,0.8370678036349585,1.3630396847041637
SB85975_component_741a,190.515034,-64.129492,20.71299934387207,72.93309020996094,190.51521174719682,-64.12944202007753,12.051939916915984,1.0554512314475413,1.7186444246041677
SB85975_component_742a,192.731259,-60.255892,19.395000457763672,82.18220520019531,192.7313286129803,-60.25574400060915,10.456360574635639,1.1390987641368113,1.854851917101138
SB85975_component_746a,190.935309,-59.890751,20.270000457763672,44.9445686340332,190.93539236548975,-59.890592990931054,11.277147215445783,1.1038413176978286,1.7974404404334454
SB85975_component_747a,194.548154,-64.989137,20.6200008392334,91.23894500732422,194.54772560928163,-64.98926265386818,13.89440615872664,0.9113827957431523,1.4840505311040315
SB85975_component_750a,200.053406,-60.092657,20.639999389648438,77.88679504394531,200.05348581220778,-60.09246003347678,8.842695303299285,1.4334322029582416,2.3341298870659353
SB85975_component_752a,192.485472,-59.21089,18.941999435424805,30.65048599243164,192.48562473098093,-59.210726923205335,32.4897699923013,0.35803981160630965,0.5830142669496663
SB85975_component_753a,201.94841,-62.144494,18.729999542236328,47.53807067871094,201.94844344101045,-62.144590875959324,19.09529391722207,0.6023703082832577,0.9808699265604767
SB85975_component_754a,192.277047,-63.745599,19.69499969482422,46.56028366088867,192.27653629024704,-63.74576840712884,12.482766520960999,0.9689408554448617,1.5777752200806188
SB85975_component_756a,193.60525,-62.904612,19.597000122070312,91.57476806640625,193.60513571350504,-62.904591507497,14.6762695841287,0.8200230349746904,1.3352848290047097
SB85975_component_763a,194.595869,-60.854441,19.972000122070312,85.71674346923828,194.5958159164751,-60.854289080133576,10.655390589875383,1.1510768598956633,1.874356454004366
SB85975_component_764a,193.620748,-60.925656,20.097999572753906,81.04032135009766,193.62072516824455,-60.92548954876148,15.515430646635382,0.7955017432800965,1.2953555741046918
SB85975_component_766a,191.699813,-61.85811,19.19499969482422,71.62313079833984,191.69961285737077,-61.857945923146744,13.058893208858462,0.9026801171465234,1.4698795210150999
SB85975_component_769a,205.727631,-65.786339,20.12700080871582,22.38821029663086,205.727359743197,-65.7863078778129,12.055805638811965,1.025262242210429,1.6694861721990426
SB85975_component_771a,199.325973,-62.98897,19.427000045776367,36.380149841308594,199.3251873039098,-62.98905956416097,15.175715575221062,0.7861559401165517,1.2801373318762517
SB85975_component_776a,204.741129,-60.927374,20.996000289916992,23.968036651611328,204.7406554216007,-60.92742704370639,15.178160123651015,0.8495121161493565,1.3833033858432198
SB85975_component_777a,198.497133,-60.39229,19.591999053955078,75.35384368896484,198.49732603247128,-60.392108107152104,9.14179308757114,1.31613215953193,2.143124315577835
SB85975_component_779a,196.827223,-61.418565,20.400999069213867,69.15592956542969,196.82727447821023,-61.418298532615665,29.66152680745392,0.4223865408645409,0.6877932886478086
SB85975_component_784a,202.226198,-65.667835,20.32699966430664,64.32594299316406,202.22600983581185,-65.66787323051165,9.854847278777417,1.2667050998148206,2.0626397435991914
SB85975_component_786a,192.741199,-60.002805,19.87700080871582,73.34687042236328,192.74117995989738,-60.00275560220575,10.20883507485802,1.195712598118369,1.947039075757844
SB85975_component_791a,196.252842,-61.45876,18.78499984741211,77.94606018066406,196.2527817520677,-61.45856042844733,10.094341410428601,1.1428397669732233,1.8609435805296888
SB85975_component_792a,194.923494,-62.137162,19.368000030517578,83.48275756835938,194.92340445604117,-62.136980818423886,11.678520255992616,1.0184720056119234,1.6584292877840623
SB85975_component_795a,192.904616,-60.197967,18.131000518798828,76.50211334228516,192.90457414086185,-60.19784047707754,15.858786181187154,0.7021080687483335,1.143277947735189
SB85975_component_798a,203.845405,-66.231591,17.698999404907227,20.628204345703125,203.84511474963745,-66.23158549974792,8.922022156694398,1.218253182710104,1.9837430454739748
SB85975_component_802a,202.614051,-62.362511,17.724000930786133,41.02777862548828,202.6138006642675,-62.36255520868568,10.926759494154515,0.9961449039373882,1.622072943059462
SB85975_component_803a,201.874318,-60.406869,19.128999710083008,51.147056579589844,201.87380534716607,-60.406964858703894,9.182113016736155,1.279386500966911,2.083289508113955
SB85975_component_804a,193.162724,-60.076256,18.2189998626709,76.8734130859375,193.16266506126274,-60.076131663703464,10.243702685640063,1.0922440939010563,1.7785560965383007
SB85975_component_808a,192.591683,-61.429284,18.95800018310547,82.78602600097656,192.59187105415654,-61.429111440293795,13.358011657509024,0.8715711424627867,1.4192232099489512
SB85975_component_812a,205.474187,-62.76634,17.773000717163086,22.16084861755371,205.47361465375621,-62.76634556727192,10.1201942996721,1.0785096743974938,1.7561916491799907
SB85975_component_813a,197.187463,-60.676133,17.56800079345703,74.1265869140625,197.18757337750245,-60.67599605488456,15.38858704156602,0.7010931670770112,1.1416253322026388
SB85975_component_814a,199.643735,-64.926707,18.113000869750977,86.25238800048828,199.64317060566574,-64.92673240684378,11.92842541841673,0.9325227288434902,1.5184737494175597
SB85975_component_817a,197.774795,-63.879671,19.131999969482422,78.08979797363281,197.7741359662505,-63.8798907763568,15.801686801141052,0.7435480848624152,1.210756814145999
SB85975_component_818a,191.432257,-59.739384,17.520000457763672,42.836185455322266,191.43233714066372,-59.73932737914644,20.2342650607363,0.5317393689507598,0.8658580089355685
SB85975_component_819a,192.500008,-60.371653,18.715999603271484,81.02164459228516,192.49998043296873,-60.37140821071949,10.160251655732754,1.1312554897718834,1.8420803182282686
SB85975_component_828a,198.306016,-61.397838,17.416000366210938,37.53448486328125,198.3058821187047,-61.397559077308976,8.480674439026107,1.261159951084435,2.053610298500143
SB85975_component_834a,195.909323,-59.212619,17.729000091552734,40.94457244873047,195.90919723232594,-59.21248340226044,13.293779884140793,0.8190075327219177,1.3336312355151199
SB85975_component_836a,191.774409,-59.871957,17.507999420166016,52.57657241821289,191.77428522590944,-59.87186130900293,9.641270603437334,1.1152041798585814,1.8159431614671215
SB85975_component_838a,202.514779,-63.8402,18.900999069213867,73.25968933105469,202.5143333174721,-63.840165041636006,11.693383248533582,0.9926512968546164,1.6163841266028942
SB85975_component_839a,204.246053,-60.674516,16.70199966430664,26.096874237060547,204.24530565745894,-60.67469934542936,16.112827490133576,0.6365739328109105,1.0365654119076142
SB85975_component_841a,201.800237,-62.201852,17.143999099731445,39.6851806640625,201.80034049582395,-62.20198015902468,13.398259306671237,0.7858070012298288,1.2795691371038875
SB85975_component_843a,189.641526,-64.42325,17.05900001525879,38.50790023803711,189.6418778740655,-64.42319006458608,11.199540381704791,0.9354175354825534,1.5231875089379403
SB85975_component_844a,197.514841,-62.204434,19.20400047302246,36.57905197143555,197.51425876660207,-62.20427707042412,8.05938243428193,1.463329342117896,2.3828129052835405
SB85975_component_845a,197.728865,-59.677569,16.915000915527344,64.80843353271484,197.72889727774717,-59.67739895543625,10.191497783425099,1.0192627404505188,1.6597168811670633
SB85975_component_850a,189.443979,-60.220477,17.805999755859375,18.64502716064453,189.44440867435432,-60.22033664612482,8.487634886872073,1.288343917105669,2.097875320179021
SB85975_component_853a,193.170571,-66.520969,18.47100067138672,28.373271942138672,193.17067826355307,-66.5208591697608,10.841532356587894,1.0462895583651066,1.7037260106651577
SB85975_component_854a,192.710961,-62.84077,17.121999740600586,54.878204345703125,192.71115244220422,-62.84087921559107,8.950822146448536,1.1747452450002998,1.91289687812579
SB85975_component_862a,204.117328,-62.993187,16.017000198364258,40.7557258605957,204.1167218612729,-62.993260838655445,9.909353260012578,0.9926313961341309,1.6163517212569256
SB85975_component_865a,196.20753,-66.58419,18.336000442504883,30.108373641967773,196.20713542913003,-66.58420896699717,10.211697115854882,1.102703678319032,1.7955879649070328
SB85975_component_866a,195.925796,-59.525213,16.510000228881836,58.1338005065918,195.92563040296443,-59.52513935247672,8.476627701962267,1.1961237330448222,1.9477085474757743
SB85975_component_867a,198.213563,-66.804608,17.51799964904785,19.31422233581543,198.2129496748918,-66.80450427560854,23.959064184068616,0.44902115201170134,0.731163768103109
SB85975_component_869a,194.390882,-64.161507,17.27400016784668,76.43363189697266,194.39073048098777,-64.16162932148603,10.55079805956291,1.0054483045380036,1.6372221390580093
SB85975_component_870a,204.94294,-62.902978,16.886999130249023,32.474998474121094,204.9421662825544,-62.90299056587641,10.226786053976717,1.014064193053965,1.6512518244852166
SB85975_component_873a,194.290358,-63.246931,16.909000396728516,73.51739501953125,194.29011542775666,-63.24698825470246,10.468884496630858,0.991904049961813,1.615167346833394
SB85975_component_877a,202.268137,-61.583939,16.013999938964844,19.625,202.2680256856297,-61.58424129318808,14.08569435459439,0.6981901210603432,1.1368981560885205
SB85975_component_884a,198.707867,-61.63691,16.385000228881836,51.203125,198.707652220055,-61.6367124613291,12.953918233640632,0.7767789316039058,1.264868276405425
SB85975_component_887a,206.222677,-64.873879,16.045000076293945,25.387657165527344,206.22239128242586,-64.87408633093003,12.63163466926793,0.7800677157466825,1.2702235693477222
SB85975_component_893a,194.210242,-63.462747,17.54800033569336,36.482330322265625,194.20974369231334,-63.462646168596414,17.585215179749444,0.6128188063526285,0.9978837424691317
SB85975_component_894a,205.774953,-65.204486,17.621000289916992,31.522361755371094,205.77446987082598,-65.20434557056227,10.297399490765656,1.0508848572454017,1.7112087673901437
SB85975_component_897a,195.700531,-59.674671,16.57699966430664,61.39629364013672,195.70052876758726,-59.674590046494835,10.627771757024448,0.957890458315394,1.5597813016025714
SB85975_component_900a,195.425619,-62.096639,16.854999542236328,74.9111099243164,195.42530763779362,-62.096553103245874,9.871092985347794,1.0486139706801438,1.7075109683654213
SB85975_component_901a,193.545973,-63.745218,16.95599937438965,41.05569076538086,193.54565485795322,-63.74536396697,8.280376099525723,1.2575505924409283,2.0477329979444825
SB85975_component_903a,204.093655,-66.035839,17.05900001525879,22.564815521240234,204.09353129290423,-66.0360780259916,9.075198396727464,1.1543820866956902,1.8797385213540128
SB85975_component_904a,191.224324,-60.458966,15.765000343322754,51.68852615356445,191.22424652174675,-60.45888762054908,9.268973373159398,1.044514534011971,1.7008356490670484
SB85975_component_908a,197.930851,-60.839731,16.972000122070312,68.16064453125,197.93105794734205,-60.83954538228738,8.549512071218523,1.2191126390558134,1.9851425415499029
SB85975_component_910a,199.083693,-61.60975,15.140000343322754,43.257144927978516,199.08360019404245,-61.60952468887452,10.148849160368506,0.9161386904330228,1.4917947940782104
SB85975_component_912a,200.63808,-59.128038,16.052000045776367,31.412918090820312,200.63735261773704,-59.12806096406144,10.116281486202514,0.9744518503542912,1.5867490507919848
SB85975_component_913a,203.120279,-60.270046,16.895999908447266,41.009708404541016,203.1200535054341,-60.27010858786244,13.695200974840294,0.7576482528647559,1.2337168282150235
SB85975_component_914a,194.462266,-59.015982,17.788999557495117,26.75037384033203,194.4620745557727,-59.01617642190274,9.99322116403995,1.0931963240384022,1.780106660854044
SB85975_component_916a,190.182482,-60.152489,16.632999420166016,28.191526412963867,190.18276334133301,-60.15226584554449,8.448500950631285,1.209046634610841,1.9687515592838007
SB85975_component_917a,197.271675,-59.127145,16.270000457763672,37.57505798339844,197.27171934359563,-59.12718285690427,14.389990164279912,0.6943512241221177,1.1306470867610796
SB85975_component_918a,191.576967,-64.921271,16.709999084472656,65.52941131591797,191.57666361317217,-64.92128887693703,8.26454075100243,1.2416804350900728,2.021890821029088
SB85975_component_924a,190.760041,-63.078246,15.590999603271484,55.6821403503418,190.7600945114753,-63.078143143208436,11.164278251692618,0.8576210772332352,1.3965076157885736
SB85975_component_926a,205.022648,-62.924825,15.369999885559082,29.109848022460938,205.02237638968157,-62.92464414650752,7.556461922456836,1.24912961064599,2.0340206889525128
SB85975_component_927a,205.996796,-61.784892,15.517999649047852,10.889824867248535,205.99619238493355,-61.78509619611161,9.326412975372818,1.0218172568562771,1.6638765289532471
SB85975_component_936a,205.92941,-62.990734,13.890999794006348,17.831836700439453,205.9283209099894,-62.99057818761276,13.059034051843431,0.6532427343021233,1.0637080613206207
SB85975_component_939a,189.33257,-63.792483,16.464000701904297,28.833627700805664,189.3328751883287,-63.79246812413675,6.103553442016363,1.6565508123828518,2.69744516179173
SB85975_component_940a,204.19329,-66.221349,16.398000717163086,16.975154876708984,204.19383449902216,-66.22134135742375,11.368650120991267,0.8857968622491831,1.442387666314538
SB85975_component_941a,188.840351,-61.487886,14.821000099182129,15.683598518371582,188.8402832097287,-61.48753560479756,14.16914478811273,0.6423711228363214,1.0460052685477725
SB85975_component_944a,196.093572,-62.816596,15.11400032043457,22.292036056518555,196.0930951741732,-62.81658135649752,12.603250626108148,0.736459708773973,1.1992144541762346
SB85975_component_946a,200.007955,-61.828889,14.5,37.8590087890625,200.00780487704148,-61.82890521021036,9.005920819341004,0.9887625647538738,1.6100519081691214
SB85975_component_950a,198.997406,-61.977824,15.204999923706055,38.88746643066406,198.99715222651497,-61.97771985867264,7.494992925417397,1.2458545208714784,2.0286876952401243
SB85975_component_951a,193.910401,-61.143355,16.077999114990234,67.55461883544922,193.9104609094596,-61.143180122324054,7.242765081339863,1.3632632854788955,2.219870302905905
SB85975_component_957a,203.316717,-62.740692,13.223999977111816,18.54698371887207,203.31633326027625,-62.74078783396335,8.450532200684496,0.9610166593135381,1.5648718522178602
SB85975_component_958a,195.376589,-60.165108,14.75,70.23809814453125,195.37642431617374,-60.16503089259822,9.976392590052917,0.9079681754018604,1.4784903327387764
SB85975_component_959a,205.602717,-66.109039,15.944999694824219,11.88152027130127,205.6020873494029,-66.10905702523827,9.403538958764468,1.0413226730236256,1.6956381809810925
SB85975_component_964a,191.298491,-65.640876,15.006999969482422,45.892967224121094,191.2983810880975,-65.64096948295699,8.209611692891569,1.1225957745573292,1.8279792675793043
SB85975_component_966a,192.385352,-61.941676,15.032999992370605,77.89118957519531,192.38515006230614,-61.94156136033764,7.92878814540773,1.1643699290940073,1.8960022284209421
SB85975_component_972a,190.497647,-59.963411,14.305999755859375,28.272727966308594,190.4978321902543,-59.96305982380782,8.569711314357074,1.0251895213158266,1.6693677571019387
SB85975_component_973a,195.316782,-61.130715,14.538000106811523,64.04405212402344,195.31685209436816,-61.13054440385876,4.77669194367337,1.8690872341911415,3.043528927182923
SB85975_component_974a,205.783022,-61.968727,16.04199981689453,11.75238037109375,205.78377671359416,-61.96890019372712,11.262570013444897,0.8747282259930432,1.4243640481474569
SB85975_component_976a,198.645955,-65.237562,13.83899974822998,64.97183227539062,198.6451480545154,-65.23767936707891,6.627384943797851,1.2823738165952832,2.088153904683177
SB85975_component_978a,201.947028,-60.937722,13.890999794006348,21.63707160949707,201.94653622793692,-60.93786082388371,9.486844253489796,0.8992156805180669,1.4642382042792002
SB85975_component_979a,201.62337,-61.061272,12.25,11.700095176696777,201.6228834413749,-61.06138380890148,6.990096855259137,1.0762298484622959,1.7524792937287375
SB85975_component_989a,206.100412,-62.242807,15.35200023651123,10.72816276550293,206.1005650750458,-62.242808301513804,12.311382752187576,0.7657910254643395,1.2469761151551702
SB85975_component_990a,193.801131,-59.413385,12.758999824523926,29.810747146606445,193.80122844013488,-59.41328448147779,10.716231745388427,0.7311839873559454,1.1906237311464054
SB85975_component_991a,200.591378,-65.109852,15.41100025177002,74.44927215576172,200.59097977079634,-65.1099154874087,8.110762311108655,1.1668668192875558,1.900068040541987
SB85975_component_994a,194.892131,-66.272401,14.331999778747559,33.96208572387695,194.89157983960789,-66.2724563559679,8.17094992032969,1.0771752879986694,1.754018800566737
SB85975_component_1000a,203.441994,-63.534596,14.385000228881836,51.559139251708984,203.44135927587374,-63.53474565778034,11.040086908841252,0.8001833645248355,1.3029788938855067
SB85975_component_1004a,203.242875,-64.944023,13.972000122070312,59.20338821411133,203.24261752355005,-64.94402806448325,6.475604101729357,1.3250443930194034,2.157636554455049
SB85975_component_1006a,195.743572,-64.390267,14.60099983215332,64.8933334350586,195.74323653573038,-64.39047747273516,9.739324564378395,0.9206740331225449,1.4991799211165542
SB85975_component_1007a,204.539297,-62.071739,13.079999923706055,21.872909545898438,204.5395647980422,-62.07174763869535,3.735380028880267,2.150428892050334,3.501651725547981
SB85975_component_1008a,195.560874,-59.732869,13.894000053405762,51.84328079223633,195.56101864561484,-59.732652664954855,5.422159893877804,1.5736462577623809,2.5624474979230265
SB85975_component_1010a,200.799016,-61.4153,12.51200008392334,14.042649269104004,200.7990614370383,-61.41493052275604,8.662432098095929,0.8870314797100357,1.4443980561387115
SB85975_component_1013a,196.414913,-61.011974,13.128000259399414,58.86995315551758,196.41505878843975,-61.0118435884434,6.98140703107029,1.154802605297948,1.8804232729841015
SB85975_component_1015a,197.445994,-65.538291,13.87600040435791,64.84112548828125,197.44559102760113,-65.53842385901501,6.47229940221615,1.3166121002829712,2.1439058272870835
SB85975_component_1016a,196.691267,-62.839354,14.508999824523926,26.62201690673828,196.6908309979695,-62.83963763757176,8.05568734629654,1.1060811998354518,1.8010877533863303
SB85975_component_1018a,198.378087,-60.180961,12.932999610900879,54.800846099853516,198.37814052579975,-60.18072906808533,8.368088211564427,0.9491288013987607,1.5455142541432454
SB85975_component_1020a,193.224146,-60.198036,13.694999694824219,55.0,193.22413841646218,-60.19797844288402,10.136865454449353,0.829679734251703,1.3510093190408383
SB85975_component_1023a,193.281494,-61.070328,13.970000267028809,46.56666564941406,193.2816150486213,-61.070276275742835,7.389617254940797,1.160984995916694,1.8904903711607364
SB85975_component_1025a,193.075707,-61.246561,13.309000015258789,58.889381408691406,193.07585755320716,-61.246325335597305,8.098108630084162,1.0092853392102095,1.6434701759638497
SB85975_component_1028a,197.51881,-60.92665,13.994999885559082,45.291263580322266,197.51897718367493,-60.926434354106476,6.68841565926041,1.2849960174595751,2.092423766483828
SB85975_component_1030a,201.060497,-64.211048,13.491000175476074,55.0653076171875,201.0603344789923,-64.21112731009015,6.269986094139717,1.3213860199358847,2.151679441216867
SB85975_component_1031a,198.406554,-65.149377,13.597000122070312,64.44075775146484,198.40576207778471,-65.14950631004636,6.916873486551138,1.2072171781042447,1.9657725630673621
SB85975_component_1032a,204.135221,-61.752442,13.710000038146973,29.739696502685547,204.1352964866731,-61.75255771239528,4.720163261244107,1.7837441965092828,2.9045605584696217
SB85975_component_1033a,205.592894,-63.759359,12.904999732971191,23.463634490966797,205.59230590178086,-63.759379649537514,18.116412988799222,0.437459573140184,0.7123374666359132
SB85975_component_1034a,189.558347,-60.610383,13.74899959564209,22.465686798095703,189.5586301273549,-60.610255125959114,10.218832803882878,0.826269920767041,1.345456947922452
SB85975_component_1035a,194.770751,-65.309607,13.28499984741211,38.39595413208008,194.77055214516827,-65.30967767761778,9.615343950466272,0.8484941788965609,1.381645827320393
SB85975_component_1036a,191.822587,-63.848582,13.413999557495117,55.429752349853516,191.8224906005295,-63.848614287890136,7.331301654936113,1.1236455486886305,1.8296886676956698
SB85975_component_1045a,191.162443,-62.487638,13.380999565124512,51.66408920288086,191.16228860783608,-62.48750896500356,8.002954702886456,1.0268105808337216,1.672007410000501
SB85975_component_1046a,192.213104,-60.774843,13.677000045776367,58.6995735168457,192.2131266476561,-60.774623623611575,10.695481234515569,0.7853127630114707,1.2787643441081538
SB85975_component_1047a,191.490919,-63.465727,13.168000221252441,49.503761291503906,191.49073822387902,-63.465714162054304,9.288841447172372,0.8705834617001975,1.4176149195937593
SB85975_component_1048a,194.871757,-60.774425,13.951000213623047,63.1266975402832,194.87169359812472,-60.77424321359725,7.608449107268985,1.1260595102393782,1.833619442928848
SB85975_component_1049a,193.120481,-62.176301,13.13599967956543,65.02970123291016,193.12026811230604,-62.17620390980148,6.991011550990381,1.1539187942564362,1.8789841189297591
SB85975_component_1050a,195.256189,-62.638341,13.755000114440918,48.95018005371094,195.25581186107237,-62.6382992384173,7.46755702538401,1.1311864337588007,1.841967870842417
SB85975_component_1051a,195.408051,-61.865594,14.626999855041504,66.78995513916016,195.4079175921205,-61.86537235808236,8.266379556863177,1.0866559245505616,1.7694565987957098
SB85975_component_1052a,200.067351,-62.162955,13.621999740600586,29.357759475708008,200.06697493635235,-62.16285652366163,6.742070178306796,1.240794147377114,2.0204476340858286
SB85975_component_1053a,198.877,-63.645522,13.640999794006348,47.364585876464844,198.87658545239537,-63.645688656561425,12.637097617453863,0.66290454938161,1.0794408816757048
SB85975_component_1054a,197.61265,-61.147309,13.77299976348877,32.104896545410156,197.61258935892738,-61.147004424911785,5.018152104403883,1.6855314348462627,2.7446357696893475
SB85975_component_1055a,199.142546,-60.008101,13.559000015258789,55.569671630859375,199.14244857822652,-60.007961327803,7.996967272733274,1.0412487186046302,1.6955177572740616
SB85975_component_1060a,192.394377,-63.086413,12.47700023651123,45.87132263183594,192.39412567995248,-63.08636594473886,8.347543287670593,0.917917481364464,1.4946912889855735
SB85975_component_1063a,195.973874,-60.611622,13.432999610900879,64.58172607421875,195.97401232062276,-60.6114531405589,4.672694956116009,1.7654592973174534,2.874786335735154
SB85975_component_1064a,204.128274,-61.881855,13.595000267028809,25.699434280395508,204.12840398466395,-61.88203962143329,14.141645125046447,0.5903797097195472,0.9613450307100785
SB85975_component_1068a,197.077365,-62.757231,12.72700023651123,17.458162307739258,197.0770208156347,-62.75751902795273,8.076522218254546,0.9677290928903831,1.5758020460521585
SB85975_component_1069a,194.183224,-61.481305,13.043000221252441,55.26694869995117,194.18353113649042,-61.48109702973819,8.7580517209933,0.9145809128042702,1.489258186268528
SB85975_component_1079a,201.910842,-64.54051,12.857000350952148,58.44091033935547,201.91097574116392,-64.5407254593955,4.946565196255437,1.5962027536448948,2.5991773767957067
SB85975_component_1082a,189.70462,-61.892128,13.772000312805176,31.514873504638672,189.7046274539436,-61.89199792003646,10.525104593582423,0.8035681983508115,1.3084905893669232
SB85975_component_1083a,194.18494,-66.207974,13.430999755859375,35.06788635253906,194.18453114559517,-66.20804632111117,7.72527446688402,1.0676934057559415,1.738578973916606
SB85975_component_1087a,197.951198,-60.135192,12.895999908447266,54.644065856933594,197.95119230655064,-60.13494095468499,5.046432917385489,1.5693602717749944,2.5554684109679133
SB85975_component_1088a,196.74938,-60.433086,13.177000045776367,63.657005310058594,196.74938066958208,-60.433029955142146,9.235698401280455,0.8761913121081019,1.4267464649938637
SB85975_component_1090a,201.981016,-61.784954,13.529999732971191,20.624998092651367,201.9811855154909,-61.785207065485075,6.562739699827791,1.2660904892482776,2.061638942243317
SB85975_component_1093a,201.879336,-61.083343,13.093999862670898,11.516271591186523,201.87901816024876,-61.083181497638726,4.473538755899785,1.7975180715606613,2.9269892532846153
SB85975_component_1099a,192.484894,-65.901759,12.642000198364258,37.18235397338867,192.48477970023953,-65.90182366009894,10.920992499982425,0.7108955920664416,1.1575871147594508
SB85975_component_1102a,199.998055,-59.614616,13.196999549865723,42.02865982055664,199.9979739966243,-59.614449984534595,14.809557583485374,0.5472493502253474,0.8911136929966181
SB85975_component_1103a,199.250418,-66.866597,13.307999610900879,12.209173202514648,199.2496140048929,-66.86678243802992,6.558336167992657,1.2461526429216727,2.029173142396896
SB85975_component_1104a,190.999392,-63.008653,12.050999641418457,43.821815490722656,190.99935066357392,-63.00848055694823,8.692623773641957,0.8513817326496749,1.3863477766011076
SB85975_component_1105a,196.620509,-62.164008,12.161999702453613,40.13861083984375,196.61975764139106,-62.16380683734912,6.866150107334457,1.0877869194735965,1.7712982548199903
SB85975_component_1106a,199.726777,-62.824466,12.482000350952148,25.525564193725586,199.72646658216496,-62.82425607418815,6.996321255962614,1.0956367342540867,1.784080503781093
SB85975_component_1111a,200.800368,-61.640203,12.027999877929688,19.880990982055664,200.80010629442566,-61.64006935688356,6.792042940899122,1.087539724806755,1.7708957352877743
SB85975_component_1114a,196.275087,-64.793984,12.666000366210938,62.39409255981445,196.27464905935994,-64.79409635362589,7.696563152659642,1.0106360749027268,1.6456696469558683
SB85975_component_1115a,197.757653,-60.999623,11.803000450134277,32.160762786865234,197.7575987271206,-60.99951562799457,7.633950784718513,0.9495005165515741,1.5461195366573863
SB85975_component_1117a,201.72833,-58.703073,12.942000389099121,10.608197212219238,201.72720749930033,-58.703006679012546,11.822257735136397,0.672284537874487,1.0947147895985034
SB85975_component_1122a,195.27389,-62.883137,11.267999649047852,36.231510162353516,195.2734450235421,-62.8830270882624,7.230104118202925,0.9570935969102007,1.55848373202246
SB85975_component_1125a,206.138498,-65.577192,13.029000282287598,13.5155611038208,206.13823391248712,-65.57722453401635,8.662837701956528,0.9236406812632549,1.5040106637741764
SB85975_component_1128a,193.521969,-60.495242,13.29699993133545,57.31465530395508,193.5220614536439,-60.49515468658773,7.335947238131099,1.1131395275612157,1.8125811840930013
SB85975_component_1129a,198.470819,-61.370334,11.343999862670898,22.507936477661133,198.47068304177432,-61.37018998485639,6.850282343836314,1.0169740660919908,1.6559901173822276
SB85975_component_1132a,192.430267,-66.018447,12.607000350952148,35.41292190551758,192.43035191094253,-66.01851240944984,6.63913937396849,1.1661438239905533,1.8988907508679727
SB85975_component_1134a,204.304009,-63.224412,11.468999862670898,32.67521286010742,204.30335028639536,-63.22460660131841,11.88762412947265,0.5924921765079708,0.9647848668293719
SB85975_component_1139a,202.275685,-64.814949,12.373000144958496,57.018436431884766,202.27547288548502,-64.81498884218773,7.863930458100257,0.9662455151138124,1.5733862616007321
SB85975_component_1140a,204.148141,-61.790343,11.190999984741211,23.65962028503418,204.1481864932691,-61.79041347255027,12.258700919131622,0.5606303219408215,0.9129026035112663
SB85975_component_1143a,196.841193,-59.631854,12.668000221252441,50.672000885009766,196.84141031017242,-59.631541188909864,5.742361232678421,1.3547828510734043,2.2060611842323405
SB85975_component_1146a,192.897598,-64.333763,12.661999702453613,52.10699462890625,192.89738996951732,-64.33389675240439,6.1381146488120315,1.2668332115575174,2.0628483544054057
SB85975_component_1147a,200.994123,-58.852543,12.406999588012695,14.876498222351074,200.99308535565422,-58.852528954615345,11.257968734469696,0.6767976889007349,1.1020637808332947
SB85975_component_1149a,195.694026,-64.903438,11.807000160217285,52.94618606567383,195.6933910640427,-64.90365397968587,7.100481017297425,1.0211838453576312,1.6628451130922464
SB85975_component_1150a,195.744778,-65.362019,12.696000099182129,65.44329833984375,195.74442044479173,-65.36218256044468,5.243974645401542,1.4868202634939114,2.421064356273212
SB85975_component_1156a,199.668953,-66.238405,12.571000099182129,30.074161529541016,199.66869844738503,-66.23852030989966,13.636984819120375,0.5661136286018644,0.9218313480525672
SB85975_component_1158a,199.011879,-62.91419,10.791000366210938,13.388338088989258,199.011575236865,-62.91403737320295,9.71506107902226,0.6821318206425356,1.1107496163366337
SB85975_component_1160a,190.915662,-58.971156,14.319999694824219,572.7999877929688,190.91631236512302,-58.97129269406155,8.206416307937728,1.0716219517573382,1.7449760233310458
SB85975_component_1161a,197.253498,-64.399866,12.01099967956543,59.16748809814453,197.25332086589748,-64.40000359082151,6.474532519398727,1.1392600706594087,1.8551145806401572
SB85975_component_1166a,194.829115,-65.049688,11.512999534606934,53.79906463623047,194.82877006474547,-65.04978404381602,7.005777747110671,1.0092163295855652,1.6433578041146302
SB85975_component_1167a,201.501658,-65.189724,11.642000198364258,50.39826965332031,201.50140826939023,-65.18982135005754,5.819941631633777,1.2284602565845446,2.0003637382006025
SB85975_component_1173a,189.574596,-62.010622,11.270000457763672,24.393939971923828,189.57455014417596,-62.01039634968394,7.6937651877892606,0.8995745153538228,1.4648225131240342
SB85975_component_1177a,198.600961,-60.32768,11.652000427246094,50.66086959838867,198.60110844057272,-60.32756604470145,4.689220863489939,1.5259908891836858,2.484847859901
SB85975_component_1178a,191.198151,-60.952177,10.899999618530273,42.41244888305664,191.19775032154678,-60.9520426961339,5.608327627805789,1.1935627153804285,1.9435383133625534
SB85975_component_1179a,202.358022,-62.195715,12.111000061035156,31.053848266601562,202.35813274561383,-62.19570397692823,7.5646429846544585,0.9832041603026941,1.6010008781119456
SB85975_component_1180a,194.89218,-64.791763,11.444000244140625,49.97380065917969,194.892012255405,-64.7918582748792,6.545008734362973,1.0737910142687446,1.7485080171179437
SB85975_component_1183a,203.748334,-61.342853,11.107999801635742,23.189979553222656,203.7479712107534,-61.343011389817846,7.7304375655500825,0.8824374354141534,1.4369173423167436
SB85975_component_1191a,204.501369,-62.690784,11.038000106811523,22.8057861328125,204.50120172453717,-62.69085059372453,5.872872512034526,1.154228936990889,1.8794891399724347
SB85975_component_1192a,204.396762,-61.784263,11.350000381469727,18.822555541992188,204.39674509382107,-61.78450891354891,6.930530429970048,1.0057303100764516,1.6376813428865904
SB85975_component_1193a,192.585973,-62.833334,11.951000213623047,30.88113784790039,192.58607436754593,-62.833321180568305,5.220228963097002,1.405940170258319,2.2893632248905966
SB85975_component_1195a,203.216142,-62.941297,10.446999549865723,24.523473739624023,203.21516961267787,-62.94134040491298,5.6271501053135635,1.1401322049392868,1.856534720835136
SB85975_component_1196a,192.355709,-62.224181,11.553999900817871,51.351112365722656,192.3555811949511,-62.22402934419603,5.294064794890296,1.3402790973734728,2.1824439912351496
SB85975_component_1197a,189.449843,-63.885614,10.640999794006348,21.41046142578125,189.44986988253302,-63.88558178188675,4.9771504075531565,1.3129669889621611,2.137970308845383
SB85975_component_1198a,198.234514,-61.992613,11.72700023651123,23.084646224975586,198.23415780372284,-61.992419279830806,5.572801791323288,1.2923063389889795,2.1043275313989946
SB85975_component_1199a,200.75195,-61.437895,12.440999984741211,15.688525199890137,200.75188482066585,-61.43784796748068,4.407773092263925,1.7333577141672125,2.8225137102852207
SB85975_component_1213a,203.000443,-62.187437,11.25100040435791,30.74043846130371,203.0002598883491,-62.187545511043304,6.100303728517547,1.1326398019512873,1.8443344635058112
SB85975_component_1214a,194.268171,-61.981625,10.932999610900879,44.08467483520508,194.267876073993,-61.981437561762235,3.876356591708226,1.7320792081808758,2.820431854563448
SB85975_component_1217a,190.877653,-62.125239,11.722000122070312,24.62605094909668,190.8776541169863,-62.12508225573286,4.736781600355154,1.5197442115212962,2.474676079891761
SB85975_component_1221a,201.112558,-59.716105,11.376999855041504,38.177852630615234,201.11233288695675,-59.71610954650149,7.800952470672949,0.8956374774954141,1.4584116359909147
SB85975_component_1222a,191.131974,-63.233896,10.819999694824219,37.05479431152344,191.13174303058364,-63.2338018802505,6.262128107026281,1.0611027450005255,1.7278470689036016
SB85975_component_1223a,202.976605,-60.333299,11.982999801635742,30.18387794494629,202.97617794049745,-60.33332444146218,5.5785243665641895,1.3191626764802278,2.1480590590332165
SB85975_component_1246a,193.719473,-63.815491,10.925999641418457,33.93167495727539,193.7192979540464,-63.81542053648255,9.032165499159118,0.7428847319377527,1.2096766431522596
SB85975_component_1247a,201.852481,-66.085129,11.722999572753906,27.51877784729004,201.85210686699565,-66.08518021526233,7.587272888561912,0.9488666488228382,1.5450873778939402
SB85975_component_1254a,199.320036,-60.393279,11.28499984741211,48.433475494384766,199.32022409387332,-60.39302850739693,13.187604748836025,0.525518213792542,0.8557277885059571
SB85975_component_1256a,192.083142,-65.042866,10.991000175476074,47.17167663574219,192.08290950729813,-65.0429277736982,7.070273103970952,0.9546697522033484,1.5545368635481822
SB85975_component_1257a,191.199035,-62.093104,11.690999984741211,22.968564987182617,191.1986333503982,-62.09290262750645,6.026268826702463,1.1913936913365024,1.9400063822141924
SB85975_component_1262a,195.141744,-58.893602,10.609000205993652,14.817038536071777,195.14139762732592,-58.89367767024309,7.587885745251742,0.8586295136627325,1.3981497036420756
SB85975_component_1265a,193.56907,-62.379214,9.850000381469727,42.09402084350586,193.56907872205835,-62.378941416025285,6.861843937710928,0.8815512148851916,1.4354742647725722
SB85975_component_1266a,193.148333,-63.084436,10.454000473022461,44.8669548034668,193.14832136164324,-63.084543812270596,5.5833388198211775,1.1498486228895124,1.8723564537960962
SB85975_component_1267a,192.286189,-64.451632,10.980999946594238,39.358421325683594,192.28597180048556,-64.45167902224468,4.483230762293669,1.5041908179127574,2.4493497053397806
SB85975_component_1268a,201.61177,-59.22599,11.293999671936035,23.827003479003906,201.61082706796265,-59.22623043053373,10.759964046588145,0.6445981993962753,1.0496317295332624
SB85975_component_1269a,189.504695,-64.862682,11.12600040435791,21.27342414855957,189.5046812190145,-64.86260168581514,5.812412590375366,1.1755328610591675,1.9141793930426045
SB85975_component_1270a,190.335802,-60.702067,10.661999702453613,27.26854133605957,190.335896589598,-60.70201816342845,6.016864887473185,1.0882296241762548,1.772019133195324
SB85975_component_1271a,206.06884,-63.417012,8.991999626159668,12.351648330688477,206.0686802901389,-63.4167453676201,8.730938341201476,0.6324810185594881,1.0299007133891025
SB85975_component_1272a,204.692964,-61.719248,10.128000259399414,12.707653999328613,204.69298772374685,-61.71930528483873,5.522205440383245,1.1263238533771238,1.8340498861803525
SB85975_component_1275a,191.638403,-64.747091,11.204999923706055,42.60456085205078,191.63868729823952,-64.74720845992128,10.403875067174816,0.6614071217795321,1.0770025448555087
SB85975_component_1277a,191.490961,-63.020612,9.755000114440918,36.26394271850586,191.49089585312032,-63.02047215184163,7.138421483212536,0.8392227130362022,1.3665486322686051
SB85975_component_1279a,192.317881,-58.961357,11.291000366210938,10.835892677307129,192.31802227331576,-58.961615154664536,6.0057936284323326,1.154553744274923,1.8800180400401438
SB85975_component_1280a,199.206736,-60.753872,9.506999969482422,33.47534942626953,199.20692275489768,-60.75371664547392,6.49740239720949,0.8985781740285198,1.463200120338167
SB85975_component_1282a,200.326837,-60.902171,10.243000030517578,28.532033920288086,200.3267537063397,-60.90196435295319,5.489063225652499,1.1459906603541719,1.866074338996153
SB85975_component_1285a,195.12008,-60.863444,10.37600040435791,49.88461685180664,195.12017628218527,-60.86338842255522,7.096510298291331,0.8979192454932848,1.4621271538006788
SB85975_component_1286a,204.454595,-62.22055,10.567000389099121,19.71455192565918,204.45427491877152,-62.220582939369315,3.155612650722328,2.0564595542782067,3.348636717716386
SB85975_component_1290a,195.159933,-62.148571,9.581000328063965,43.352943420410156,195.1596697555675,-62.14855950063441,4.610016380345065,1.2763227896121598,2.078300712533871
SB85975_component_1291a,199.523965,-59.344544,10.276000022888184,29.19318199157715,199.52414296206993,-59.344488057955594,12.580129127196704,0.5016388171131038,0.8168437636043596
SB85975_component_1292a,194.002836,-62.181668,10.472000122070312,51.333335876464844,194.00277294829246,-62.18154473936571,6.752499206049205,0.9523952796193971,1.5508332252285206
SB85975_component_1294a,191.313421,-62.999141,10.201000213623047,39.69260787963867,191.31355282613288,-62.99911235112013,8.028135036823281,0.7803334522852563,1.270656281544009
SB85975_component_1298a,193.865657,-60.010606,10.420999526977539,41.18972396850586,193.8656614393935,-60.01050070746667,5.446597222969363,1.174995635189124,1.913304601087474
SB85975_component_1299a,204.237876,-62.132998,10.13599967956543,24.076007843017578,204.23800908303627,-62.132912435566126,9.063288965323146,0.6868041310384158,1.1183577747930755
SB85975_component_1308a,194.517538,-64.128037,10.498000144958496,46.45132827758789,194.51751816991623,-64.12823918225318,4.431799522235475,1.454717306277494,2.3687894933620837
SB85975_component_1311a,198.462848,-58.883476,9.423999786376953,15.249191284179688,198.46348348743425,-58.88349379239521,3.9537647062226484,1.4637826145821644,2.3835509916776165
SB85975_component_1315a,201.623528,-62.146177,9.984999656677246,18.154544830322266,201.62358020509737,-62.1464871149682,8.083016407087799,0.7586242678461013,1.235306122590775
SB85975_component_1316a,203.271641,-63.621931,10.130000114440918,39.72549057006836,203.27106371016546,-63.62182989588891,7.218795318234018,0.861780890628026,1.4032812495532963
SB85975_component_1318a,190.416473,-65.749726,9.85099983215332,21.322509765625,190.41668951579277,-65.7496218833542,6.322309705570405,0.9568782490053036,1.558133070177484
SB85975_component_1320a,202.824035,-63.218771,10.437999725341797,12.236810684204102,202.82343811976037,-63.218830634392106,5.145768641783445,1.2457163438822618,2.0284626946858118
SB85975_component_1324a,197.337283,-62.040432,9.491999626159668,21.093332290649414,197.33695564763622,-62.04040101285958,4.009813401591644,1.4537364736901477,2.367192354235721
SB85975_component_1325a,200.407603,-61.976393,9.491000175476074,22.70574188232422,200.40753663179333,-61.97625011374482,6.102473564481436,0.9551206001802375,1.5552710020272873
SB85975_component_1328a,190.298236,-60.460762,9.696000099182129,22.8679256439209,190.2984012261141,-60.46078498721478,5.413240674843793,1.0999866446600077,1.791163682088072
SB85975_component_1329a,201.452531,-65.813342,10.029999732971191,30.766870498657227,201.45256306098028,-65.81324114058631,3.2027622686947095,1.9232172929711306,3.1316716295208926
SB85975_component_1332a,198.034708,-60.223271,9.925999641418457,45.74193572998047,198.0347877924542,-60.22313542325985,7.089280596830648,0.8598530306814414,1.4001420180569522
SB85975_component_1333a,206.081953,-63.872787,10.64900016784668,15.545985221862793,206.08103927566626,-63.87296410978833,7.89006637199912,0.8288583457955256,1.3496718108276855
SB85975_component_1339a,198.543664,-59.161693,10.54800033569336,22.58672332763672,198.54349638518084,-59.16118342326133,7.07106694976649,0.9160882718345923,1.4917126949337807
SB85975_component_1342a,190.687082,-62.511288,9.838000297546387,38.58039474487305,190.68686548100524,-62.511210711297814,6.350744490237403,0.9513368702080225,1.5491097638504778
SB85975_component_1343a,189.854025,-63.864954,10.472999572753906,19.466543197631836,189.85407047682682,-63.86478407465046,5.351557931902168,1.201829865697202,1.9570001308070233
SB85975_component_1344a,192.020773,-59.215708,9.659000396728516,13.798572540283203,192.02163406099737,-59.21591177901303,6.988452849951249,0.8487959172796027,1.3821371631341688
SB85975_component_1345a,201.452502,-60.400658,9.75100040435791,27.701705932617188,201.4520288352852,-60.40070734403157,6.5124647535795335,0.9195088764101174,1.497282637729185
SB85975_component_1346a,200.149214,-60.23875,9.538999557495117,34.06785583496094,200.14941048968288,-60.23869501230363,5.36320002454284,1.0922724291931196,1.7786022363221896
SB85975_component_1348a,195.218304,-60.293084,9.696000099182129,45.52112579345703,195.218337539859,-60.29310557585266,9.235001763692875,0.6447743702733661,1.0499185974497216
SB85975_component_1351a,199.434476,-60.052167,8.920000076293945,37.32217788696289,199.43439362899522,-60.052149251601485,4.2433658550791815,1.290941368462275,2.1021048811091725
SB85975_component_1352a,204.422715,-61.201713,9.012999534606934,12.623249053955078,204.42215645766248,-61.20170521032351,5.161791670886582,1.0723116233534262,1.7460990503436715
SB85975_component_1356a,204.531327,-62.162151,9.244999885559082,19.545454025268555,204.5311334395776,-62.162262049147664,4.020163802150101,1.4122620815567504,2.299657511620443
SB85975_component_1361a,190.587354,-61.279353,10.234999656677246,31.68730354309082,190.5874510511836,-61.27909637355677,5.862708504745443,1.0721157308961222,1.745780068784376
SB85975_component_1364a,204.51245,-65.937109,9.784000396728516,14.71278190612793,204.51218671935152,-65.93722749115915,6.580993257220781,0.9130134034763655,1.4867057318427335
SB85975_component_1365a,201.759738,-60.533101,9.76200008392334,21.407894134521484,201.75932943664702,-60.53319089960779,6.130882124976792,0.9778404040499622,1.592266803524671
SB85975_component_1366a,202.602601,-65.254394,9.552000045776367,36.73846435546875,202.60214727230883,-65.25451272292366,6.392666577437176,0.9176232308644585,1.4942121460690618
SB85975_component_1367a,205.410048,-65.177731,9.666000366210938,21.013044357299805,205.4096812912642,-65.17781483615659,6.010405050595765,0.9876321158893758,1.6082111413194724
SB85975_component_1368a,189.159867,-64.746728,10.083000183105469,17.089832305908203,189.1598448070534,-64.74683207216277,4.308294885336931,1.437263812932852,2.34036909066333
SB85975_component_1370a,194.800513,-62.268523,9.640000343322754,43.619911193847656,194.79988198778528,-62.26860168839069,5.371517059085583,1.102128486027112,1.7946513503140233
SB85975_component_1372a,199.67295,-65.606866,10.354000091552734,42.08943176269531,199.67265297498312,-65.60696295835191,7.052688620936681,0.901582746194234,1.4680926165967045
SB85975_component_1375a,193.599071,-61.991705,9.121000289916992,40.53778076171875,193.59918367801447,-61.99155605767937,4.5838113230195905,1.2219906245194074,1.9898289103026439
SB85975_component_1377a,199.555876,-58.912609,8.916000366210938,13.347306251525879,199.55576093233418,-58.912522360350444,5.96251575682335,0.918317108321749,1.4953420216974178
SB85975_component_1378a,190.600731,-64.990269,9.824999809265137,25.12787628173828,190.60088268981502,-64.99023661069575,11.565926244402148,0.5216800989183592,0.8494779926528054
SB85975_component_1379a,197.390218,-65.732568,9.97700023651123,42.0970458984375,197.3895650362174,-65.73271655376206,5.017385809450925,1.2211657713958546,1.988485760397018
SB85975_component_1384a,201.78098,-63.020934,9.086999893188477,28.396875381469727,201.78036508282594,-63.02092770473685,2.413115707480691,2.3125680104885613,3.7656710223296197
SB85975_component_1390a,188.969221,-62.871614,10.187000274658203,10.814225196838379,188.9692432405766,-62.87145531576389,3.119068662250877,2.0057348476313908,3.2660391218533644
SB85975_component_1393a,203.098358,-63.619449,8.989999771118164,36.69387435913086,203.09790417251975,-63.61928747724466,4.609569548332045,1.1977093672801529,1.9502905156016488
SB85975_component_1394a,194.87907,-59.561511,9.991000175476074,36.199275970458984,194.87901905556015,-59.561390021684055,4.217359678258817,1.454857517769708,2.3690178068001466
SB85975_component_1398a,191.48085,-61.362016,9.234000205993652,41.22321319580078,191.4806870820323,-61.3617548037903,6.472220637838649,0.8761706546629295,1.4267128274349559
SB85975_component_1400a,202.412185,-60.277479,9.949000358581543,26.816713333129883,202.41188205069204,-60.27773606476395,5.898960025863648,1.0357528351218785,1.6865685332602236
SB85975_component_1403a,197.840727,-59.257357,9.807999610900879,24.70528793334961,197.84045360624927,-59.25724110507302,7.6160032950999135,0.7908706415415068,1.2878145177814302
SB85975_component_1406a,189.205755,-65.118665,9.539999961853027,14.367470741271973,189.20606081897006,-65.11845781363142,5.092765574242165,1.150394574502006,1.8732454543173507
SB85975_component_1408a,201.516073,-65.756352,8.763999938964844,28.270967483520508,201.51622332291876,-65.75656570192015,5.763788167260778,0.933784137587439,1.5205277648380175
SB85975_component_1410a,195.574291,-66.793535,10.142999649047852,11.109528541564941,195.5733137895488,-66.79360451846038,5.889766389162152,1.0575976534440095,1.7221395516997309
SB85975_component_1411a,190.12156,-61.223629,8.92300033569336,23.236980438232422,190.12187961575037,-61.22322959710879,5.184331552255601,1.056988540032167,1.7211477016378587
SB85975_component_1413a,192.852206,-61.036017,9.229999542236328,40.3056755065918,192.85227141887503,-61.035996770069126,4.8503671193602935,1.1686358521957587,1.9029486459684017
SB85975_component_1416a,198.873884,-65.433541,9.571000099182129,43.30769348144531,198.87312577564177,-65.43359352348435,3.7997177140979144,1.5468853436033179,2.518871352909006
SB85975_component_1419a,200.204724,-59.492611,9.164999961853027,25.744380950927734,200.2043957093112,-59.492496867528715,4.470109913132128,1.2591179144414952,2.0502851473357335
SB85975_component_1421a,190.378983,-63.714036,9.678000450134277,30.723812103271484,190.3793150107593,-63.71383909406175,7.207832358229003,0.8245805722014293,1.3427060965263913
SB85975_component_1426a,195.425355,-61.832088,8.86299991607666,43.87623596191406,195.42542521480578,-61.83190146540038,5.826211226258343,0.9342146144459386,1.5212287319985438
SB85975_component_1430a,192.081899,-64.854881,9.178999900817871,39.22649383544922,192.08171012227746,-64.85486472154223,4.008678081982216,1.4061974986588885,2.289782245692083
SB85975_component_1433a,203.349875,-66.598326,9.807000160217285,16.183168411254883,203.3501676260976,-66.59873131584534,5.255859437817449,1.1458943493711622,1.8659175109693849
SB85975_component_1436a,191.355568,-63.70892,8.96500015258789,32.71897888183594,191.35543439485778,-63.70878945949609,3.9946778417353963,1.3782267603498037,2.244236083051256
SB85975_component_1438a,194.878465,-62.05271,9.109999656677246,38.43881607055664,194.87828708657676,-62.05254320856946,4.66215693578932,1.2000065305897043,1.9540311023731958
SB85975_component_1442a,202.673884,-61.851517,7.63100004196167,20.56873321533203,202.67398931329464,-61.85166839524907,3.7229717340728623,1.2587626684986875,2.049706682466132
SB85975_component_1449a,193.240648,-59.023736,8.651000022888184,10.486061096191406,193.24061544831935,-59.02335100740664,4.715035185148182,1.1267654264075553,1.834768921796774
SB85975_component_1457a,198.27464,-59.175546,8.531000137329102,20.45803451538086,198.27459467786218,-59.17547940072601,6.205211003447649,0.8442975566172758,1.37481225579424
SB85975_component_1458a,200.244284,-64.549992,9.053999900817871,42.11162567138672,200.24376471125709,-64.55011387351519,4.380922189648356,1.2691912903771234,2.066688132971522
SB85975_component_1459a,204.096016,-65.064869,9.383000373840332,31.699325561523438,204.09543087672466,-65.06475338704406,6.195888812464266,0.9300156471971072,1.5143913420403148
SB85975_component_1464a,203.155643,-59.933191,9.116999626159668,17.234403610229492,203.15579939072828,-59.93307078696084,6.740730488688743,0.8306099152471641,1.3525239796277888
SB85975_component_1469a,189.776952,-64.021369,8.119000434875488,19.239337921142578,189.7767056015465,-64.02133330301217,4.921134253536853,1.0131867202630194,1.6498229913236582
SB85975_component_1470a,203.512077,-62.72532,9.517999649047852,20.080167770385742,203.51142006785136,-62.72532851397303,4.73589186501996,1.2342298461736487,2.00975865165953
SB85975_component_1472a,190.59328,-64.610499,9.053999900817871,27.77300453186035,190.593289059315,-64.61056355050502,4.4441808386746215,1.2511255704391597,2.037270810860619
SB85975_component_1476a,201.089509,-61.10855,9.097999572753906,13.681201934814453,201.0894522205911,-61.10832473959862,4.5205808134048695,1.2359582822200739,2.012573151170227
SB85975_component_1478a,206.152151,-65.070798,9.407999992370605,14.608695983886719,206.15200262494434,-65.0708653569061,6.873369333964432,0.8405813786327346,1.3687610159229207
SB85975_component_1481a,204.559716,-65.402747,9.02400016784668,21.797101974487305,204.55867417320795,-65.40292081428503,7.5795740232275,0.7311499143292712,1.190568248320124
SB85975_component_1483a,196.743043,-62.001971,9.241999626159668,19.375261306762695,196.74289226330686,-62.00168338317631,3.6891359132556802,1.538485574470323,2.5051935855633896
SB85975_component_1485a,204.569729,-62.411848,9.14900016784668,13.014225006103516,204.5696276790208,-62.41179393435094,4.212714271260613,1.3337172523083054,2.171759008262607
SB85975_component_1487a,196.746254,-65.130368,8.704000473022461,43.959598541259766,196.7457102434877,-65.1305292518013,4.363972165649197,1.2248673872635218,1.9945132880396428
SB85975_component_1497a,199.399908,-64.812264,9.361000061035156,43.33796310424805,199.39954382120567,-64.81236638849317,4.973774494810678,1.1558149152365078,1.8820716682675966
SB85975_component_1498a,192.323993,-65.014961,8.649999618530273,37.60869216918945,192.32385518999118,-65.01506544379826,4.947086436404413,1.0737884474923882,1.7485038375066622
SB85975_component_1501a,203.420044,-61.70551,8.760000228881836,20.18433380126953,203.4196256497871,-61.705465767638096,5.37876637746886,1.0001694235734278,1.6286262711793251
SB85975_component_1503a,203.479142,-64.092566,8.810999870300293,33.0,203.47878099403255,-64.09283241143638,4.639123692523539,1.1663835340698903,1.8992810828692053
SB85975_component_1504a,203.299353,-65.634201,9.354999542236328,27.51470375061035,203.29939155497738,-65.63443537436633,5.331981227346717,1.0774752332999649,1.7545072166151514
SB85975_component_1506a,199.348754,-61.891005,8.442000389099121,22.215791702270508,199.34862356870724,-61.89084147287663,10.25735122847408,0.5054314692518609,0.8230195301945396
SB85975_component_1511a,205.042069,-65.575568,8.53600025177002,15.749077796936035,205.04138335046983,-65.57544553591538,5.625868001839398,0.9317877968817354,1.5172770226708383
SB85975_component_1513a,200.0766,-63.433205,8.611000061035156,23.591779708862305,200.07555498026153,-63.4334631542444,4.875426835009353,1.0846586556911713,1.7662043452691125
SB85975_component_1522a,200.710568,-63.015069,8.192000389099121,22.62983512878418,200.7100343080968,-63.01527885904604,2.604683915029794,1.9314660267333903,3.1451034583616324
SB85975_component_1526a,197.040079,-59.489241,8.592000007629395,32.54545593261719,197.03983439760285,-59.48916447852806,4.806529664162581,1.0977786474475828,1.787568288965577
SB85975_component_1527a,193.691602,-59.957512,7.949999809265137,31.42292594909668,193.69167367588418,-59.957225927106464,5.708804082842921,0.8552126510309057,1.3925858540421527
SB85975_component_1535a,196.947329,-63.861384,8.619999885559082,29.121620178222656,196.94698965935794,-63.8615362537413,5.39313833655824,0.9815622267811572,1.5983272350214068
SB85975_component_1537a,199.670294,-59.386388,8.965999603271484,26.13994026184082,199.67037544130105,-59.38646946108173,3.9660326080366537,1.3883359583056214,2.2606973994875994
SB85975_component_1541a,205.289766,-64.01607,8.666000366210938,22.39276695251465,205.28936628147844,-64.01610630552135,11.111894887285876,0.4789417711678628,0.7798850199821897
SB85975_component_1547a,195.941725,-62.534139,7.9710001945495605,24.154544830322266,195.94129435120718,-62.533902874882834,2.963279725010328,1.6519325382685461,2.689924993335477
SB85975_component_1553a,195.96554,-63.29224,8.104999542236328,29.907747268676758,195.9649260958106,-63.29230689105298,7.803252936221719,0.6378659911018002,1.038669335529794
SB85975_component_1554a,197.431287,-61.852024,8.373000144958496,22.814712524414062,197.4308125216305,-61.85185161965693,8.49063579193591,0.6056099809030667,0.9861452487351843
SB85975_component_1555a,200.015131,-65.337817,8.09000015258789,35.327510833740234,200.01438638437492,-65.33780037330233,3.703013497369129,1.3416689595520357,2.1847071738559887
SB85975_component_1560a,193.545458,-60.637695,8.326000213623047,34.40496063232422,193.54525008344544,-60.63744535238475,8.406505890715472,0.6082372773908031,0.9904234079962593
SB85975_component_1561a,203.385707,-65.805667,8.654000282287598,23.1390380859375,203.38558917231552,-65.80568750679372,4.031694885048718,1.3182002351537656,2.1464918673236912
SB85975_component_1562a,194.869337,-64.972101,8.284000396728516,37.31531524658203,194.86819140939622,-64.97229117819451,5.0948106068965355,0.9985370970330684,1.625968271620336
SB85975_component_1563a,192.944703,-61.376475,8.64900016784668,41.18571472167969,192.94477439472354,-61.37640109179221,5.194266907385931,1.0225717272077242,1.6651050710444488
SB85975_component_1570a,199.491901,-65.005415,8.041000366210938,41.880210876464844,199.49146736675692,-65.0055871878752,14.970653318628449,0.32985378051273706,0.5371175322192032
SB85975_component_1581a,192.648423,-63.849783,7.716000080108643,28.263736724853516,192.6478125835438,-63.849883466281554,4.420028982175795,1.072060374397473,1.7456899290081982
SB85975_component_1582a,195.055514,-63.674121,9.034000396728516,24.21984100341797,195.05450085782485,-63.67413326213082,5.28754798807559,1.0492474461127563,1.7085424883333213
SB85975_component_1584a,198.498362,-59.291005,8.765999794006348,23.06842041015625,198.49835369645913,-59.29065995877696,5.731484814276054,0.9392613407000413,1.5294465706638332
SB85975_component_1588a,203.474977,-62.515844,8.678000450134277,20.087963104248047,203.47397657292152,-62.51588390781823,6.938112126773625,0.7681225085121864,1.2507725864859638
SB85975_component_1590a,195.677748,-61.664601,8.843999862670898,38.96035385131836,195.6770942563697,-61.66429358858665,3.7140120253388744,1.4623709762445245,2.381252349839646
SB85975_component_1593a,200.427396,-63.712111,8.75100040435791,35.86475372314453,200.42673422049907,-63.71229666685251,4.83591446385391,1.1112997860630665,1.8095854403065539
SB85975_component_1594a,203.407768,-59.325599,8.82699966430664,12.592011451721191,203.40726532477566,-59.325552515906296,6.163519179203087,0.8795013203309832,1.4321363181752813
SB85975_component_1597a,192.595548,-61.302667,7.96999979019165,36.89814758300781,192.59584351987732,-61.302463070852845,3.5430570025042845,1.3814408934188012,2.249469817888433
SB85975_component_1598a,188.304521,-63.515661,9.178000450134277,10.501144409179688,188.30421700948924,-63.51505914362318,3.2089890343391523,1.756434581235348,2.8600909357810758
SB85975_component_1599a,191.822559,-59.999038,7.677000045776367,25.761743545532227,191.82231328505205,-59.99904187513089,5.279037629113113,0.8930770372366512,1.4542423420963786
SB85975_component_1607a,198.766751,-64.772173,7.75,34.59821319580078,198.76679178233746,-64.7724371415814,3.8881110278281446,1.2240951632164818,1.9932558367112947
SB85975_component_1613a,191.85648,-61.140766,7.9019999504089355,33.62553024291992,191.8561303154355,-61.140430949346474,8.090155810775874,0.5998356507598338,0.9767426159930913
SB85975_component_1617a,191.748141,-60.405653,7.933000087738037,36.05908966064453,191.7480993328156,-60.405436936505296,4.294807352084913,1.1343469525098415,1.847114302784027
SB85975_component_1623a,200.052449,-59.167377,8.520999908447266,19.062639236450195,200.05221926217408,-59.167139133945604,7.614081212906946,0.6872665285843252,1.119110720017402
SB85975_component_1628a,195.564153,-59.566883,8.369999885559082,28.372882843017578,195.56440447566868,-59.566766673521414,4.532255968470972,1.1341308392438352,1.84676239466299
SB85975_component_1629a,189.592295,-65.711063,7.576000213623047,12.584717750549316,189.59359523718638,-65.71113159203269,2.7670491438304308,1.6814162612069752,2.737934825087919
SB85975_component_1631a,203.581214,-65.11403,7.636000156402588,30.422313690185547,203.5806968548365,-65.11387584198849,3.7188947395663936,1.260968332152742,2.0532982757379443
SB85975_component_1632a,198.695538,-65.456414,8.458000183105469,38.445457458496094,198.6950289316362,-65.45646622507434,4.418237412655168,1.1756303216490187,1.9143380930321214
SB85975_component_1634a,192.804489,-60.217625,7.6579999923706055,31.514402389526367,192.80481100370062,-60.21755149104461,3.8395054531583916,1.2248762397927242,1.9945277030590245
SB85975_component_1637a,200.210493,-61.202998,7.664999961853027,21.057693481445312,200.21060282429312,-61.20271432260853,2.9020601920004627,1.6220262506739977,2.6412270782603415
SB85975_component_1641a,196.883137,-60.177647,7.974999904632568,40.482234954833984,196.88347717015122,-60.17746712717679,4.823509206474332,1.0153592091988515,1.6533605645301066
SB85975_component_1643a,204.004723,-61.851513,6.964000225067139,13.900200843811035,204.00452370938459,-61.85150913383098,2.7836040854832502,1.5363969935892783,2.501792644070698
SB85975_component_1645a,196.144907,-64.265119,8.053999900817871,34.715518951416016,196.14454704510658,-64.26512585031821,5.80000949051516,0.8527761645710656,1.388618400364464
SB85975_component_1651a,195.987343,-61.353434,7.23799991607666,30.799999237060547,195.9873698384635,-61.35327461444537,10.75432370551667,0.41332112855803677,0.6730316209808495
SB85975_component_1655a,193.041706,-59.443118,7.885000228881836,19.761905670166016,193.0416941251403,-59.44304250577735,4.9158236305982514,0.9850483656318892,1.6040038905794183
SB85975_component_1656a,190.852612,-63.867065,7.5879998207092285,26.624561309814453,190.85267415515378,-63.867093507438796,3.2620553315722316,1.428525923784138,2.32614074545817
SB85975_component_1657a,203.766794,-62.428657,8.010000228881836,16.89873504638672,203.76639416261315,-62.42853864131213,5.950886186478015,0.8266145047645895,1.3460180514093298
SB85975_component_1659a,195.97773,-64.340509,7.422999858856201,35.18009567260742,195.97724718234315,-64.34064767587773,3.9156431506105163,1.1642023830056334,1.895729404682556
SB85975_component_1661a,193.423812,-60.768752,8.067000389099121,30.90804672241211,193.42397344478223,-60.76839751501813,4.74218588918026,1.0446856793766057,1.701114333688339
SB85975_component_1663a,193.675242,-61.448781,7.51200008392334,33.09251022338867,193.67568547683007,-61.44879416293249,3.4404984077237257,1.34086903103454,2.1834046099423623
SB85975_component_1669a,203.320838,-60.722266,7.491000175476074,16.609756469726562,203.32003727705123,-60.722212883452684,3.300080092544095,1.3940150560698952,2.269944960548251
SB85975_component_1670a,199.147595,-61.288684,6.697000026702881,12.75619125366211,199.14784299787064,-61.288445790161134,8.25472393772056,0.49823001159620317,0.811293033810671
SB85975_component_1672a,199.170069,-58.847067,7.442999839782715,10.209877014160156,199.16996272590723,-58.84673122300175,9.701503888021836,0.47115204990569465,0.7672006243250976
SB85975_component_1676a,190.713891,-65.126068,7.609000205993652,15.68865966796875,190.71354516318195,-65.12599661356407,4.150661435285063,1.125803056370014,1.8332018461705912
SB85975_component_1678a,191.075742,-61.507006,8.175999641418457,30.39405059814453,191.0756217751044,-61.5067948785351,7.151474558562503,0.7020974621320277,1.1432606764473885
SB85975_component_1684a,197.842363,-65.79613,7.831999778747559,31.8373966217041,197.84163078599954,-65.79611038610025,5.383279646835971,0.8934656556757239,1.4548751490832963
SB85975_component_1688a,199.608578,-59.73576,7.499000072479248,26.974821090698242,199.60855966430117,-59.73567707856125,4.60255879963219,1.0005899804847194,1.6293110851899437
SB85975_component_1695a,197.674432,-60.107969,7.677000045776367,35.37788009643555,197.67424924435724,-60.107967307970426,9.367542627755702,0.5032896537134485,0.8195319040267491
SB85975_component_1699a,199.843007,-64.991652,7.251999855041504,34.69856262207031,199.84247562258918,-64.99166960358339,4.344793011398404,1.0250400467464624,1.6691243601285837
SB85975_component_1704a,188.99957,-62.233451,7.243000030517578,10.158485412597656,188.99966388156278,-62.233341944402305,7.7698177495743606,0.5724793060380556,0.9321969013899146
SB85975_component_1708a,206.114384,-63.984508,7.86899995803833,11.779940605163574,206.11444981975697,-63.98485233184955,5.505211838923455,0.8778041813999375,1.429372781334626
SB85975_component_1709a,200.297994,-62.573289,6.40500020980835,12.939393997192383,200.2977863297063,-62.57320190670295,4.739705343875856,0.829888874109123,1.3513498720092825
SB85975_component_1711a,203.434713,-64.532953,7.651000022888184,30.604000091552734,203.43432786198676,-64.5330854980806,6.304941347738062,0.7452282158788849,1.2134926561423174
SB85975_component_1712a,196.518595,-59.4659,7.440000057220459,25.9233455657959,196.51831710294067,-59.46580385007768,5.637006499425263,0.810543898200323,1.3198494729390546
SB85975_component_1713a,196.50579,-62.963052,6.853000164031982,18.521621704101562,196.50509713974236,-62.96313188781664,5.851320558302901,0.7192485392176712,1.1711886395127882
SB85975_component_1714a,200.627921,-65.46249,7.5920000076293945,26.0,200.6274146615373,-65.46268179528879,4.027058000443109,1.1577650965056365,1.8852472466982162
SB85975_component_1715a,204.210772,-59.711203,8.36299991607666,10.186358451843262,204.21102057164066,-59.711948806902186,4.145360612446075,1.2389446745446955,2.0174360442774266
SB85975_component_1722a,203.931,-63.101264,7.223999977111816,19.791780471801758,203.93067493997367,-63.10129443192325,4.509872157435912,0.9837067294386419,1.6018192367605875
SB85975_component_1723a,193.74958,-62.508583,7.5929999351501465,33.597347259521484,193.74991827778362,-62.50851890850881,5.852676708543602,0.796729684665164,1.2973550929382551
SB85975_component_1727a,202.942749,-62.789108,7.002999782562256,12.264448165893555,202.94237913354823,-62.78909601801135,22.817080242746776,0.1884847338003231,0.30691918983755206
SB85975_component_1731a,191.45581,-65.289551,7.098999977111816,28.510040283203125,191.4556314336148,-65.28955407796524,7.0580895410737305,0.6176780217815032,1.0057962478089875
SB85975_component_1732a,194.476255,-65.51821,7.113999843597412,29.765689849853516,194.47606343485464,-65.51836811096685,3.4514587423694705,1.265794785911618,2.0611574335996727
SB85975_component_1737a,204.598638,-62.038205,6.4720001220703125,10.988116264343262,204.59875319997832,-62.03813576161827,3.3842836272757544,1.174421251500519,1.9123693031839877
SB85975_component_1740a,190.34223,-60.352448,8.017000198364258,17.31533432006836,190.3425509156501,-60.35217247517804,3.2913134468968597,1.4958732213488595,2.43580574372912
SB85975_component_1741a,191.292862,-65.831274,7.86899995803833,21.919219970703125,191.2935074966609,-65.83124160387156,2.6438560206709263,1.8278219138699976,2.976334526734716
SB85975_component_1742a,188.281183,-63.488829,7.638999938964844,13.472663879394531,188.28047798049113,-63.489057935049814,4.021171596620554,1.166637783607662,1.8996950902032534
SB85975_component_1743a,201.041585,-65.576539,6.581999778747559,23.59139633178711,201.0413101447396,-65.57669392247199,5.201331170735053,0.7771332564216459,1.265445241360663
SB85975_component_1744a,195.283193,-63.909847,7.269000053405762,26.432727813720703,195.2827588095845,-63.90988029983819,4.515198249835683,0.9886668801207653,1.6098961000594594
SB85975_component_1754a,200.396295,-60.628198,7.107999801635742,21.938270568847656,200.39618316091259,-60.628075475488195,4.4457551841609915,0.9818700226742157,1.5988284345839823
SB85975_component_1755a,196.778984,-59.413828,7.394999980926514,25.67708396911621,196.77909880470992,-59.413351389895205,3.9777679382475606,1.1416970311272996,1.8590828061690405
SB85975_component_1757a,198.953055,-59.021157,7.506999969482422,14.271862030029297,198.95329803548006,-59.02089307669792,6.34946562223286,0.7260748192134107,1.1823042152077203
SB85975_component_1759a,192.521478,-64.188735,7.073999881744385,27.525291442871094,192.5214725781812,-64.18883962595044,4.06201229047116,1.0694880899137393,1.7415013485653088
SB85975_component_1761a,203.669753,-64.335061,6.756999969482422,26.088802337646484,203.6691226665345,-64.33525309823249,2.9693797221869964,1.3974629931684992,2.275559410268277
SB85975_component_1762a,202.92942,-66.294467,7.3480000495910645,10.01089859008789,202.9302386634388,-66.29456235007616,4.183988566350875,1.078526446613979,1.7562189602252491
SB85975_component_1763a,200.442832,-64.710278,7.586999893188477,34.643836975097656,200.44254657401143,-64.71019784996862,4.27605128870186,1.089630646936278,1.7743004891533394
SB85975_component_1764a,203.460885,-62.234914,6.2210001945495605,13.793791770935059,203.46072001763275,-62.23508086636446,4.17916895832766,0.9141604389206953,1.488573507456124
SB85975_component_1766a,195.167544,-64.604114,7.3379998207092285,33.815670013427734,195.16727044982864,-64.60442220105502,3.636590769970274,1.2391828724310827,2.017823913898679
SB85975_component_1767a,192.601799,-66.257571,7.307000160217285,16.383407592773438,192.60174120430764,-66.25783355541168,5.431703690611286,0.8261429173373084,1.3452501418380856
SB85975_component_1776a,204.600959,-62.63005,7.2820000648498535,15.170833587646484,204.6004583819644,-62.630316148921764,2.3672438305310184,1.889121203254026,3.076151248524475
SB85975_component_1778a,199.341178,-64.50513,7.0320000648498535,33.80769348144531,199.34049426919415,-64.50533240898253,4.270693214180122,1.0111896797945044,1.6465711096974314
SB85975_component_1780a,194.954615,-63.2299,7.256999969482422,26.97769546508789,194.95488968335738,-63.22995499655579,3.5334994770419295,1.261258852007618,2.053771343857003
SB85975_component_1782a,202.89303,-61.714717,7.439000129699707,18.413366317749023,202.8925634479993,-61.71466752653404,5.318871050004991,0.8589091755274162,1.3986050911485675
SB85975_component_1791a,194.552395,-62.883819,6.9039998054504395,30.959640502929688,194.55216127546953,-62.88383764307018,6.260168221915548,0.6772778995610012,1.1028457320493354
SB85975_component_1792a,197.928224,-59.464948,6.879000186920166,22.480392456054688,197.92841121005904,-59.46465619165182,3.9091187116145623,1.0806836960400583,1.759731718170045
SB85975_component_1795a,199.058743,-61.07969,6.886000156402588,22.726072311401367,199.058700358334,-61.07947060405775,6.028814559287102,0.7014346894026029,1.1421814502147911
SB85975_component_1801a,203.771702,-61.043206,7.2170000076293945,13.38961124420166,203.77158172969177,-61.043318648108105,3.8201260185579002,1.1601954381385378,1.8892046944445609
SB85975_component_1802a,193.474247,-59.160451,7.086999893188477,11.303030967712402,193.474805029547,-59.1601648325053,2.2266811983838752,1.9545938213506473,3.182763611751974
SB85975_component_1806a,197.963223,-59.795675,6.6620001792907715,28.109704971313477,197.96328139499482,-59.79563585137299,3.7957393866172437,1.0778551251374977,1.755125813637046
SB85975_component_1808a,196.660016,-66.036449,7.199999809265137,24.08026695251465,196.65942866107162,-66.03667627951542,3.2220890421206656,1.3722937469321996,2.2345750583374167
SB85975_component_1810a,189.942933,-60.804928,7.171999931335449,15.42365550994873,189.94287154952556,-60.804858938851254,6.219668811313268,0.7081498286885649,1.1531160498915856
SB85975_component_1812a,200.15652,-64.147844,6.883999824523926,30.732141494750977,200.1564518214575,-64.14824024573697,3.7739174976219445,1.1202129431372871,1.8240991831066087
SB85975_component_1818a,192.839023,-65.305352,6.323999881744385,27.495651245117188,192.83910489256365,-65.30540366829139,4.8153073076290935,0.8065289893847162,1.3133117946023936
SB85975_component_1820a,202.093293,-63.704447,7.247000217437744,29.3400821685791,202.09297513240185,-63.70457568756631,3.6476176061317442,1.220115961274196,1.9867763016757403
SB85975_component_1821a,201.143601,-66.066625,6.775000095367432,17.55181312561035,201.14397666875206,-66.06641263525388,3.1314724511752106,1.3286569013476004,2.1635189838010045
SB85975_component_1822a,191.802264,-64.460475,6.98199987411499,28.97095489501953,191.80202617477076,-64.4606018505615,4.732667413631843,0.9059953911629123,1.4752779487534309
SB85975_component_1823a,204.945287,-65.21125,6.675000190734863,16.729324340820312,204.944690843825,-65.21124837142392,4.506780580601366,0.9095718384721795,1.4811016581251397
SB85975_component_1824a,203.136093,-64.128324,7.008999824523926,24.592981338500977,203.13559091636648,-64.12839011158698,3.026133780197295,1.4223944956519028,2.3161566320663325
SB85975_component_1827a,205.240044,-64.282991,6.764999866485596,20.194028854370117,205.23909523581668,-64.28296176496308,3.982002501308348,1.0433220866428394,1.6988939269281853
SB85975_component_1828a,202.754096,-60.677401,5.9670000076293945,13.592254638671875,202.75376919695228,-60.67741455776228,4.852691699491262,0.7551365217213447,1.2296268498274787
SB85975_component_1833a,203.253981,-59.791286,6.658999919891357,12.564151763916016,203.25387455882128,-59.7912393508691,4.0217115427457015,1.0168343983567747,1.6557626893710848
SB85975_component_1835a,200.033292,-65.209931,6.673999786376953,32.0865364074707,200.0323921325608,-65.20999287255599,4.620528052050617,0.8870471697940527,1.4444236050931436
SB85975_component_1841a,199.139289,-61.54982,5.8379998207092285,16.92173957824707,199.1390442915122,-61.54935867970059,6.468373232733986,0.5542697071588671,0.9025452939489211
SB85975_component_1847a,201.746598,-66.020078,7.182000160217285,16.472476959228516,201.74657138067514,-66.02058046493458,3.482421525562992,1.266532123066248,2.0623580768431515
SB85975_component_1853a,204.016804,-65.436432,6.754000186920166,19.86470603942871,204.01616218914938,-65.43664961939716,5.037247019895911,0.8234172428419345,1.3408117887098834
SB85975_component_1857a,194.427419,-62.619359,7.099999904632568,33.02325439453125,194.4274293043893,-62.61910748869648,3.319301964990294,1.3136017467540562,2.1390039169435218
SB85975_component_1864a,194.158663,-60.479947,6.502999782562256,29.161434173583984,194.15834335816336,-60.47989704091707,5.185894155459651,0.7700913201030477,1.2539785016082465
SB85975_component_1865a,195.494935,-60.029358,6.552000045776367,30.90566062927246,195.4949962611251,-60.02932582857596,5.29628584979618,0.7597218419412118,1.2370933577968628
SB85975_component_1867a,194.439957,-59.105853,6.576000213623047,11.456446647644043,194.4401087074603,-59.10591844416851,3.3062654697715255,1.221451520996626,1.9889510608709444
SB85975_component_1871a,198.77984,-59.869133,7.210999965667725,28.9598388671875,198.77994583011068,-59.86889478333732,4.978996668076448,0.8894177559576218,1.4482837499976826
SB85975_component_1876a,190.796818,-61.211527,6.1020002365112305,22.768657684326172,190.79672147235055,-61.211257927433095,3.564439123348294,1.0513157136660791,1.7119103526108903
SB85975_component_1877a,200.15306,-59.607275,6.89300012588501,21.813289642333984,200.1526463339135,-59.60693005650828,3.1871937446842242,1.3281647798324552,2.1627176375397736
SB85975_component_1879a,203.618311,-61.113389,6.508999824523926,13.504149436950684,203.61823760410624,-61.11361072818897,11.727042883446456,0.340861447529901,0.5550418711022056
SB85975_component_1881a,197.808117,-66.507497,5.394999980926514,10.276190757751465,197.80834119214686,-66.5073078453391,4.001764189890889,0.8279270866913311,1.3481553947019582
SB85975_component_1882a,202.16067,-64.602323,6.97599983215332,28.59016227722168,202.16034131099624,-64.60265689085261,4.274508822370541,1.0022414986799149,1.6320003354875745
SB85975_component_1884a,201.040007,-63.201806,5.935999870300293,18.72555160522461,201.0393350714075,-63.201802950895285,6.471256236581119,0.5633229224309965,0.917287100570196
SB85975_component_1888a,204.212995,-60.585815,6.3379998207092285,10.852739334106445,204.21293015458838,-60.58601025430932,3.6669117686645256,1.0614606520738321,1.7284298670260894
SB85975_component_1889a,193.288202,-61.853238,6.618000030517578,31.216981887817383,193.28842378594032,-61.853131988511926,7.650001354032423,0.5312725659484377,0.8650978900845733
SB85975_component_1892a,200.031495,-61.302612,6.078999996185303,12.691022872924805,200.03114491009367,-61.30277571453898,3.687578626262413,1.0123786819096565,1.6485072217556327
SB85975_component_1898a,190.530699,-60.188149,6.229000091552734,14.319540023803711,190.53084088482197,-60.18791569924576,3.6146728132962136,1.0582821768703812,1.7232541956881902
SB85975_component_1899a,204.216201,-64.523753,5.886000156402588,22.9921875,204.21578861903822,-64.52388274651564,3.242207558907098,1.1148889030268108,1.8154297803150747
SB85975_component_1905a,201.114134,-64.728427,6.25600004196167,28.697248458862305,201.1142490528701,-64.72834985803637,4.1285767736980015,0.9305688598082252,1.5152921660115133
SB85975_component_1909a,201.192918,-60.768686,6.251999855041504,14.815165519714355,201.19248984548278,-60.76837037178448,3.3301780472315157,1.1529318666835626,1.8773770550313347
SB85975_component_1911a,190.43486,-63.604633,6.793000221252441,22.12703514099121,190.4347002984442,-63.60457061331277,2.9855746664869236,1.3972876778711252,2.2752739355353833
SB85975_component_1917a,199.915357,-61.497505,6.1519999504089355,15.380000114440918,199.91462871717704,-61.497477574635276,2.7730656347870526,1.362411534600351,2.2184833540304414
SB85975_component_1921a,206.030835,-64.659494,5.966000080108643,10.672629356384277,206.03127218921324,-64.65953227779245,3.9404883520689573,0.9297910131082848,1.5140255590341203
SB85975_component_1922a,192.197574,-61.396421,6.335000038146973,29.059633255004883,192.19712056362332,-61.39616733933956,3.6165958054656873,1.0757188650718084,1.7516472337254323
SB85975_component_1923a,200.658377,-60.63341,6.585999965667725,20.45341682434082,200.65797310042242,-60.63328752376938,2.713923600589309,1.4903087242802668,2.426744792756002
SB85975_component_1926a,200.266227,-62.318709,6.110000133514404,14.478673934936523,200.2659557723441,-62.318505446805915,3.764092984504174,0.9968573466410307,1.6232330494139602
SB85975_component_1928a,195.939473,-62.907556,6.590000152587891,14.202587127685547,195.9395458156568,-62.90721362949594,4.682718140377197,0.8642503106561066,1.4073023306196815
SB85975_component_1930a,200.093291,-59.097822,6.585000038146973,13.411405563354492,200.09267654639285,-59.097600863088715,5.1207363084713595,0.7897243094455071,1.2859478874655674
SB85975_component_1931a,198.868369,-60.408651,6.0289998054504395,25.655319213867188,198.8689083364276,-60.408374292389055,3.6537853576183426,1.0133381103747094,1.6500695074711065
SB85975_component_1932a,191.042454,-65.303687,6.486000061035156,21.335527420043945,191.04237650111224,-65.30352872473851,3.6141963024873327,1.1020907278615624,1.7945898667904159
SB85975_component_1934a,195.347053,-66.207249,6.3480000495910645,16.66141700744629,195.3470299932001,-66.20733216306803,3.507049202952685,1.1115965749021886,1.8100687165285567
SB85975_component_1936a,191.058403,-62.029934,6.7129998207092285,23.30902862548828,191.05848817743504,-62.03001262051243,3.6421350439755606,1.131912167439973,1.8431496195653623
SB85975_component_1939a,199.001995,-61.356957,5.421999931335449,12.129754066467285,199.00202952020175,-61.356851797837095,4.45666456367351,0.7471395002227861,1.2166048967495637
SB85975_component_1940a,199.496297,-64.38082,5.896999835968018,26.325891494750977,199.49590717069856,-64.38104344106758,2.296991689597939,1.5766083748499107,2.5672708624384346
SB85975_component_1948a,196.957691,-59.675735,6.159999847412109,24.541833877563477,196.9577892202321,-59.67582662112138,3.863481343756992,0.9791608020603948,1.5944168741402276
SB85975_component_1950a,206.004394,-64.266634,6.019000053405762,10.098993301391602,206.00372611450024,-64.2667527415177,4.958502178727314,0.7454627999851331,1.2138746412632702
SB85975_component_1952a,198.175043,-60.549157,5.985000133514404,21.60649871826172,198.1752870671757,-60.548935180476164,3.547187574680018,1.0361727038029478,1.6872522265908916
SB85975_component_1953a,199.913456,-60.964632,5.605999946594238,18.68666648864746,199.91346487813337,-60.96453417027257,4.380220972707727,0.7859758579268635,1.2798440949723981
SB85975_component_1955a,192.506782,-65.240753,6.665999889373779,30.299999237060547,192.50652374924283,-65.24101905007794,3.4647029490612384,1.1815481752552484,1.9239744322611936
SB85975_component_1968a,201.976251,-60.541619,6.453999996185303,12.882235527038574,201.97576439702718,-60.54170388495849,2.969764374000001,1.3346245373759622,2.173236386256582
SB85975_component_1969a,195.769429,-60.339939,6.215000152587891,29.87980842590332,195.76951463066553,-60.33967709262541,3.30859664093375,1.1535846182166278,1.8784399632449293
SB85975_component_1973a,192.579865,-63.127086,6.644999980926514,28.51931381225586,192.58026917660635,-63.1269821164004,3.838895759930324,1.0630184489149723,1.7309665061202706
SB85975_component_1975a,199.045286,-64.569599,6.0289998054504395,25.98706817626953,199.04546328538177,-64.56973357937788,2.8886660407727507,1.2817403942663057,2.0871224711866017
SB85975_component_1976a,198.950992,-66.366287,6.4070000648498535,13.958605766296387,198.9503651202932,-66.36634655534142,2.853032609350523,1.379113882680224,2.2456806290441844
SB85975_component_1977a,201.520691,-62.821293,5.836999893188477,18.47151756286621,201.52028066301466,-62.82125042099203,3.1047433034299567,1.154558980645309,1.880026566685905
SB85975_component_1978a,193.56337,-59.746283,5.85699987411499,19.394041061401367,193.56294840134495,-59.74627393093953,3.2111698388815837,1.120118773255327,1.8239458415425704
SB85975_component_1981a,200.463302,-64.598905,6.316999912261963,30.224878311157227,200.46266143998758,-64.59904814829171,3.4887909857027943,1.1119571628006235,1.8106558799736878
SB85975_component_1985a,201.280896,-60.093973,6.335000038146973,19.138973236083984,201.28032754497386,-60.09406418477548,2.4949113324324395,1.559350139904967,2.539168408831026
SB85975_component_2000a,200.892797,-65.2561,5.960000038146973,23.74502182006836,200.8926564576753,-65.25601333998038,3.174374689284745,1.1530289518003056,1.8775351436190695
SB85975_component_2002a,202.062852,-60.373184,6.64900016784668,17.543535232543945,202.06197731138536,-60.373269586248156,4.068224653938001,1.0036991445058094,1.6343738936369978
SB85975_component_2005a,199.850156,-64.314848,5.692999839782715,24.64501953125,199.8499446965134,-64.31498048699717,5.7930617017281785,0.6035109507808466,0.982727292216547
SB85975_component_2007a,192.053963,-65.746179,5.926000118255615,21.316547393798828,192.0533727256511,-65.74608902426338,5.8627454236567145,0.6207443236727641,1.0107892616902079
SB85975_component_2011a,198.260195,-61.649902,5.760000228881836,16.842105865478516,198.2595408446272,-61.649909382226944,3.6928896657606582,0.9578738251276018,1.5597542169447394
SB85975_component_2017a,194.415668,-62.568225,6.078000068664551,24.909835815429688,194.41588188199864,-62.567994428685715,2.969562946568808,1.2569566573688364,2.046765863538066
SB85975_component_2022a,191.601585,-62.232142,5.7230000495910645,13.529550552368164,191.60161638026662,-62.23221825898635,4.954501964100426,0.7093750054050331,1.1551110668759565
SB85975_component_2024a,198.167185,-65.323507,5.909999847412109,28.009477615356445,198.16637045584952,-65.32373635160776,4.2617274904551055,0.8516358424245039,1.3867615563521136
SB85975_component_2025a,196.00568,-60.334823,6.22599983215332,30.519607543945312,196.00584198407415,-60.33461044811439,3.4439559072149777,1.1102062285117684,1.8078047454411508
SB85975_component_2028a,203.285578,-65.682758,6.460999965667725,19.22916603088379,203.2856283209935,-65.6831967861058,3.5297132909323903,1.1241194077408223,1.8304602762682238
SB85975_component_2029a,196.55113,-62.023772,5.829999923706055,21.592592239379883,196.55111863297344,-62.0236958551562,3.120798039943508,1.1472419577992903,1.8681118896792144
SB85975_component_2031a,195.23093,-62.33886,5.728000164031982,23.379592895507812,195.23058570127552,-62.33860503813282,3.038213032795237,1.157809041719018,1.885318804903575
SB85975_component_2032a,192.655626,-59.414867,5.576000213623047,13.501211166381836,192.6556288215131,-59.41451002295003,4.175747600040494,0.8200506533760749,1.3353298014393815
SB85975_component_2033a,204.461773,-64.192427,5.828999996185303,20.967626571655273,204.4614678351287,-64.19241179070332,13.506384867553331,0.26503734451639055,0.43157366337075365
SB85975_component_2041a,199.143312,-64.320245,5.308000087738037,24.574073791503906,199.14269957182162,-64.32043617035572,3.9232569590580897,0.830876173233319,1.352957540923448
SB85975_component_2043a,190.830422,-64.466985,6.070000171661377,21.756271362304688,190.83085925449015,-64.46702250394289,5.405039450581714,0.689671012577632,1.1230260624662225
SB85975_component_2048a,200.977024,-62.238313,5.418000221252441,13.928021430969238,200.97738933270725,-62.23821484062787,3.1795414348865516,1.0464697212443217,1.7040193789598341
SB85975_component_2051a,200.633347,-65.017359,6.025000095367432,28.966346740722656,200.63359469701766,-65.01771790714393,2.117656348393534,1.7472446164825168,2.8451264530895353
SB85975_component_2052a,190.770513,-65.496601,5.565999984741211,16.370588302612305,190.7704226384267,-65.4965852792449,2.9286386441923504,1.1671577268753959,1.9005417400261693
SB85975_component_2057a,202.370364,-61.960614,6.0,15.748030662536621,202.37051803287554,-61.96064798521707,2.707395124086952,1.3609800069312978,2.2161523253919038
SB85975_component_2060a,198.522289,-65.606622,6.296000003814697,28.233182907104492,198.52179496216766,-65.60680160459022,3.178699385562245,1.2163747577486572,1.9806843114549717
SB85975_component_2061a,192.509676,-59.567783,5.629000186920166,14.21464729309082,192.50935747581707,-59.56774661320654,3.5435210028512816,0.9755474303214452,1.5885330388590362
SB85975_component_2062a,202.931874,-65.105645,6.000999927520752,25.97835350036621,202.93145017612207,-65.10562626495725,4.546788694474149,0.8105335339539291,1.3198325963143944
SB85975_component_2064a,196.375203,-60.639946,5.706999778747559,28.113300323486328,196.37525508725815,-60.639727281634045,2.8851395404912394,1.2147675171407013,1.9780671605838012
SB85975_component_2065a,192.456025,-65.440164,5.313000202178955,22.045644760131836,192.45560075820373,-65.44014077019219,3.293742313689679,0.9906091856876449,1.6130588540872481
SB85975_component_2072a,200.689013,-61.984527,5.493000030517578,12.019694328308105,200.68894181702888,-61.984343395995744,8.50681196345946,0.39654721643561347,0.6457178146304933
SB85975_component_2077a,195.146298,-61.307567,5.913000106811523,27.375,195.1461562117796,-61.30742346411383,2.442491192839867,1.486712585405342,2.42088901861567
SB85975_component_2081a,189.741534,-64.450974,5.275000095367432,12.529691696166992,189.74185658022415,-64.45096792784409,2.642969156836647,1.2256952815994004,1.9958613901045466
SB85975_component_2082a,197.625356,-59.941297,6.113999843597412,28.04587173461914,197.62502142413112,-59.94149316464013,3.129122280629624,1.1999275528473667,1.9539024989356402
SB85975_component_2088a,195.914234,-64.935213,6.1020002365112305,25.746835708618164,195.91434272356997,-64.93538450959706,3.4730518067350515,1.0789792578144746,1.7569562955202798
SB85975_component_2090a,205.885808,-64.974456,5.539000034332275,10.550477027893066,205.88545113691652,-64.97444041111774,2.466750494738771,1.378980996516896,2.245464243808272
SB85975_component_2093a,192.507046,-59.367331,4.769000053405762,10.692825317382812,192.50762084473917,-59.36725570344714,3.865488263690494,0.7576613015466677,1.2337380760413068
SB85975_component_2101a,198.999705,-60.862125,5.940999984741211,25.830434799194336,199.00021420277102,-60.86184322847816,2.4002444001344982,1.5200442243557128,2.475164605907759
SB85975_component_2104a,190.339553,-62.494698,5.783999919891357,20.153308868408203,190.33920111015215,-62.49448586234228,3.0178872685285656,1.1770025473583932,1.9165725573014754
SB85975_component_2107a,199.621416,-59.793748,5.360000133514404,20.69498062133789,199.621257838003,-59.793511146263874,5.870001639974708,0.5607621799086804,0.9131173144846854
SB85975_component_2110a,190.880875,-62.721239,5.132999897003174,18.39784812927246,190.88071968830099,-62.72104750653654,2.6966755187557725,1.168946676323544,1.9034547765581766
SB85975_component_2117a,197.625975,-64.004061,5.488999843597412,22.966527938842773,197.62523738604824,-64.00426665699929,3.269272507584525,1.0310844411052065,1.6789667520413936
SB85975_component_2120a,199.841354,-60.742177,5.376999855041504,18.800697326660156,199.84121834055927,-60.7420928439587,2.888180267622848,1.1433201712396444,1.861725847004387
SB85975_component_2121a,199.457319,-63.954257,5.817999839782715,24.54852294921875,199.4567459426361,-63.95422490033368,2.632255225152872,1.3573687483990509,2.210271931151671
SB85975_component_2131a,191.983532,-65.629879,5.511000156402588,20.875,191.98321684924008,-65.62981445603882,3.2905921394207813,1.0285099674064435,1.674774606789357
SB85975_component_2132a,198.074461,-65.301596,5.164999961853027,25.19512176513672,198.07365462275436,-65.3018039359586,3.039414781311409,1.0435961995557301,1.69934027879686
SB85975_component_2139a,194.806354,-61.347516,5.383999824523926,25.884614944458008,194.8063917484084,-61.3472769807598,4.392187960683803,0.7527941877895444,1.2258127094555653
SB85975_component_2140a,196.694899,-59.270269,5.517000198364258,15.584746360778809,196.69472076840552,-59.27028556919782,4.618754767102156,0.7335508640986939,1.1944778358141037
SB85975_component_2142a,193.338252,-60.683926,5.763000011444092,23.522449493408203,193.3380096124117,-60.68382936410849,3.675650832843266,0.9628674573976086,1.567885600000307
SB85975_component_2144a,190.766119,-64.421664,6.025000095367432,19.950332641601562,190.76604276877447,-64.42140881435773,2.6145429653706973,1.4151856379097683,2.304418085748761
SB85975_component_2148a,194.799738,-60.016587,5.263000011444092,22.206750869750977,194.79972540692756,-60.01634644684843,3.8272809714784137,0.8444912657903334,1.375127682201781
SB85975_component_2149a,201.77355,-63.558341,5.072999954223633,20.621950149536133,201.7731816011443,-63.558353775208275,2.993042884007215,1.0408881310094193,1.6949305943226853
SB85975_component_2151a,201.831281,-65.249172,5.388000011444092,22.172840118408203,201.83107335317027,-65.24913382896857,1.8759969416319142,1.763792937823895,2.8720729186035427
SB85975_component_2152a,203.378129,-61.021002,5.949999809265137,12.421711921691895,203.3776684387999,-61.02123107454707,4.848571430490452,0.7536249899665798,1.2271655465047508
SB85975_component_2154a,190.532624,-60.652023,5.480000019073486,15.568181991577148,190.53260069418852,-60.651967652687844,2.7816243209733695,1.2098575040272666,1.9700719388144687
SB85975_component_2156a,191.430521,-62.219838,4.908999919891357,13.867231369018555,191.43048969141915,-62.21985004857607,3.53377113492371,0.8531133605883428,1.3891674736307835
SB85975_component_2164a,198.380007,-60.856017,5.671999931335449,19.55862045288086,198.37973396747128,-60.85605746793383,2.390703502633975,1.457010348923221,2.3725233702490844
SB85975_component_2167a,202.322695,-59.733048,5.09499979019165,12.044916152954102,202.32270389158742,-59.73321994092725,2.2905010737647187,1.3660475231073332,2.224404017334685
SB85975_component_2169a,196.446445,-59.390453,5.053999900817871,16.250804901123047,196.44646938807773,-59.39054326458352,2.257866573580332,1.3746403648213894,2.2383961744930168
SB85975_component_2176a,192.925092,-61.263544,5.334000110626221,24.467891693115234,192.9249583623197,-61.263281923076505,5.516105368717048,0.5938443164635077,0.9669866244536258
SB85975_component_2179a,192.924353,-63.364714,5.164999961853027,19.27238655090332,192.92386361574424,-63.36488891163176,2.546130582457061,1.2457812401707757,2.0285683685825378
SB85975_component_2182a,194.020335,-65.041345,5.054999828338623,21.15062713623047,194.0193974314775,-65.04148682845897,3.04071694667605,1.02093310847177,1.6624368255863078
SB85975_component_2187a,193.716207,-60.259722,5.13100004196167,21.649789810180664,193.7166592432373,-60.25935225220444,3.382569788244232,0.93155261655419,1.5168940666927035
SB85975_component_2190a,198.250596,-64.505873,5.613999843597412,27.120771408081055,198.24999798886037,-64.50620412370971,6.130077803751407,0.5624171391567143,0.9158121680220483
SB85975_component_2196a,195.791343,-63.014138,5.434000015258789,16.367469787597656,195.7913978229078,-63.01407915105965,2.973813101342109,1.1221685740996687,1.8272836355473634
SB85975_component_2197a,196.692052,-65.63801,5.642000198364258,24.318967819213867,196.69193327482924,-65.63784611837063,3.0048584816056207,1.1530847048433592,1.8776259291084825
SB85975_component_2203a,205.399659,-65.032603,5.5329999923706055,11.62394905090332,205.39976512686098,-65.03266129010491,3.519020355379212,0.9655861506442107,1.5723125852093474
SB85975_component_2206a,198.958979,-65.154371,5.320000171661377,25.576923370361328,198.95798113181115,-65.15468642239188,3.329050436420403,0.9813940232982863,1.5980533408144348
SB85975_component_2208a,192.289974,-65.04612,4.9730000495910645,22.502262115478516,192.2900337355323,-65.04644773635047,2.462888178575744,1.2400120536474695,2.0191741114559596
SB85975_component_2212a,200.739374,-63.966066,4.915999889373779,20.483333587646484,200.7391444538314,-63.96612324806861,4.015068906565392,0.751918895802926,1.2243874274075834
SB85975_component_2217a,200.845072,-64.962922,5.4039998054504395,24.675798416137695,200.84461113568702,-64.96323024584734,2.0539962456543654,1.6157263834208269,2.6309686869601965
SB85975_component_2224a,196.279232,-59.706094,5.006999969482422,21.76956558227539,196.27968472782894,-59.70585432879529,2.229934531419508,1.378915372908474,2.245357385579889
SB85975_component_2226a,199.408433,-65.847731,5.558000087738037,19.850000381469727,199.40814703177205,-65.84769853930165,3.735950390199811,0.9136283895760425,1.4877071446981331
SB85975_component_2228a,195.347368,-66.004806,5.36299991607666,18.241497039794922,195.34710068321212,-66.00488512689134,2.9850625356016316,1.1033327101875243,1.7966122491955638
SB85975_component_2230a,189.878666,-61.306094,5.682000160217285,13.183295249938965,189.87803666828717,-61.305746526929546,2.169292760429907,1.6085523969595348,2.619286923306394
SB85975_component_2237a,202.956246,-65.299673,5.072000026702881,18.578754425048828,202.9558840821191,-65.2997043375653,3.4212376686963384,0.9104333113530599,1.4825044378269006
SB85975_component_2238a,194.734493,-62.83895,4.85699987411499,21.396474838256836,194.7344386915538,-62.83889718100681,12.498175785929693,0.2386566833918473,0.38861670353388267
SB85975_component_2239a,199.666554,-60.951259,5.293000221252441,18.6373233795166,199.66655315521677,-60.95101383727653,2.495952111682531,1.3023202724706013,2.120633723891605
SB85975_component_2257a,194.415566,-61.155867,5.293000221252441,23.629465103149414,194.41531405107372,-61.15576720260804,2.2749378121934516,1.4288430289115768,2.326657103716181
SB85975_component_2258a,195.390269,-62.861593,5.26200008392334,18.528169631958008,195.3895018721842,-62.861295335335576,3.440427393429999,0.9392703023995762,1.5294611634507682
SB85975_component_2263a,197.517196,-59.142273,5.377999782562256,12.306635856628418,197.51700040693817,-59.142076265781284,3.400066148413952,0.9713719345191094,1.5817338686398679
SB85975_component_2266a,198.962951,-66.08767,5.045000076293945,14.414286613464355,198.96276205005157,-66.08738325863143,2.979545565311654,1.039832251033689,1.693211251752161
SB85975_component_2268a,194.819522,-59.87727,5.336999893188477,21.607288360595703,194.81977302885662,-59.87756036714865,3.6248646528438035,0.9041854959853408,1.4723308052347437
SB85975_component_2276a,201.641622,-59.528724,5.453999996185303,13.913265228271484,201.64098132944886,-59.52903509549424,2.1565162923976025,1.553154027376834,2.529078966577886
SB85975_component_2281a,196.391894,-64.782195,4.940999984741211,22.875,196.39136429693738,-64.78188007700707,2.410476935905965,1.2588210877039023,2.0498018094017407
SB85975_component_2282a,203.513913,-63.067711,4.894999980926514,12.847768783569336,203.51340255763446,-63.06789514834469,6.094572836036691,0.493243715133742,0.8031735960201829
SB85975_component_2285a,198.3904,-60.746289,5.093999862670898,19.82101058959961,198.39038388383253,-60.746269580255,4.166483131344286,0.7508296915997281,1.2226138213182578
SB85975_component_2287a,193.440983,-65.990401,5.005000114440918,13.033854484558105,193.44016115018715,-65.9903006213704,2.1258020662769725,1.4458838416129287,2.3544055177283907
SB85975_component_2293a,199.507284,-61.232789,5.2230000495910645,14.270491600036621,199.50746498465708,-61.2325415805604,3.4793968841685143,0.9218668478423294,1.5011222414309962
SB85975_component_2299a,197.018966,-66.141384,4.620999813079834,14.131498336791992,197.01906867619962,-66.14133358601902,2.09026902768648,1.3576439945355117,2.2107201283053883
SB85975_component_2301a,193.907496,-60.072758,4.960000038146973,21.19658088684082,193.90728670519076,-60.07284336458667,3.7588553533054663,0.810360387718703,1.319550653574696
SB85975_component_2302a,199.464376,-61.897876,4.321000099182129,12.137640953063965,199.46414972117415,-61.8975877686435,2.6402957359850605,1.0050411399749961,1.6365591324829447
SB85975_component_2307a,194.146148,-60.998603,4.901000022888184,20.85531997680664,194.1455887195169,-60.998445008543804,3.5041709604473805,0.8589177064066079,1.3986189824090285
SB85975_component_2325a,197.959465,-59.256249,4.953000068664551,13.314516067504883,197.95905785359875,-59.25626062775031,2.7128641453907063,1.121224104170026,1.825745707568862
SB85975_component_2331a,200.479718,-63.972638,4.85699987411499,21.87837791442871,200.47928444397098,-63.972857273963186,2.866018041973952,1.0407377545550653,1.6946857287645551
SB85975_component_2332a,198.202021,-66.047331,5.170000076293945,18.66425895690918,198.20127489620475,-66.04716679408183,2.9764954507688954,1.0666881336256786,1.7369420386509975
SB85975_component_2338a,199.65472,-63.769977,5.296000003814697,20.768627166748047,199.65431627816594,-63.76993204324614,3.361339122642154,0.9675820074317021,1.575562539388117
SB85975_component_2340a,198.326416,-63.613154,5.386000156402588,16.674922943115234,198.32592186256556,-63.613313925666276,2.640347522173699,1.252729794618087,2.0398830499284033
SB85975_component_2349a,191.271998,-65.321663,4.500999927520752,15.520689964294434,191.27198974189864,-65.32173786426566,1.9903873508003174,1.388748300111563,2.2613688364282156
SB85975_component_2353a,200.042979,-65.146703,4.794000148773193,21.69230842590332,200.0424118081865,-65.1467010972522,3.057879926909973,0.962785969003416,1.5677529083418236
SB85975_component_2360a,194.964625,-61.092477,5.191999912261963,23.178569793701172,194.9650389876432,-61.092648943921574,3.0629316368811734,1.0409970773289456,1.695107997104601
SB85975_component_2367a,205.167266,-64.528723,4.769000053405762,13.247221946716309,205.16617309106104,-64.5286208870451,3.3006682086017176,0.8873145326599866,1.444858965520222
SB85975_component_2369a,202.360229,-63.676908,4.940000057220459,19.221790313720703,202.3594031753069,-63.67694035111756,3.898676620745424,0.7781474124504291,1.2670966427258936
SB85975_component_2372a,191.667797,-61.320269,4.785999774932861,20.89956283569336,191.66757644291098,-61.31995588107621,2.8925729493324694,1.0161094509679218,1.6545822210075447
SB85975_component_2374a,201.212805,-66.089516,4.682000160217285,11.391727447509766,201.2128196226857,-66.08928833107858,2.0436860034970015,1.4069199600389792,2.2909586659622856
SB85975_component_2377a,192.769023,-61.389541,4.486000061035156,19.33620834350586,192.7691980574422,-61.38933632761363,2.6212011233936248,1.051020210088848,1.7114291692455892
SB85975_component_2381a,204.05524,-62.51602,4.966000080108643,10.633832931518555,204.0550202179495,-62.515867192801345,2.195563641328268,1.3890338501152768,2.261833811888195
SB85975_component_2382a,191.90899,-64.689612,4.163000106811523,17.790599822998047,191.90900425281828,-64.68965275669832,2.008801543662546,1.2726867597921045,2.072379981957469
SB85975_component_2386a,196.123559,-60.102327,4.7179999351501465,20.42424201965332,196.12411783871534,-60.10202852837797,2.5155916469479958,1.1517810370685788,1.875503101178679
SB85975_component_2388a,197.054412,-59.785068,4.781000137329102,19.200803756713867,197.05450624206915,-59.78491241542494,2.4240678279934644,1.211228624827649,1.9723046039048342
SB85975_component_2392a,192.774333,-61.726,5.008999824523926,22.97706413269043,192.7739531021312,-61.725917024546305,2.82426486112544,1.0891751677229649,1.7735588093985957
SB85975_component_2397a,191.218902,-64.190412,5.084000110626221,19.40458106994629,191.21907872770888,-64.19044638499416,3.583946739403821,0.871156420411749,1.4185478971353043
SB85975_component_2399a,202.459729,-65.070102,4.23799991607666,18.506549835205078,202.45874668780647,-65.06993983713674,2.2664649883902674,1.1483230082094849,1.8698722185365213
SB85975_component_2400a,200.155925,-60.158565,4.668000221252441,16.436620712280273,200.15538074527848,-60.1581514051491,2.693682420151755,1.0642327351810816,1.7329437896355497
SB85975_component_2402a,191.189107,-64.042757,3.809000015258789,14.821011543273926,191.18961209897026,-64.04284735151933,2.093492613924528,1.117356291795056,1.8194475537787145
SB85975_component_2403a,193.772435,-63.319666,4.90500020980835,21.142242431640625,193.77210702660042,-63.319622446607326,2.5731694047028686,1.1706384613645582,1.9062095953899096
SB85975_component_2407a,194.562976,-59.298376,4.822999954223633,11.401890754699707,194.56244947566586,-59.2979949390365,2.817555128734877,1.0512281280949338,1.7117677326119363
SB85975_component_2408a,199.153751,-61.449699,4.254000186920166,12.47507381439209,199.15318163249228,-61.449399310313716,2.093670272200766,1.24778958249222,2.0318386535853925
SB85975_component_2414a,195.188983,-60.42064,4.408999919891357,20.506975173950195,195.1888909844598,-60.420525932754565,2.0956391052987313,1.2920393316084549,2.1038927498267213
SB85975_component_2415a,195.715216,-64.555512,4.683000087738037,22.955883026123047,195.71506063893048,-64.55575419310281,2.806755693819268,1.0246409085883517,1.6684744233530657
SB85975_component_2427a,194.308492,-59.596481,4.5,12.465373992919922,194.30946971389537,-59.59652487569404,2.401219750226195,1.1508871588278797,1.8740475541966117
SB85975_component_2449a,200.94713,-59.574049,4.76200008392334,14.257485389709473,200.9461053282317,-59.57420180166856,2.632430154725293,1.1109248438744712,1.8089749030474385
SB85975_component_2451a,190.195877,-63.104156,4.64900016784668,13.16997241973877,190.19600019907796,-63.103899396775525,3.501913992171938,0.8152789397308237,1.3275597796630356
SB85975_component_2454a,197.060938,-61.382456,4.10699987411499,16.69512176513672,197.06072213406654,-61.38200426416507,2.83988658590297,0.8881285487579141,1.446184468950942
SB85975_component_2464a,198.336636,-64.810074,4.513999938964844,20.898147583007812,198.33582284827827,-64.81018915919564,2.006446010048629,1.3816123548008925,2.249749017096872
SB85975_component_2473a,202.494823,-63.449958,4.1020002365112305,14.59786605834961,202.49466645463963,-63.44997398891034,3.0813320444226804,0.8175405786251922,1.3312425202392568
SB85975_component_2478a,202.870026,-60.439027,4.367000102996826,10.20327091217041,202.87027655354743,-60.438765099875404,3.6767787128159544,0.7294035068142493,1.1877244849615245
SB85975_component_2480a,200.206124,-60.629859,4.432000160217285,14.972972869873047,200.20609108349046,-60.62975431931192,2.800505347234696,0.9718863858905739,1.5825715757313503
SB85975_component_2481a,194.660245,-60.652426,4.361000061035156,20.76666831970215,194.65996581281033,-60.65229611527512,3.4130536428702105,0.784684575965688,1.2777414354870114
SB85975_component_2483a,194.159584,-63.062982,3.8350000381469727,16.673912048339844,194.1596449864422,-63.06290748687045,2.554271123155201,0.9220416016601674,1.5014068018784679
SB85975_component_2489a,191.888747,-64.083606,4.209000110626221,16.636363983154297,191.88827759574664,-64.08355731574501,2.500814270043307,1.033593181698733,1.6830518607658669
SB85975_component_2491a,196.675127,-60.111386,4.361999988555908,20.870813369750977,196.6749663188127,-60.11128964960136,2.298000628656025,1.1657023027007238,1.898171799503381
SB85975_component_2499a,195.291298,-62.140872,4.26800012588501,17.783334732055664,195.2911333733443,-62.14089088703964,2.0562233125890996,1.2746950000242818,2.0756501007232258
SB85975_component_2501a,192.785595,-62.228695,4.478000164031982,20.82790756225586,192.7850298878838,-62.22844781399285,2.327630972867485,1.181468412815329,1.9238445510610247
SB85975_component_2509a,200.085567,-63.716057,4.068999767303467,17.691303253173828,200.08463530489269,-63.71600133677642,2.665338723497088,0.9375347920562916,1.5266351445060198
SB85975_component_2511a,195.008629,-62.085327,4.458000183105469,16.450185775756836,195.00869706337488,-62.084950534370414,2.378453981296794,1.1510586858492657,1.8743268602888221
SB85975_component_2517a,194.790994,-64.303368,3.993000030517578,19.28985595703125,194.79077217134994,-64.30352151718078,5.88295193273438,0.41682729592265333,0.6787408899772606
SB85975_component_2522a,193.255046,-64.156729,4.052999973297119,16.408906936645508,193.25462719548202,-64.1573617102544,2.1168170722541744,1.175832361707762,1.9146670850406198
SB85975_component_2523a,199.552563,-59.790765,4.310999870300293,16.517240524291992,199.55237486973868,-59.79046954833338,2.4150329056832356,1.0962436599449792,1.7850687914667027
SB85975_component_2531a,202.699479,-65.816238,4.6519999504089355,13.291428565979004,202.6998609249856,-65.81667486043288,3.0935479130942083,0.9234959433661493,1.5037749797629423
SB85975_component_2532a,191.777619,-60.26293,3.9189999103546143,16.261409759521484,191.7781313493986,-60.26288400709747,3.3160809795192576,0.7257754327290409,1.1818167091090652
SB85975_component_2535a,194.81571,-62.017654,4.077000141143799,19.23113250732422,194.81524574848405,-62.01772496290579,2.1344652058180658,1.1730155901178325,1.9100803939229487
SB85975_component_2536a,201.171872,-60.721796,4.063000202178955,12.237953186035156,201.17098685856934,-60.72180713023293,2.382919930478927,1.0471033081763048,1.7050510804877779
SB85975_component_2537a,201.317,-63.506086,4.044000148773193,15.858824729919434,201.3163634470547,-63.50634757265302,2.611661416652743,0.9509253547750848,1.5484396725346652
SB85975_component_2539a,199.231135,-65.728698,4.079999923706055,14.836362838745117,199.2310910371328,-65.72903455428452,2.7700064826481894,0.9045477692810634,1.4729207130972062
SB85975_component_2547a,198.611643,-65.595867,4.669000148773193,20.212121963500977,198.61089129984612,-65.59568360142951,2.865599939407132,1.0005999247155215,1.6293272778820511
SB85975_component_2548a,197.812968,-59.755179,4.679999828338623,20.347824096679688,197.81293580724216,-59.75531417231575,2.312090857301596,1.2430628236796257,2.024141834028346
SB85975_component_2559a,196.95597,-59.356796,4.303999900817871,12.88622760772705,196.95636246241313,-59.3568444003578,1.6479426462980424,1.603918502272469,2.6117413190843908
SB85975_component_2565a,200.563754,-63.79797,4.14300012588501,17.334728240966797,200.56347633582473,-63.798350181031935,4.078674494672894,0.6238038298773846,1.0157712098124356
SB85975_component_2567a,190.782462,-60.308854,4.491000175476074,12.23705768585205,190.78207028539458,-60.309209216248036,3.0542806609813065,0.902996916132807,1.4703953807680417
SB85975_component_2570a,198.662297,-63.482766,4.486999988555908,12.675141334533691,198.66173286255594,-63.4827519841285,2.7723953354089708,0.9939236998882366,1.618456044579229
SB85975_component_2582a,193.557337,-61.798118,4.133999824523926,20.364532470703125,193.55745564922373,-61.79834057872901,2.2494965481125204,1.1285927607698871,1.8377444624187713
SB85975_component_2595a,194.322597,-65.84046,4.35099983215332,13.85668659210205,194.3230244395403,-65.84031495830197,2.9668522677975075,0.9006276633839894,1.4665374071299337
SB85975_component_2597a,194.770147,-65.612826,4.383999824523926,18.19087028503418,194.76965970066956,-65.61302551860659,1.7043926788802914,1.5796213881453798,2.572177103813902
SB85975_component_2600a,194.114276,-62.609568,3.7980000972747803,16.95535659790039,194.11444392323702,-62.60935011641733,2.5429793280595527,0.9172004922713995,1.493523779516086
SB85975_component_2601a,193.801612,-59.80906,3.8489999771118164,14.747125625610352,193.80194254145266,-59.80856757152606,1.8074676556565674,1.30776440216554,2.1294986746048616
SB85975_component_2615a,194.61132,-59.853755,3.8499999046325684,13.999999046325684,194.6109417780897,-59.85342610370163,4.38030403391456,0.5397698227692613,0.878934401544709
SB85975_component_2619a,193.711072,-65.515303,4.434000015258789,18.24691390991211,193.7107379611251,-65.51532558363998,3.13405844461977,0.8688418600241127,1.4147789818248684
SB85975_component_2632a,195.045373,-61.717755,3.9140000343322754,20.38541603088379,195.04514264252128,-61.7172635459132,2.401815910030421,1.0007676199405446,1.6296003444671585
SB85975_component_2636a,203.958304,-64.568283,3.802000045776367,14.623077392578125,203.9581788034838,-64.56830322728749,3.1607388825310783,0.7387128201469294,1.2028833089596365
SB85975_component_2640a,199.327798,-60.06278,3.684999942779541,15.680850982666016,199.327338100513,-60.06265120991873,3.1378395670092747,0.7212052639102018,1.1743748729294576
SB85975_component_2656a,190.581071,-63.907544,3.993000030517578,13.265780448913574,190.58134999684916,-63.90747945391897,3.1210200616226906,0.785696630507936,1.2793894148958225
SB85975_component_2658a,192.740338,-65.361386,3.6989998817443848,15.036584854125977,192.74009227682976,-65.36147324750848,2.4649963932271763,0.9215526805391019,1.5006106669801855
SB85975_component_2662a,200.915956,-63.588872,3.933000087738037,14.250000953674316,200.9160135570097,-63.58876581996578,2.193901574371756,1.1009280922955502,1.7926966887127962
SB85975_component_2669a,200.956391,-59.765513,4.039000034332275,12.276596069335938,200.9565743467026,-59.765479425705536,2.7897838836667908,0.8891098737895179,1.4477824099491035
SB85975_component_2673a,193.232227,-60.527081,3.937999963760376,17.65919303894043,193.2322413501133,-60.52708817771765,2.2372343301796307,1.0809767928162353,1.7602089824199096
SB85975_component_2675a,202.38584,-60.219616,4.002999782562256,11.636627197265625,202.38507060188607,-60.21984871838492,2.4329733231280453,1.010416330879164,1.6453118266893474
SB85975_component_2680a,191.480059,-63.608173,3.7909998893737793,13.886445999145508,191.47915317686764,-63.60837351202806,2.1072803410273537,1.1047998168328599,1.799001212874016
SB85975_component_2683a,200.814435,-62.28136,3.9820001125335693,10.005024909973145,200.8143486887688,-62.281396111943025,2.6242633354348386,0.9318499636381119,1.5173782519328438
SB85975_component_2689a,195.20135,-63.249962,4.343999862670898,15.404254913330078,195.20145876052533,-63.249724033968285,5.719753216791918,0.4664065588332791,0.7594733020854615
SB85975_component_2692a,191.099139,-64.425862,3.690000057220459,13.516483306884766,191.09926909895444,-64.42580507168239,3.780727538849432,0.5993812175627777,0.9760026395193282
SB85975_component_2707a,193.6668,-62.512567,4.196000099182129,18.323144912719727,193.66659744809166,-62.51273257827828,1.4723658690104704,1.7501363524589335,2.8498352124951967
SB85975_component_2712a,199.690307,-60.367447,3.441999912261963,13.498039245605469,199.69067398490105,-60.36726345121997,2.3682534617260855,0.8925546389969452,1.453391694718894
SB85975_component_2722a,202.572585,-62.069535,4.165999889373779,12.217008590698242,202.5725645515041,-62.06967088119522,1.741183635750661,1.4693552689812184,2.3926252256429743
SB85975_component_2728a,191.73421,-64.971267,4.181000232696533,16.791166305541992,191.7347675893696,-64.9712004707016,1.4545911266488842,1.7651897429053902,2.8743474067030808
SB85975_component_2729a,190.920687,-65.701357,4.035999774932861,12.304877281188965,190.91987399828704,-65.70146159393771,1.4174623142814542,1.748605135469953,2.847341854713652
SB85975_component_2734a,199.228093,-64.004505,4.1529998779296875,17.900861740112305,199.2271471331942,-64.00475781328308,1.9856979448757035,1.284401693268163,2.0914559984548142
SB85975_component_2736a,201.917252,-64.144964,3.4800000190734863,15.263157844543457,201.91663455077529,-64.1450084775374,2.819076504299996,0.7580965527562052,1.2344468175182086
SB85975_component_2737a,192.673952,-64.569825,3.8340001106262207,17.040000915527344,192.67447486234707,-64.56961532629789,2.4095516753225144,0.9771652493092535,1.5911674150391675
SB85975_component_2739a,199.603439,-63.653636,3.6989998817443848,15.60759449005127,199.60234408625973,-63.6540556253574,1.5789485887968644,1.4386941093684795,2.3426981144224386
SB85975_component_2741a,194.840879,-64.238824,4.126999855041504,20.033979415893555,194.84037000232917,-64.23883333101696,2.1274545085032472,1.1913141734002486,1.9398768991516626
SB85975_component_2761a,193.020221,-63.322011,4.020999908447266,15.003730773925781,193.02028612721693,-63.3223699766723,2.292632945409439,1.0770892010598174,1.7538786208662631
SB85975_component_2782a,195.213898,-62.705325,3.76200008392334,14.142857551574707,195.213293186887,-62.70511892115133,2.3906716025775303,0.9663868584181466,1.5736164180255021
SB85975_component_2794a,195.616957,-64.548776,3.8420000076293945,20.32804298400879,195.61675728916023,-64.5491979519486,2.966140547867636,0.7954589506882964,1.295285892771135
SB85975_component_2796a,195.722282,-59.517739,3.566999912261963,13.51136302947998,195.72207185879358,-59.51787897740501,2.3861410864579575,0.9180347427512946,1.494882231610579
SB85975_component_2804a,192.548296,-65.999757,4.0329999923706055,11.171745300292969,192.54805272281376,-66.0000840726488,2.51111786178151,0.9863096025869968,1.6060576262674495
SB85975_component_2819a,196.775501,-64.386031,3.86299991607666,17.168888092041016,196.77528214304093,-64.38624478240925,2.7946383179923395,0.8488896267988152,1.3822897550663473
SB85975_component_2830a,191.670326,-62.814803,3.7850000858306885,13.966790199279785,191.6703681806357,-62.81474774527291,3.8458924130700765,0.6043950519510328,0.9841669187020291
SB85975_component_2835a,194.050742,-62.39874,3.502000093460083,17.082927703857422,194.0503174581681,-62.39873510057257,2.966959915100256,0.7248641345854121,1.1803327964212647
SB85975_component_2841a,192.339773,-61.679046,3.440999984741211,15.293334007263184,192.33964851478893,-61.678918715489,4.917926045924771,0.42968957237715966,0.6996851828612974
SB85975_component_2862a,191.756463,-61.730334,3.0769999027252197,11.92635726928711,191.75633642279524,-61.72987774225876,2.9672529252963926,0.6368322569800453,1.0369860541692328
SB85975_component_2867a,195.696887,-59.551868,3.372999906539917,13.995850563049316,195.69698082734567,-59.55205172194269,2.475591210940358,0.8367380804295915,1.3625027797940341
SB85975_component_2919a,193.868204,-62.977272,3.302000045776367,15.723810195922852,193.86845133757342,-62.9771250163034,3.0022972076926515,0.6754225094386598,1.0998245068195782
SB85975_component_2932a,193.124495,-65.19347,3.2809998989105225,13.229838371276855,193.1248399416534,-65.19326101493233,1.5780861818574548,1.276814004108568,2.079100581850788
SB85975_component_2934a,201.648708,-65.067217,3.428999900817871,14.228215217590332,201.64855777083258,-65.06694857372376,2.215979256146131,0.9502850990174986,1.5473971118219478
SB85975_component_2938a,191.142553,-65.139762,3.4079999923706055,12.39272689819336,191.14243447913447,-65.13980003212902,2.561353391411857,0.8171131882338635,1.330546578928753
SB85975_component_2945a,197.489003,-60.09917,3.6530001163482666,17.5625,197.48856409301467,-60.09897876877082,2.3823279262974304,0.9416733543728325,1.5333741740691809
SB85975_component_2967a,194.96115,-61.657197,3.390000104904175,14.80349349975586,194.96131369791533,-61.65705588873138,2.483493650161645,0.8382794024536204,1.365012592113343
SB85975_component_2968a,198.719272,-63.825817,3.515000104904175,12.50889778137207,198.71838388115077,-63.826113543429784,2.196875530436017,0.9825892946775062,1.5999996614312273
SB85975_component_2972a,194.908896,-61.704816,3.0940001010894775,14.258065223693848,194.90913682047864,-61.70446685103826,2.7502627101616963,0.6908730957631655,1.124983475090484
SB85975_component_2996a,193.278007,-61.465794,3.5829999446868896,15.443965911865234,193.27791031923266,-61.46582532977802,2.390359664110824,0.9205252106828739,1.4989375860388396
SB85975_component_3008a,191.856186,-63.289322,3.4749999046325684,16.162790298461914,191.8560104939764,-63.28966551002027,5.718811254700062,0.37316523003553254,0.6076437479513955
SB85975_component_3019a,192.799648,-61.364292,2.740000009536743,11.709402084350586,192.7996145386725,-61.36388115594779,2.3253670993508253,0.723621027203381,1.178308582030627
SB85975_component_3065a,200.909754,-64.098375,3.305000066757202,14.063830375671387,200.9098440342803,-64.09815719975322,2.3682162825771194,0.8570422799786859,1.3955651310532602
SB85975_component_3075a,194.083752,-65.71239,3.1470000743865967,10.59596061706543,194.0834052487661,-65.71212476221626,2.421639064249262,0.7980672273328226,1.2995330810630963
SB85975_component_3084a,195.646217,-65.591896,2.9579999446868896,12.805193901062012,195.64543816253584,-65.5920339652535,1.7843776481931557,1.0180369109645735,1.6577208012452593
SB85975_component_3092a,197.039811,-61.16214,3.0920000076293945,11.451851844787598,197.03876610338313,-61.16212897170461,2.3906406985061266,0.7942867448229086,1.2933771308927922
SB85975_component_3094a,200.768959,-64.252204,2.7170000076293945,12.075555801391602,200.76915506332307,-64.25253971253572,1.94103279646118,0.8596247352584931,1.399770273115905
SB85975_component_3096a,200.93303,-60.136588,2.882999897003174,10.151408195495605,200.9328983423749,-60.13655601145524,2.9038153471234343,0.6097162474524801,0.9928316894733404
SB85975_component_3098a,200.475239,-64.653733,2.921999931335449,13.281818389892578,200.47462999689475,-64.65421882405798,2.784965391048712,0.6443362070927667,1.049205114263605
SB85975_component_3102a,192.550815,-60.805852,3.049999952316284,13.495574951171875,192.5509717757218,-60.805416596832906,1.844648836412396,1.0154025921206975,1.653431207127824
SB85975_component_3117a,194.581095,-61.452444,3.0920000076293945,12.724279403686523,194.58106837044085,-61.45203942332968,2.0188418702206388,0.9405660970614159,1.5315711711940423
SB85975_component_3147a,193.425829,-62.378696,3.2290000915527344,14.10043716430664,193.42596371801443,-62.37890138501335,3.687397594934609,0.5377745266419139,0.8756853603171036
SB85975_component_3160a,191.949628,-60.614407,3.055000066757202,12.36842155456543,191.94978193711927,-60.614291557658284,3.0057610992527675,0.6241786391433042,1.0163815306268604
SB85975_component_3168a,191.320067,-65.091879,2.9730000495910645,10.970479965209961,191.32043475728977,-65.0919576629693,1.9582214093150263,0.9323634913224074,1.5182144549379641
SB85975_component_3177a,191.018617,-63.663788,3.061000108718872,11.421642303466797,191.01874348621286,-63.66362592921881,1.7716907620062938,1.0610297514883003,1.7277282098894853
SB85975_component_3190a,195.929089,-60.699262,2.753999948501587,13.177032470703125,195.92936294622947,-60.69906398978441,1.521655339864488,1.111475184566259,1.8098710505276747
SB85975_component_3234a,198.333936,-64.413008,2.7170000076293945,13.791878700256348,198.3333556003999,-64.41309278329366,2.0207746150330843,0.825703070185626,1.344533916556999
SB85975_component_3237a,197.594849,-63.559585,3.2019999027252197,10.037616729736328,197.59547551894894,-63.5595603546705,2.2610022400020924,0.8697059859329718,1.4161860815857734
SB85975_component_3244a,197.720834,-63.949977,2.3510000705718994,10.047008514404297,197.719728897316,-63.94982441127535,2.1216131969815883,0.6805163616887107,1.1081190831187602
SB85975_component_3250a,196.861274,-64.752759,2.7100000381469727,14.569891929626465,196.86125393031514,-64.75264542961511,2.364757329551938,0.7037766508451281,1.1459949840436479
SB85975_component_3258a,192.49218,-64.29115,2.878999948501587,12.910313606262207,192.49321457017442,-64.29109425223378,1.4470596061643524,1.2218204053799289,1.9895517339004483
SB85975_component_3260a,192.569457,-61.397768,2.8589999675750732,13.35981273651123,192.56973478077433,-61.397427436519756,1.9962743856078504,0.8795206762165244,1.432167836339056
SB85975_component_3268a,194.109549,-60.399591,2.8499999046325684,11.264822006225586,194.10939415083288,-60.39942221303708,2.1680100019347033,0.8073013922331463,1.3145695370820552
SB85975_component_3308a,197.671124,-64.281826,2.5169999599456787,12.043061256408691,197.6692891636654,-64.28171042650105,3.792102221347535,0.40761983629449977,0.6637479194986614
SB85975_component_3339a,194.561593,-60.023675,2.9040000438690186,11.901638984680176,194.5609101482798,-60.02362738643852,1.7031063497993477,1.0471453966264446,1.7051196152319876
SB85975_component_3352a,204.537845,-64.763442,2.9679999351501465,10.450703620910645,204.5367610053818,-64.76289541868428,3.0517192541227627,0.5972710251878304,0.9725665069421067
SB85975_component_3381a,200.453738,-65.182274,2.26200008392334,10.328767776489258,200.45339451707932,-65.18234527947348,2.0196783184929155,0.6878006007781198,1.1199803766825822
SB85975_component_3436a,195.718926,-59.959649,2.384000062942505,10.885845184326172,195.71844478250657,-59.959619781299196,2.118533111300812,0.6910717560734555,1.1253069636842694
SB85975_component_3467a,199.467733,-65.223953,2.4230000972747803,12.554404258728027,199.46804623524318,-65.22378626700755,2.2137471235604425,0.6721675759167692,1.094524334549011
SB85975_component_3470a,194.589572,-61.116415,2.242000102996826,10.778846740722656,194.58908164574697,-61.11614065280291,2.910387103398636,0.47308263638229725,0.7703442955676605
SB85975_component_3512a,191.894031,-61.208879,2.4749999046325684,10.668103218078613,191.89415991073156,-61.20862786349591,1.8915160710589798,0.8035581095616697,1.3084741612831874
SB85975_component_3527a,191.056639,-61.075593,2.3959999084472656,10.32758617401123,191.05678576500674,-61.07521451320887,1.9187036373696416,0.7668863993684379,1.2487597676793647
SB85975_component_3566a,193.262395,-63.040086,2.510999917984009,11.788731575012207,193.26215957602253,-63.03984410275343,1.331399965190619,1.1582179589832962,1.8859846654904369
SB85975_component_3616a,200.338334,-65.227012,2.558000087738037,11.368889808654785,200.33838236816746,-65.22723966419255,1.6719689715141068,0.9395599128486433,1.5299327507385232
SB85975_component_3639a,199.881666,-63.63079,2.4260001182556152,10.279661178588867,199.8813758871816,-63.630850600044575,1.9526154138022613,0.7630029935271775,1.242436222262298
SB85975_component_3666a,194.961303,-60.349392,2.3919999599456787,11.55555534362793,194.96148976784966,-60.34910094384366,2.3637608556015777,0.6214551181461645,1.011946684148348
SB85975_component_3740a,196.019485,-60.881999,2.4140000343322754,11.124424934387207,196.01979623761392,-60.88158641195435,1.8790990691044474,0.7889322907475029,1.284658203509597
