Component_ID,RA,DEC,ASKAP_flux,ASKAP_flux_SNR,RA_comp,DEC_comp,Comp_flux,Flux_Ratio_AlphaCorr,Flux_Ratio_NOAlphaCorr
SB85984_component_17a,168.52169,-57.75873,562.1389770507812,1238.191650390625,168.52177254276967,-57.75872732934215,556.4149283329912,1.0102873744508243,1.0102873744508243
SB85984_component_30a,172.930268,-58.314873,334.2799987792969,1047.899658203125,172.93046342232927,-58.31489724077686,282.44600312962143,1.183518248002566,1.183518248002566
SB85984_component_34a,173.582809,-63.087048,323.1059875488281,749.6658935546875,173.58403542815023,-63.08700655361399,148.88712404939872,2.170140565289084,2.170140565289084
SB85984_component_48a,165.539124,-58.068038,222.45399475097656,606.1416625976562,165.53946088618585,-58.068143132796166,228.47531388036654,0.9736456467566433,0.9736456467566433
SB85984_component_50a,173.012165,-65.407827,204.56500244140625,176.5012969970703,173.01207894876723,-65.40786871698741,214.96269852206342,0.9516302309556746,0.9516302309556746
SB85984_component_52a,172.107222,-64.726883,190.54299926757812,442.0951232910156,172.1072663001131,-64.7268339300698,186.82704454216943,1.0198898116411084,1.0198898116411084
SB85984_component_54a,170.156121,-60.062161,180.44900512695312,624.3909912109375,170.15586607788617,-60.062067031580646,188.81579396285161,0.9556880880550458,0.9556880880550458
SB85984_component_55a,166.977725,-57.501876,186.61900329589844,500.3190612792969,166.9780479729,-57.50196738063256,187.9065807583797,0.9931477787670624,0.9931477787670624
SB85984_component_59a,167.425103,-56.323092,166.08399963378906,109.9894027709961,167.42539380452718,-56.32324383688329,181.00468887450205,0.9175673882622007,0.9175673882622007
SB85984_component_61a,169.388209,-57.972197,165.93499755859375,562.4915161132812,169.38822405444515,-57.97214429465012,160.84053088776218,1.0316740229761276,1.0316740229761276
SB85984_component_63a,163.472855,-63.255115,165.86599731445312,352.9063720703125,163.4721304321313,-63.25548852129941,120.05647355886678,1.3815664611631688,1.3815664611631688
SB85984_component_65a,175.444622,-58.278113,174.14500427246094,354.67413330078125,175.44520674982886,-58.27822748826269,176.40157351787798,0.9872077714477511,0.9872077714477511
SB85984_component_66a,162.281818,-61.331699,164.6909942626953,396.84576416015625,162.28169137012074,-61.33190864513711,164.5733384229988,1.0007149143404632,1.0007149143404632
SB85984_component_79a,169.099489,-59.475622,141.9219970703125,519.8607788085938,169.0992115074207,-59.47556691895629,133.89902658796873,1.0599180642816164,1.0599180642816164
SB85984_component_81a,167.591152,-59.806189,139.5290069580078,303.32391357421875,167.59073129004298,-59.80630749999369,132.5566073682581,1.0525994118903446,1.0525994118903446
SB85984_component_85a,177.964538,-62.349218,131.28399658203125,95.8277359008789,177.96436100521944,-62.34923313027305,125.67876164573482,1.0445996989697952,1.0445996989697952
SB85984_component_86a,178.823304,-60.907296,133.593994140625,78.72362518310547,178.8232903509174,-60.90732857135954,167.70443733486755,0.7966038124195142,0.7966038124195142
SB85984_component_87a,168.856712,-57.207282,128.44500732421875,336.24346923828125,168.85681562019414,-57.20728937614383,129.6128029482332,0.9909901213657044,0.9909901213657044
SB85984_component_91a,178.564424,-60.36368,123.76499938964844,107.90322875976562,178.56427173461014,-60.363713124213305,119.3206985890731,1.0372466877342128,1.0372466877342128
SB85984_component_93a,170.83099,-64.29344,123.68900299072266,386.52813720703125,170.83100579561733,-64.2933006088696,118.23314966539807,1.0461448700365739,1.0461448700365739
SB85984_component_105a,161.798382,-62.407138,113.68499755859375,233.9197540283203,161.79766898699077,-62.407378618531666,112.03014942896544,1.0147714533816417,1.0147714533816417
SB85984_component_106a,165.813902,-56.443179,111.29499816894531,76.80814361572266,165.81413321000835,-56.44337846922842,115.34389340404344,0.9648971860095352,0.9648971860095352
SB85984_component_107a,165.758501,-58.256584,113.95999908447266,372.4183044433594,165.75884161120538,-58.256665024767955,120.24667542447763,0.9477185018395506,0.9477185018395506
SB85984_component_109a,165.390588,-60.868832,108.13500213623047,80.33804321289062,165.3905454075609,-60.8691741805584,102.63632684314327,1.053574357756301,1.053574357756301
SB85984_component_115a,169.828832,-57.092532,106.66799926757812,205.9227752685547,169.8288898165719,-57.0924796046615,110.96472275787298,0.9612784731624088,0.9612784731624088
SB85984_component_118a,174.579262,-65.138778,115.6780014038086,114.75991821289062,174.5814584113874,-65.13844096279233,17.082730938998886,6.771633986210157,6.771633986210157
SB85984_component_120a,174.053084,-58.239638,109.2030029296875,358.0426330566406,174.05320342008713,-58.23976403890304,101.4926198055551,1.0759698896225594,1.0759698896225594
SB85984_component_122a,163.848194,-60.07736,101.71499633789062,126.8266830444336,163.84771229115026,-60.07771216573567,97.21381514845525,1.0463018675129827,1.0463018675129827
SB85984_component_125a,174.071511,-58.581674,100.25,393.13726806640625,174.0718849768618,-58.58170843512819,100.46909949982404,0.9978192349596562,0.9978192349596562
SB85984_component_127a,169.308759,-58.870147,98.50599670410156,417.3982849121094,169.30872053587183,-58.87011978911202,90.76617726840806,1.0852720657476385,1.0852720657476385
SB85984_component_128a,166.259779,-60.074137,99.55699920654297,272.7588806152344,166.25962369437622,-60.07442858827488,96.52633534047136,1.031397274695882,1.031397274695882
SB85984_component_129a,163.76903,-60.149335,98.4990005493164,177.7960205078125,163.76856178755648,-60.149709743800464,98.83073681010528,0.9966433897844323,0.9966433897844323
SB85984_component_135a,173.317065,-63.290737,91.20999908447266,205.8916473388672,173.3169629188708,-63.290684015796984,102.3059924959985,0.8915411195296322,0.8915411195296322
SB85984_component_138a,165.330643,-59.816517,97.72000122070312,107.38461303710938,165.3302046907529,-59.816797142589955,91.50760109123283,1.067889443667926,1.067889443667926
SB85984_component_139a,165.420018,-60.779292,85.69599914550781,52.57423400878906,165.4200006883462,-60.779644108041246,89.32758758433727,0.9593452757760782,0.9593452757760782
SB85984_component_144a,164.643061,-59.502407,89.822998046875,250.9022216796875,164.64282705333,-59.50261469227775,88.97634253963598,1.009515512585403,1.009515512585403
SB85984_component_145a,175.503602,-61.052728,89.76300048828125,228.9872589111328,175.503521176898,-61.05273156613609,82.47417653341051,1.0883770443214793,1.0883770443214793
SB85984_component_151a,173.30017,-58.62353,88.49099731445312,371.8109130859375,173.30041242800343,-58.62352033059645,88.19680238254698,1.0033356643773785,1.0033356643773785
SB85984_component_157a,174.757055,-59.928189,82.73300170898438,294.4234924316406,174.75712858812065,-59.92817870572575,76.58788600576987,1.08023613163512,1.08023613163512
SB85984_component_158a,160.140822,-61.751501,91.03800201416016,66.01741027832031,160.14106878953027,-61.75155980864064,100.6308411856075,0.9046729704489509,0.9046729704489509
SB85984_component_165a,168.480694,-56.527985,77.4280014038086,88.38813018798828,168.4808819888471,-56.52804252809871,84.68771763024218,0.9142766338546227,0.9142766338546227
SB85984_component_171a,163.480892,-61.9433,75.99500274658203,293.4169921875,163.48075428238383,-61.9435243259969,81.93637473454962,0.927487980677496,0.927487980677496
SB85984_component_177a,164.593396,-60.969925,72.7229995727539,83.30240631103516,164.59330479766336,-60.97033865089034,76.18708825150586,0.9545318142712524,0.9545318142712524
SB85984_component_178a,164.325789,-63.356814,75.74600219726562,192.2487335205078,164.32528966802408,-63.357256234537864,72.60243739503206,1.0432983370121494,1.0432983370121494
SB85984_component_180a,169.403332,-58.416486,72.93399810791016,287.1417236328125,169.40331803483926,-58.416451712770275,66.4195041018945,1.098081039509445,1.098081039509445
SB85984_component_181a,174.863315,-60.671109,71.61000061035156,155.6739044189453,174.8633472451109,-60.67111611123745,67.26258117200753,1.0646335505208546,1.0646335505208546
SB85984_component_182a,165.084704,-58.017947,75.69100189208984,188.755615234375,165.08507223429905,-58.01808788297423,81.09365335440337,0.9333776289655821,0.9333776289655821
SB85984_component_183a,174.970652,-58.357274,73.05000305175781,191.23037719726562,174.97113268741901,-58.35738694821712,78.27339975800905,0.9332672820856134,0.9332672820856134
SB85984_component_190a,177.852303,-62.089183,68.26399993896484,66.01934051513672,177.85222284085162,-62.0891659925178,65.2083620009426,1.0468596027297554,1.0468596027297554
SB85984_component_195a,172.978363,-60.002096,68.76899719238281,298.9956359863281,172.97848649669126,-60.00202702626284,67.06228767393499,1.025449616731628,1.025449616731628
SB85984_component_196a,164.504499,-59.319898,72.00900268554688,210.55262756347656,164.5043215048824,-59.32008091825384,72.08320502914168,0.9989706014935822,0.9989706014935822
SB85984_component_197a,167.708698,-59.259636,73.97000122070312,287.8210144042969,167.70855344629925,-59.259720639731135,69.30600609810125,1.0672956845327386,1.0672956845327386
SB85984_component_199a,172.984901,-59.605456,67.47899627685547,303.9594421386719,172.98510997702215,-59.60541028863914,57.425597853665046,1.1750682413234779,1.1750682413234779
SB85984_component_205a,173.131424,-60.275403,64.65399932861328,262.8211364746094,173.13159418458125,-60.2753681565919,55.4035021945604,1.1669659275611841,1.1669659275611841
SB85984_component_207a,165.241016,-59.332713,63.55400085449219,190.8528594970703,165.24073524895573,-59.332973423170955,64.70813820053596,0.982163953744628,0.982163953744628
SB85984_component_208a,169.616193,-60.229548,63.79399871826172,217.72694396972656,169.61598541610462,-60.22956777434905,67.23418519654406,0.9488327780246651,0.9488327780246651
SB85984_component_209a,175.744678,-58.777942,64.70800018310547,177.7692413330078,175.74514031183688,-58.777994718008905,64.32672441570656,1.0059271752271255,1.0059271752271255
SB85984_component_211a,161.750479,-61.266231,67.68000030517578,126.2686538696289,161.75033328799856,-61.26646137455661,66.03902737894705,1.0248485326231782,1.0248485326231782
SB85984_component_216a,162.603911,-61.979518,64.04499816894531,205.27243041992188,162.60379407494403,-61.97961387363925,63.865903826665196,1.0028042246574351,1.0028042246574351
SB85984_component_218a,167.000641,-63.674659,61.875,235.26614379882812,167.00026353131972,-63.674878700160505,56.31920288723945,1.0986483619784924,1.0986483619784924
SB85984_component_222a,171.972372,-64.678912,62.5890007019043,157.2587890625,171.97238656434132,-64.6788323082744,61.57445727056684,1.01647669303652,1.01647669303652
SB85984_component_223a,171.99375,-59.317999,64.15499877929688,283.8716735839844,171.9939374478962,-59.31792925091554,61.35618325609621,1.0456158674590077,1.0456158674590077
SB85984_component_225a,169.791128,-64.327419,60.64699935913086,208.40892028808594,169.79098666767803,-64.32735862014151,44.00264247567499,1.3782581214902492,1.3782581214902492
SB85984_component_227a,165.493356,-60.947409,51.52299880981445,15.347929000854492,165.49336448203678,-60.94775395505031,53.89902683240256,0.955917051527177,0.955917051527177
SB85984_component_228a,171.562756,-63.03197,60.26599884033203,252.15899658203125,171.56293559690477,-63.03190764438322,54.489801416022146,1.106005110574902,1.106005110574902
SB85984_component_230a,163.591189,-59.714505,58.861000061035156,117.0198745727539,163.59066452463,-59.714782877950576,66.60675246804068,0.8837092018452318,0.8837092018452318
SB85984_component_239a,171.647823,-60.438325,55.82699966430664,214.71923828125,171.64797091744538,-60.43828346060948,61.809011345247036,0.9032178067446083,0.9032178067446083
SB85984_component_240a,176.411409,-61.452815,57.03499984741211,153.733154296875,176.41145585174846,-61.452805967910386,52.73547936034947,1.081529940359191,1.081529940359191
SB85984_component_241a,161.071226,-61.647953,61.77199935913086,91.24372100830078,161.07137248438193,-61.64811802906524,61.038311497231405,1.01202012054237,1.01202012054237
SB85984_component_242a,165.37318,-63.33392,56.74300003051758,136.4014434814453,165.37280479490732,-63.33426428944698,53.837245916970275,1.0539729338686579,1.0539729338686579
SB85984_component_244a,174.338266,-62.943966,61.10300064086914,151.9975128173828,174.33820946507578,-62.94391001384605,59.716042224237725,1.0232258931598865,1.0232258931598865
SB85984_component_250a,166.438061,-63.220192,55.92300033569336,244.2052459716797,166.43799226123303,-63.220434031090306,54.16685930507435,1.032420949878748,1.032420949878748
SB85984_component_252a,169.031916,-61.374752,55.73899841308594,21.67146110534668,169.0334720999492,-61.37465461007763,74.3199948616814,0.7499865751716349,0.7499865751716349
SB85984_component_258a,161.833498,-61.510937,57.46500015258789,126.85430145263672,161.83325559964032,-61.51105821897456,55.828386067097284,1.0293150886275602,1.0293150886275602
SB85984_component_259a,162.36925,-60.833762,56.935001373291016,111.41879272460938,162.3690055653906,-60.8340360208445,52.28941272174052,1.088843771802757,1.088843771802757
SB85984_component_260a,173.886644,-62.488968,56.444000244140625,162.19540405273438,173.8865397856463,-62.488986333146045,51.62886395807199,1.0932644245277028,1.0932644245277028
SB85984_component_261a,172.079898,-64.432118,53.43600082397461,168.03775024414062,172.07991007174041,-64.43206547293805,51.25398684214364,1.042572570765106,1.042572570765106
SB85984_component_266a,164.106646,-62.979966,53.89799880981445,107.58084106445312,164.1061264011799,-62.9803681536846,39.145043856347826,1.3768792546920154,1.3768792546920154
SB85984_component_270a,163.724174,-60.328935,57.62799835205078,127.21411895751953,163.72372291852355,-60.32931293655953,52.53606974975399,1.0969225263052844,1.0969225263052844
SB85984_component_276a,170.772438,-59.850711,50.90999984741211,236.7906951904297,170.77220668956042,-59.85058084852889,52.68108809550111,0.9663809478483371,0.9663809478483371
SB85984_component_280a,163.594929,-58.530751,53.92900085449219,71.8095932006836,163.59533794771752,-58.530795542800874,57.18419457216995,0.9430752895615324,0.9430752895615324
SB85984_component_283a,179.168411,-59.345454,54.775001525878906,38.76504135131836,179.16859137838938,-59.34542502458197,53.5217750607896,1.0234152634823097,1.0234152634823097
SB85984_component_284a,168.969236,-57.787599,51.29100036621094,180.60211181640625,168.96929364798532,-57.78761250752867,50.851263912994334,1.0086475029208515,1.0086475029208515
SB85984_component_285a,176.1276,-59.852,50.625,118.28270721435547,176.12791169870877,-59.85200711915153,47.13557733225483,1.0740294882387567,1.0740294882387567
SB85984_component_289a,165.448779,-57.430987,52.659000396728516,98.24440002441406,165.44906219469217,-57.431122274407954,53.43299471920966,0.9855146744712985,0.9855146744712985
SB85984_component_295a,167.795422,-63.882955,50.749000549316406,198.23828125,167.79498105089283,-63.88305843674499,49.329091914183415,1.0287844065243117,1.0287844065243117
SB85984_component_298a,174.989909,-60.771173,51.04600143432617,148.38954162597656,174.98909557468008,-60.7713948732376,24.754659140581083,2.0620765224209805,2.0620765224209805
SB85984_component_299a,175.057411,-62.658747,49.095001220703125,119.1626205444336,175.05745399130475,-62.65866975335157,48.03772688696304,1.0220092498595519,1.0220092498595519
SB85984_component_301a,164.234204,-59.319946,49.98500061035156,144.46533203125,164.23407739625407,-59.32014202020841,50.60964229226886,0.9876576546755653,0.9876576546755653
SB85984_component_302a,165.211728,-63.552265,49.58100128173828,130.476318359375,165.2112247835381,-63.55249430498361,53.6811016129466,0.9236211588806242,0.9236211588806242
SB85984_component_303a,169.163993,-58.755525,51.74599838256836,221.13674926757812,169.16398316510646,-58.755514066467036,48.53480907873084,1.066162602981058,1.066162602981058
SB85984_component_308a,176.253127,-61.365649,48.689998626708984,125.81394958496094,176.25305903313105,-61.36564947690674,44.85890287406927,1.0854032423261577,1.0854032423261577
SB85984_component_310a,171.081069,-63.70525,49.02799987792969,220.8468475341797,171.0810396922143,-63.70521413519833,46.70970811739141,1.0496319042438014,1.0496319042438014
SB85984_component_311a,168.279394,-59.044526,48.939998626708984,187.5095672607422,168.2793634425231,-59.04453814450835,51.97234533074544,0.9416546110294045,0.9416546110294045
SB85984_component_314a,163.648929,-63.238702,48.37699890136719,115.73444366455078,163.6482771206119,-63.239116854082795,52.28579360717469,0.9252417447237306,0.9252417447237306
SB85984_component_315a,173.526251,-57.181373,51.637001037597656,53.50984573364258,173.5262411970077,-57.18146304137704,48.13769543913986,1.0726936669181004,1.0726936669181004
SB85984_component_317a,172.024456,-61.813572,46.95399856567383,167.69285583496094,172.0248689760078,-61.813516267505854,42.277817708611934,1.1106060130466329,1.1106060130466329
SB85984_component_319a,170.631524,-57.614037,47.97100067138672,173.1804962158203,170.63161100487403,-57.61402863486818,48.41568328386745,0.9908153188735662,0.9908153188735662
SB85984_component_321a,164.108444,-57.545083,50.61399841308594,40.10618209838867,164.10894894737038,-57.54510378498508,59.143630673619434,0.8557810509198571,0.8557810509198571
SB85984_component_330a,177.930483,-60.460153,51.15599822998047,79.43478393554688,177.93027320670134,-60.46020131866106,49.502782224375444,1.033396426045544,1.033396426045544
SB85984_component_338a,166.017718,-59.214274,46.16999816894531,157.5767822265625,166.01772915478892,-59.21439580238313,45.39269415613795,1.017123989383262,1.017123989383262
SB85984_component_339a,167.147947,-62.639522,44.58000183105469,155.87413024902344,167.14810356512703,-62.63966486715715,42.79535139948588,1.041701969330955,1.041701969330955
SB85984_component_340a,177.60378,-63.3115,45.16999816894531,35.849205017089844,177.6037666634688,-63.31141505202553,47.93495124833146,0.942318642089317,0.942318642089317
SB85984_component_346a,167.371222,-61.196216,45.47999954223633,51.38983154296875,167.37248592319895,-61.19624482503422,40.70623913074984,1.1172734331008325,1.1172734331008325
SB85984_component_347a,173.539428,-62.219286,42.52199935913086,129.24620056152344,173.5393016395121,-62.219278223369365,42.385158713690984,1.0032285037874749,1.0032285037874749
SB85984_component_351a,174.213428,-59.467484,45.7400016784668,178.671875,174.21369363395573,-59.46750042763173,43.642080482361486,1.0480710629034564,1.0480710629034564
SB85984_component_353a,167.016934,-59.20668,45.70199966430664,196.9913787841797,167.0167473323338,-59.20670505015196,41.6018467935852,1.0985569917380125,1.0985569917380125
SB85984_component_357a,164.466244,-57.825574,44.26100158691406,63.96098709106445,164.46660570417174,-57.825798321656904,47.96459644041413,0.9227848219654887,0.9227848219654887
SB85984_component_360a,170.531158,-64.901582,45.29899978637695,68.427490234375,170.5308136102306,-64.90153353025958,41.71443890901091,1.0859309383301265,1.0859309383301265
SB85984_component_361a,168.40881,-60.375558,43.76300048828125,80.00548553466797,168.40884231557345,-60.375481410407176,46.015065865033286,0.9510580864241819,0.9510580864241819
SB85984_component_363a,163.539778,-62.429757,41.93199920654297,168.401611328125,163.53940364437986,-62.42993387670431,40.63759733520168,1.0318523228788439,1.0318523228788439
SB85984_component_368a,173.076799,-61.152461,39.823001861572266,118.87462615966797,173.07699294161543,-61.15245282253986,37.831578248948375,1.0526391893967375,1.0526391893967375
SB85984_component_373a,171.675518,-64.54408,41.46099853515625,123.39582824707031,171.67550668992993,-64.54395964245052,42.17105143553902,0.9831625516506713,0.9831625516506713
SB85984_component_377a,161.431893,-61.517094,43.3650016784668,80.15711975097656,161.43183407053286,-61.51727092047581,41.4977167093897,1.0449972942403982,1.0449972942403982
SB85984_component_381a,173.881792,-63.738799,42.07699966430664,135.2958221435547,173.88169763011706,-63.73873475305729,40.63413704108964,1.0355086321079727,1.0355086321079727
SB85984_component_382a,174.424173,-61.068901,38.06100082397461,97.84319305419922,174.42413621479344,-61.068866379801115,33.68910153970942,1.1297719168649252,1.1297719168649252
SB85984_component_383a,167.467183,-62.702366,39.95899963378906,137.31614685058594,167.4675344379857,-62.70250183107911,35.68480717763363,1.1197762519741004,1.1197762519741004
SB85984_component_384a,161.890824,-61.780745,40.303001403808594,111.95277404785156,161.8906130879149,-61.78080532657974,38.97108430759266,1.0341770602455738,1.0341770602455738
SB85984_component_385a,172.638036,-64.122585,39.76100158691406,150.60984802246094,172.63801705412934,-64.12248428401774,37.06826074451665,1.072642761983262,1.072642761983262
SB85984_component_387a,171.629616,-62.837616,40.63800048828125,144.61923217773438,171.62982374247372,-62.837570953570676,36.865568641833406,1.1023294088611197,1.1023294088611197
SB85984_component_388a,167.750684,-58.900342,40.630001068115234,163.83065795898438,167.75074517303145,-58.90040369496364,37.929647015418354,1.0711937564723233,1.0711937564723233
SB85984_component_390a,165.215091,-61.515586,38.32699966430664,89.969482421875,165.21526997385322,-61.515918622256194,36.30910212860501,1.055575528377274,1.055575528377274
SB85984_component_393a,165.875497,-63.420917,38.20899963378906,124.05519104003906,165.87506343182469,-63.421071482537535,36.72296902280624,1.0404659713123943,1.0404659713123943
SB85984_component_395a,168.423912,-62.692948,40.00699996948242,138.43252563476562,168.42456242416947,-62.6929731017838,38.04155067008423,1.0516658565378572,1.0516658565378572
SB85984_component_400a,173.636416,-62.498315,37.19499969482422,110.37091827392578,173.63641581910068,-62.498289569791986,36.8786996464246,1.0085767679292423,1.0085767679292423
SB85984_component_401a,165.880715,-57.701462,36.66299819946289,103.27605438232422,165.88109083150303,-57.70159974713655,36.81575771952258,0.9958507028098275,0.9958507028098275
SB85984_component_404a,175.110656,-59.059309,38.409000396728516,138.66064453125,175.11103660233644,-59.05931818787045,36.97113329961908,1.038891615397796,1.038891615397796
SB85984_component_410a,168.842675,-59.972771,37.22600173950195,117.43218231201172,168.8423962866211,-59.97272924438251,38.355153195883915,0.9705606323454045,0.9705606323454045
SB85984_component_411a,176.222039,-61.73062,35.00400161743164,72.92500305175781,176.22192855427255,-61.73058354123586,31.39358313071252,1.1150049827599011,1.1150049827599011
SB85984_component_414a,164.526705,-57.83826,38.53300094604492,53.369808197021484,164.52726304587753,-57.838447365158636,34.38528914397675,1.1206246015469299,1.1206246015469299
SB85984_component_416a,174.564292,-61.759133,37.1150016784668,111.12276458740234,174.56425612556598,-61.75913278738289,32.934312741060616,1.1269402209870296,1.1269402209870296
SB85984_component_417a,163.835819,-59.590958,37.632999420166016,89.81623077392578,163.83555196735819,-59.59117930856845,37.378253973141994,1.0068153383303315,1.0068153383303315
SB85984_component_425a,173.381108,-58.502638,36.47999954223633,163.58743286132812,173.38125010941374,-58.502669276381326,36.7421457973962,0.9928652437284039,0.9928652437284039
SB85984_component_429a,172.287546,-65.203647,36.62900161743164,45.16522979736328,172.2874308470515,-65.20352956075934,35.70739750210891,1.0258098931816102,1.0258098931816102
SB85984_component_432a,170.338921,-61.768577,37.308998107910156,80.58098602294922,170.34023537428538,-61.76852517189757,34.24463821995019,1.0894843703203363,1.0894843703203363
SB85984_component_433a,169.320778,-62.297692,36.4109992980957,84.48027801513672,169.3219865817851,-62.29757276312055,32.749812781064946,1.111792593793011,1.111792593793011
SB85984_component_437a,178.126144,-60.574275,35.303001403808594,44.518287658691406,178.12599966308326,-60.57420271368978,34.643289608279765,1.0190429893635493,1.0190429893635493
SB85984_component_442a,173.923883,-60.436391,33.81999969482422,79.57646942138672,173.9240230508451,-60.4363093473772,33.57702193076038,1.0072364298586363,1.0072364298586363
SB85984_component_450a,166.665824,-58.604359,34.220001220703125,125.80882263183594,166.66596833839876,-58.60445261394807,32.96262004692544,1.0381456683961312,1.0381456683961312
SB85984_component_456a,165.583232,-59.669753,32.06800079345703,92.68209075927734,165.58288681684837,-59.670039520789636,33.03584213225869,0.970703294472503,0.970703294472503
SB85984_component_465a,174.408947,-62.965926,31.398000717163086,61.6856575012207,174.40915080750187,-62.96578814500051,31.673306692883436,0.9913079496754216,0.9913079496754216
SB85984_component_467a,172.767865,-63.632875,31.68199920654297,118.21641540527344,172.76787326964183,-63.63274528213623,29.044990789788873,1.0907904717835604,1.0907904717835604
SB85984_component_469a,162.15779,-62.010981,33.68299865722656,98.48829650878906,162.15769708884412,-62.011141151573035,33.181077969002715,1.0151267143488447,1.0151267143488447
SB85984_component_471a,177.139489,-61.70456,31.173999786376953,56.78323745727539,177.13934455575287,-61.70455628148796,27.717476687341506,1.1247055472626781,1.1247055472626781
SB85984_component_475a,174.659653,-64.706335,30.698999404907227,53.389564514160156,174.65961813082944,-64.70628791291354,32.466621206773574,0.9455557204241024,0.9455557204241024
SB85984_component_476a,175.809962,-64.861115,31.246999740600586,25.158615112304688,175.80943045042372,-64.86105948673604,29.91898660327693,1.0443869692156686,1.0443869692156686
SB85984_component_477a,162.829594,-59.680673,33.01900100708008,37.351810455322266,162.82874988624633,-59.68098696253462,29.962307385476898,1.1020179648475537,1.1020179648475537
SB85984_component_484a,174.454174,-64.820556,33.09199905395508,50.44511795043945,174.45381803697958,-64.82056825627403,29.36587212491688,1.1268863023440256,1.1268863023440256
SB85984_component_486a,163.792774,-60.880937,32.47100067138672,75.51395416259766,163.7925799699347,-60.88130727519554,31.264745235465423,1.0385819691424503,1.0385819691424503
SB85984_component_488a,175.071816,-63.514055,32.52399826049805,27.013288497924805,175.07176073641102,-63.51398890857969,29.375690768617847,1.1071739050045948,1.1071739050045948
SB85984_component_489a,176.916594,-63.814681,29.09000015258789,24.001649856567383,176.91645724354507,-63.81473341086522,27.177244727109674,1.0703807705558253,1.0703807705558253
SB85984_component_492a,171.477942,-59.580697,30.70599937438965,128.47698974609375,171.47806446321297,-59.5805872955837,25.141688630019765,1.2213180994424522,1.2213180994424522
SB85984_component_493a,175.29434,-61.209478,29.0,99.65635681152344,175.2943903503664,-61.20944452122765,25.372542047990766,1.1429678565572223,1.1429678565572223
SB85984_component_496a,163.186222,-63.721974,33.29899978637695,40.658119201660156,163.18554894375043,-63.72234295134816,30.405243384631508,1.095172939914966,1.095172939914966
SB85984_component_497a,173.148774,-61.126181,28.893999099731445,92.60897064208984,173.14895361622231,-61.1261149570873,27.049621938067922,1.0681849515636987,1.0681849515636987
SB85984_component_499a,162.554018,-61.98987,33.270999908447266,103.97187805175781,162.5539895174817,-61.99010155101955,32.03243103584641,1.0386660903512075,1.0386660903512075
SB85984_component_501a,163.268326,-60.917162,30.972999572753906,63.73045349121094,163.26791614004992,-60.91751906241151,29.504917222461536,1.0497572095940249,1.0497572095940249
SB85984_component_503a,170.463025,-64.154252,33.83599853515625,122.59420013427734,170.46306548571096,-64.1542029406007,29.644088227420426,1.1414079689541052,1.1414079689541052
SB85984_component_505a,163.000554,-59.144069,30.68600082397461,34.47865295410156,163.00055178709283,-59.14417463237456,28.273323542138538,1.085334052724301,1.085334052724301
SB85984_component_513a,171.459077,-60.189752,29.099000930786133,122.78059387207031,171.4592227320299,-60.189671508688605,27.182318781544197,1.0705120915049857,1.0705120915049857
SB85984_component_514a,168.801812,-60.06371,31.722999572753906,80.31138610839844,168.80150572794372,-60.06369550229237,31.93639327819027,0.9933181651547955,0.9933181651547955
SB85984_component_516a,162.620324,-59.916337,30.27400016784668,37.05508041381836,162.61969343933447,-59.91696647878858,32.835728431710805,0.9219835104559411,0.9219835104559411
SB85984_component_518a,171.266691,-58.532572,29.07900047302246,141.1602020263672,171.26684796538453,-58.53249924361041,29.020069284490685,1.0020307046118346,1.0020307046118346
SB85984_component_523a,167.915708,-57.254841,28.465999603271484,70.1133041381836,167.91597003078965,-57.25489820762656,28.652799644342714,0.9934805658298695,0.9934805658298695
SB85984_component_526a,162.186878,-61.444785,27.98900032043457,70.50125885009766,162.18676131236649,-61.445049871920666,31.79463206145047,0.8803058411350495,0.8803058411350495
SB85984_component_527a,169.677452,-57.550149,27.871000289916992,95.7766342163086,169.67755742525807,-57.5501255658078,28.487725027284306,0.978351211380458,0.978351211380458
SB85984_component_528a,169.825639,-59.074153,27.711999893188477,117.92340087890625,169.82558723874286,-59.0740648749891,24.027576488745545,1.1533414494037177,1.1533414494037177
SB85984_component_530a,162.534669,-61.697118,28.367000579833984,85.44277954101562,162.53463391723946,-61.69725952104109,26.73203400926233,1.061161323152782,1.061161323152782
SB85984_component_531a,168.101965,-61.80032,24.045000076293945,25.771703720092773,168.10320262922616,-61.800283086876895,31.57682453087723,0.7614761912738145,0.7614761912738145
SB85984_component_532a,168.393986,-62.808969,27.9060001373291,118.24576568603516,168.39438060326066,-62.80899347611109,27.618465532559995,1.0104109551064713,1.0104109551064713
SB85984_component_533a,166.457455,-59.486137,27.073999404907227,102.1660385131836,166.4572537826662,-59.486363923068716,24.94102396769196,1.085520764503425,1.085520764503425
SB85984_component_534a,171.69548,-60.448715,26.216999053955078,103.2165298461914,171.69569098379023,-60.44866043909069,25.93872493166249,1.0107281342095928,1.0107281342095928
SB85984_component_535a,171.324661,-64.397298,27.44700050354004,85.77188110351562,171.32491518954652,-64.39715654964932,25.62556489011838,1.0710788472851982,1.0710788472851982
SB85984_component_539a,168.92299,-63.746846,26.53700065612793,115.37826538085938,168.92271498188728,-63.74670365771373,25.2757921947834,1.0498978806134047,1.0498978806134047
SB85984_component_541a,169.880376,-63.018878,27.461000442504883,121.50885009765625,169.88055295348968,-63.018732644207574,25.510181668042705,1.0764721631483332,1.0764721631483332
SB85984_component_542a,170.379773,-59.39427,26.976999282836914,125.47441101074219,170.3797304341764,-59.39417548655772,23.603906703625263,1.1429039955785618,1.1429039955785618
SB85984_component_543a,164.476947,-63.797549,29.17099952697754,54.42350387573242,164.4766492360423,-63.79793446114474,30.638611651638943,0.9520992615021805,0.9520992615021805
SB85984_component_546a,171.553729,-57.497565,27.844999313354492,73.85941314697266,171.55390822215662,-57.49773039331812,29.31435129589115,0.9498760191653086,0.9498760191653086
SB85984_component_548a,169.957091,-56.688826,28.61400032043457,33.42757034301758,169.95719463646012,-56.68877247717553,30.41483315684432,0.9407909677780197,0.9407909677780197
SB85984_component_551a,167.048035,-59.063798,25.965999603271484,110.49361419677734,167.0480758719504,-59.063901492706655,24.12536974520929,1.0762943688532565,1.0762943688532565
SB85984_component_555a,162.712056,-59.512367,27.358999252319336,27.007896423339844,162.71177318733783,-59.512552499833305,24.602084313687648,1.1120602182920676,1.1120602182920676
SB85984_component_557a,162.141986,-63.032031,25.990999221801758,52.0861701965332,162.14105058283855,-63.032417135417674,35.44394725160622,0.7332986655605611,0.7332986655605611
SB85984_component_559a,165.021606,-60.594596,25.48200035095215,44.0103645324707,165.0215478840359,-60.595080516374146,26.653359383931054,0.9560521052485,0.9560521052485
SB85984_component_561a,171.085865,-60.274926,24.993999481201172,116.25115966796875,171.08581964698496,-60.274906752706066,27.456865568927952,0.9103005373448771,0.9103005373448771
SB85984_component_562a,168.525583,-56.352911,26.488000869750977,20.406780242919922,168.5259959235404,-56.352930356044354,29.629224862599543,0.89398224194472,0.89398224194472
SB85984_component_567a,174.386366,-58.705675,26.2189998626709,108.34297180175781,174.38654708138247,-58.70572576338092,25.46057488149643,1.0297882111737255,1.0297882111737255
SB85984_component_570a,164.737146,-58.538861,26.020000457763672,80.5572738647461,164.73727076471565,-58.539052556618316,27.468741679089497,0.9472585516201976,0.9472585516201976
SB85984_component_571a,165.276082,-60.458608,24.878000259399414,26.242616653442383,165.27578895316302,-60.45885939531572,24.484393563341605,1.0160758196865094,1.0160758196865094
SB85984_component_576a,162.669537,-62.511022,25.297000885009766,83.76490783691406,162.6692659189243,-62.51141594687827,24.90041464261767,1.0159268931093755,1.0159268931093755
SB85984_component_578a,166.202915,-63.782822,26.402999877929688,83.55379486083984,166.2026447876506,-63.78310699362711,22.695825325073933,1.163341693891173,1.163341693891173
SB85984_component_581a,164.694029,-56.994531,25.250999450683594,25.713848114013672,164.69424132393036,-56.994629799303304,33.00804178455392,0.7649953794744582,0.7649953794744582
SB85984_component_582a,163.615783,-60.133664,26.601999282836914,61.154022216796875,163.6153232290895,-60.13409246299552,23.14902924043639,1.1491626282267131,1.1491626282267131
SB85984_component_583a,167.892695,-60.20327,25.674999237060547,73.14813995361328,167.89246645400277,-60.20336743744498,24.656533807205165,1.0413061072500696,1.0413061072500696
SB85984_component_584a,165.1622,-61.446982,25.10300064086914,35.456214904785156,165.16238367466516,-61.44733514239603,21.749987625544478,1.1541616056547401,1.1541616056547401
SB85984_component_587a,171.440811,-64.679019,25.450000762939453,64.10578918457031,171.44060917094305,-64.67888143449295,25.81168372558028,0.9859876261275282,0.9859876261275282
SB85984_component_588a,169.522765,-62.852189,24.64699935913086,110.524658203125,169.52336567261918,-62.85207270941281,19.898530514616553,1.2386341464273605,1.2386341464273605
SB85984_component_589a,162.731164,-61.319115,25.60099983215332,69.75749206542969,162.73117675225143,-61.319312278223684,22.83422058454653,1.1211681054478058,1.1211681054478058
SB85984_component_591a,169.288939,-58.953835,24.56999969482422,99.07257843017578,169.2888243926937,-58.953792458262775,23.304130737973622,1.0543195097505993,1.0543195097505993
SB85984_component_593a,173.324022,-57.104191,26.270000457763672,24.551401138305664,173.324093114317,-57.104264171291085,27.912126159493685,0.9411680180740556,0.9411680180740556
SB85984_component_594a,174.110558,-61.4981,25.097999572753906,88.37323760986328,174.11052400352432,-61.49807962804905,22.480149267439927,1.116451642476665,1.116451642476665
SB85984_component_596a,170.396957,-63.189996,26.78700065612793,123.4424057006836,170.39714808106342,-63.1898966869122,24.263345578663813,1.1040110099113172,1.1040110099113172
SB85984_component_601a,175.466669,-63.393326,24.236000061035156,47.99208068847656,175.46682153599133,-63.39319648104679,23.534754827641393,1.0297961563028546,1.0297961563028546
SB85984_component_604a,164.965369,-57.68533,24.61400032043457,46.09363555908203,164.96540878498823,-57.68550817935744,26.581636242060377,0.9259776221558401,0.9259776221558401
SB85984_component_605a,174.468411,-60.864802,22.399999618530273,72.49191284179688,174.46833890094732,-60.86481666265942,21.94040222313179,1.0209475373661987,1.0209475373661987
SB85984_component_607a,165.282657,-59.258626,26.479999542236328,96.29090881347656,165.2826696760173,-59.258789247919836,25.760678407325376,1.0279232217233225,1.0279232217233225
SB85984_component_609a,175.359438,-61.494907,22.14299964904785,71.66019439697266,175.35933330091189,-61.49486626604183,19.5799424493748,1.1309021824910874,1.1309021824910874
SB85984_component_611a,174.459417,-61.84753,22.115999221801758,73.2317886352539,174.45938883837007,-61.84751459246127,20.413696923499952,1.0833902014260897,1.0833902014260897
SB85984_component_613a,163.005065,-62.10928,23.833999633789062,79.44666290283203,163.0048680509799,-62.10949313161829,16.327369477486485,1.4597574745064312,1.4597574745064312
SB85984_component_616a,168.075516,-60.158886,23.965999603271484,64.7729721069336,168.0753419694476,-60.15884827526707,23.52444204584294,1.0187701606936337,1.0187701606936337
SB85984_component_619a,175.368898,-62.778621,24.400999069213867,54.58836364746094,175.3690600081719,-62.7786095292102,21.6734034943291,1.1258498959611234,1.1258498959611234
SB85984_component_620a,168.731852,-58.94243,24.275999069213867,99.90122985839844,168.73199854336707,-58.94239283229019,21.56180082470999,1.125879942337348,1.125879942337348
SB85984_component_621a,173.106816,-57.920024,24.520000457763672,82.0066909790039,173.10693685668633,-57.92008293889043,23.206804000826974,1.0565867000423628,1.0565867000423628
SB85984_component_622a,165.405025,-61.416502,25.145000457763672,38.86398696899414,165.4053042401101,-61.41683313125189,20.921507626533195,1.2018732543860335,1.2018732543860335
SB85984_component_623a,174.898395,-60.69357,22.56999969482422,56.2842903137207,174.89865040814513,-60.6935067424185,21.858458053953676,1.0325522339734226,1.0325522339734226
SB85984_component_626a,166.357664,-56.712218,23.989999771118164,27.19954490661621,166.35795682451732,-56.71243951964063,18.806913016382083,1.2755947640222116,1.2755947640222116
SB85984_component_629a,162.347805,-62.864052,25.80900001525879,59.605079650878906,162.3466612624491,-62.864522045506234,22.335730883341366,1.155502819677501,1.155502819677501
SB85984_component_630a,167.064952,-57.291827,22.283000946044922,65.7315673828125,167.06532189659615,-57.29192130746584,23.01150192562798,0.9683418760784266,0.9683418760784266
SB85984_component_631a,175.325974,-63.96393,23.256999969482422,45.781494140625,175.32579234675904,-63.96384794713726,22.83717320245118,1.0183834821984965,1.0183834821984965
SB85984_component_635a,162.83093,-62.648965,24.187999725341797,77.2779541015625,162.83039954603646,-62.64925647089776,22.7200773373005,1.064609040112348,1.064609040112348
SB85984_component_640a,168.69101,-60.958801,22.274999618530273,20.895872116088867,168.69221204592995,-60.95879103609623,20.26130589252348,1.0993861766210171,1.0993861766210171
SB85984_component_641a,166.452526,-60.318922,21.934999465942383,53.5,166.45269758705885,-60.319239452261705,20.943774770182717,1.047327891301183,1.047327891301183
SB85984_component_643a,169.846613,-63.446943,23.433000564575195,111.58572387695312,169.84656543792252,-63.446734696126086,24.030704508750997,0.9751274897513661,0.9751274897513661
SB85984_component_644a,172.391049,-62.072584,22.270999908447266,72.30844116210938,172.39145425205407,-62.072525527424936,19.324293915843196,1.15248712348492,1.15248712348492
SB85984_component_647a,170.217586,-63.216612,22.615999221801758,100.96427917480469,170.21765763196984,-63.216520597819795,19.53076632958063,1.157967835985439,1.157967835985439
SB85984_component_649a,172.727002,-63.273458,21.78700065612793,78.93840789794922,172.72685960284588,-63.2733646863729,19.845967047763235,1.0978049395977134,1.0978049395977134
SB85984_component_651a,175.166432,-63.573055,22.084999084472656,35.11128616333008,175.1663289759449,-63.57302984484166,23.270850978272776,0.9490413180460263,0.9490413180460263
SB85984_component_655a,165.732708,-58.15953,22.200000762939453,73.02632141113281,165.73289391154822,-58.15956613472553,22.832752004324195,0.9722875612512715,0.9722875612512715
SB85984_component_656a,170.674106,-57.299449,21.801000595092773,58.60483932495117,170.67418292063613,-57.299359809414625,22.296130955911945,0.9777929918962964,0.9777929918962964
SB85984_component_662a,175.088336,-59.825851,21.506000518798828,82.39846801757812,175.08847058155283,-59.82579357661978,17.405309953278522,1.2355999736016128,1.2355999736016128
SB85984_component_663a,173.872363,-60.236519,20.59000015258789,73.79927825927734,173.8724133635416,-60.23645059935121,19.332010820703633,1.065072865081216,1.065072865081216
SB85984_component_667a,171.566043,-65.092324,22.013999938964844,31.403709411621094,171.56549863705445,-65.09223399942604,21.82321060877953,1.0087424959418465,1.0087424959418465
SB85984_component_668a,169.250251,-60.308074,21.56399917602539,68.45713806152344,169.25025451600965,-60.308001538154706,19.55986897840222,1.1024613303819215,1.1024613303819215
SB85984_component_670a,168.434999,-63.152953,21.875,101.27314758300781,168.43515964836433,-63.15298752476045,20.29400023413901,1.0779047870119465,1.0779047870119465
SB85984_component_672a,171.712355,-62.187912,20.827999114990234,63.11514663696289,171.713075235671,-62.18786807629406,19.714841016042172,1.0564629508319279,1.0564629508319279
SB85984_component_674a,166.314306,-63.506167,20.94300079345703,79.32955169677734,166.31421972906986,-63.506402710734775,19.54642828723731,1.071448987287954,1.071448987287954
SB85984_component_678a,162.311233,-62.287601,22.19499969482422,66.85240936279297,162.31070114599606,-62.28782416883634,21.370403832969558,1.0385858811232431,1.0385858811232431
SB85984_component_679a,164.198518,-59.604148,22.854999542236328,59.518226623535156,164.19816137837228,-59.60437396071573,20.40599168522913,1.1200141553904441,1.1200141553904441
SB85984_component_681a,172.197186,-60.110387,21.253000259399414,105.73632049560547,172.19742422486812,-60.110342668384874,20.920352260385407,1.0159006882328605,1.0159006882328605
SB85984_component_684a,173.852264,-60.087447,20.326000213623047,74.45421600341797,173.85240840294898,-60.087426940817906,19.54848517019932,1.0397736723154902,1.0397736723154902
SB85984_component_687a,176.423542,-59.138407,21.288999557495117,69.12013244628906,176.42395524067112,-59.13846940095184,21.222777516024525,1.003120328685564,1.003120328685564
SB85984_component_689a,166.200824,-64.461548,22.187000274658203,27.15667152404785,166.20051070627645,-64.46184132596129,17.169131487477934,1.292261072777035,1.292261072777035
SB85984_component_691a,166.031451,-63.145698,22.37299919128418,95.6111068725586,166.03121185692171,-63.145995986520084,20.49783132035873,1.0914812811959773,1.0914812811959773
SB85984_component_697a,169.088908,-56.780674,20.03700065612793,31.210281372070312,169.08911372989039,-56.78065362446489,20.169969736232787,0.9934075716600608,0.9934075716600608
SB85984_component_700a,166.663157,-60.186666,20.610000610351562,55.70270538330078,166.66274183501514,-60.187008294740714,17.285467951436818,1.1923310765005004,1.1923310765005004
SB85984_component_701a,172.851923,-62.801213,20.069000244140625,71.67500305175781,172.85184099778684,-62.801129483465296,19.64972070681905,1.021337684315079,1.021337684315079
SB85984_component_703a,175.416058,-62.366499,21.566999435424805,43.307228088378906,175.41584852137004,-62.36649269307047,22.288616328939714,0.9676239707810863,0.9676239707810863
SB85984_component_704a,163.533081,-62.26776,20.43400001525879,80.13333129882812,163.53278009831575,-62.26807144301926,17.456562632167042,1.1705626385807049,1.1705626385807049
SB85984_component_705a,171.19856,-61.644121,20.406999588012695,70.36896514892578,171.19960350842743,-61.64410067226323,18.010489014260774,1.133061938065888,1.133061938065888
SB85984_component_708a,165.562211,-57.532718,20.538999557495117,45.84598159790039,165.56251990733833,-57.532901801779964,20.319646349204806,1.0107951292321038,1.0107951292321038
SB85984_component_710a,169.407456,-64.455272,20.15999984741211,57.931034088134766,169.4072612989463,-64.45531571535233,17.999424995187457,1.120035770742806,1.120035770742806
SB85984_component_714a,172.490926,-58.665681,21.34600067138672,106.7300033569336,172.49102350260299,-58.66563078659264,20.998672986547476,1.0165404587738356,1.0165404587738356
SB85984_component_719a,177.572161,-58.841073,21.525999069213867,39.71586608886719,177.572799926358,-58.840979758097646,21.804949223096333,0.9872070257523464,0.9872070257523464
SB85984_component_720a,173.096091,-62.782092,18.240999221801758,64.00350952148438,173.09620893747288,-62.78200182141706,19.109472897814296,0.9545527142136991,0.9545527142136991
SB85984_component_723a,174.999455,-62.442863,17.95800018310547,45.69465637207031,174.99929739689202,-62.44284410940973,15.879694450905667,1.1308781940751556,1.1308781940751556
SB85984_component_728a,173.264403,-57.779933,21.48200035095215,56.53158187866211,173.26464251268627,-57.780054290746875,21.17363296701245,1.0145637446545013,1.0145637446545013
SB85984_component_729a,168.633861,-64.007463,19.381999969482422,64.82274627685547,168.6335342396546,-64.00723097852148,12.913496281809438,1.5009103302863704,1.5009103302863704
SB85984_component_730a,171.646903,-62.293914,19.801000595092773,56.73638916015625,171.6472726934866,-62.293913174542546,18.49292940386212,1.0707335848563544,1.0707335848563544
SB85984_component_732a,168.360182,-59.748229,21.496000289916992,27.31385040283203,168.35962925969721,-59.748341333629355,15.739379902566904,1.3657463269192234,1.3657463269192234
SB85984_component_734a,168.916779,-57.558886,19.97100067138672,70.56890869140625,168.91694672762432,-57.558831224771865,20.02753236502648,0.99717730109684,0.99717730109684
SB85984_component_735a,166.037407,-60.390276,18.70599937438965,39.547569274902344,166.03733926357057,-60.390605312464544,19.065837458044818,0.9811265524293381,0.9811265524293381
SB85984_component_737a,173.84281,-60.961745,19.847999572753906,42.868247985839844,173.84303294759212,-60.96168685660218,17.01570109848513,1.1664520584767988,1.1664520584767988
SB85984_component_740a,169.392698,-61.060681,19.541000366210938,11.850212097167969,169.39371659278433,-61.06078858616024,19.956161253852816,0.9791963553330315,0.9791963553330315
SB85984_component_741a,175.097895,-59.556243,18.878999710083008,73.45914459228516,175.09815565544469,-59.55624984626071,17.767052201445395,1.0625848056295548,1.0625848056295548
SB85984_component_749a,177.589935,-60.697066,18.5,33.759124755859375,177.58977068350472,-60.696873646813714,18.68711047085666,0.9899871908421334,0.9899871908421334
SB85984_component_751a,176.901717,-61.381496,17.61400032043457,39.40492248535156,176.90161741148927,-61.381496656368434,16.62919768378096,1.0592212959025753,1.0592212959025753
SB85984_component_753a,171.356024,-57.007675,19.600000381469727,29.210134506225586,171.3558765291892,-57.00766664912707,19.460035622305877,1.0071924205011946,1.0071924205011946
SB85984_component_757a,170.91318,-61.922995,18.349000930786133,51.542137145996094,170.9141270719691,-61.92297824816751,17.217849753828883,1.0656964251128807,1.0656964251128807
SB85984_component_758a,165.386938,-57.012289,18.395999908447266,22.406822204589844,165.38675434047974,-57.01250513407144,21.645083243295563,0.8498927771111862,0.8498927771111862
SB85984_component_759a,177.086855,-64.036332,20.295000076293945,12.893900871276855,177.08641157652997,-64.036297386829,19.621573505441585,1.0343207220697974,1.0343207220697974
SB85984_component_762a,164.500717,-59.200627,19.420000076293945,52.628726959228516,164.50080361332974,-59.200714284669026,19.49192653191556,0.9963099360392189,0.9963099360392189
SB85984_component_765a,172.305123,-65.257268,17.8439998626709,19.738937377929688,172.3050644256382,-65.2573033260272,17.54513064209821,1.017034311494699,1.017034311494699
SB85984_component_769a,167.68934,-59.148402,18.284000396728516,69.78626251220703,167.6891668929625,-59.14849671391889,18.41505999718429,0.9928830207191389,0.9928830207191389
SB85984_component_771a,172.712747,-57.469108,19.83300018310547,45.384437561035156,172.71279520969864,-57.46926824777392,18.96764384325648,1.0456227640607374,1.0456227640607374
SB85984_component_773a,170.798429,-62.341168,18.867000579833984,58.231483459472656,170.79912113652495,-62.34118416791637,15.938909295707273,1.1837071301306241,1.1837071301306241
SB85984_component_774a,166.870638,-62.595522,19.524999618530273,64.6523208618164,166.87070933598423,-62.59573654083491,18.985700174953795,1.0284055599007051,1.0284055599007051
SB85984_component_775a,174.143146,-62.938535,18.913999557495117,42.03111267089844,174.14322053854428,-62.93845503410877,17.04644724899297,1.1095566883364787,1.1095566883364787
SB85984_component_777a,173.311632,-58.785165,18.45599937438965,92.74371337890625,173.31173254161683,-58.78508355574611,18.597247655635403,0.9924048824932998,0.9924048824932998
SB85984_component_781a,160.039901,-61.923156,19.086000442504883,12.401559829711914,160.0394650914155,-61.92346394519515,19.44904141892497,0.9813337342134081,0.9813337342134081
SB85984_component_782a,170.379151,-64.096044,18.636999130249023,69.02591705322266,170.3789925918552,-64.09598080620383,16.547803530468787,1.126252139501988,1.126252139501988
SB85984_component_785a,174.835457,-63.285151,15.505999565124512,26.46074867248535,174.835310538447,-63.285059580696256,16.279541404045325,0.9524838065322531,0.9524838065322531
SB85984_component_786a,172.028461,-61.964117,18.94700050354004,57.76524353027344,172.02904268548602,-61.96402248424448,16.20238910614223,1.1693954749153224,1.1693954749153224
SB85984_component_787a,163.834241,-58.207511,20.30900001525879,27.223861694335938,163.8344179646849,-58.20759809955975,20.43331128154014,0.9939162446767179,0.9939162446767179
SB85984_component_789a,172.704558,-57.851043,17.246000289916992,54.57594680786133,172.70467997834317,-57.85117443844289,17.796585963888635,0.9690622867167419,0.9690622867167419
SB85984_component_790a,166.282948,-56.5647,16.141000747680664,16.108783721923828,166.28339570776026,-56.56502150770557,23.513166804981573,0.6864664756370027,0.6864664756370027
SB85984_component_792a,173.943485,-64.105314,18.773000717163086,60.36334991455078,173.94340134015678,-64.10524647389043,18.620619122245138,1.0081834870214335,1.0081834870214335
SB85984_component_793a,171.600405,-58.746821,17.934999465942383,96.42472839355469,171.6005418172725,-58.746735432643206,19.857178029322174,0.903199812151485,0.903199812151485
SB85984_component_795a,170.57708,-57.291787,17.909000396728516,45.56997299194336,170.5770606240601,-57.29170644028105,19.849466345094534,0.9022409008569859,0.9022409008569859
SB85984_component_797a,166.478354,-58.1455,18.492000579833984,70.31178283691406,166.47862044030703,-58.14550790286625,20.249652503003272,0.9132008846616698,0.9132008846616698
SB85984_component_798a,171.919491,-65.004974,18.44300079345703,28.114330291748047,171.91924310897878,-65.00513744616052,18.66177683462943,0.9882767839787673,0.9882767839787673
SB85984_component_799a,168.425875,-62.979706,17.450000762939453,76.53508758544922,168.4261251861485,-62.97973654723987,17.3709765604748,1.004549208974495,1.004549208974495
SB85984_component_802a,173.464078,-62.847259,17.246000289916992,57.29568099975586,173.46397168979132,-62.847252529989355,17.921063638486117,0.962331290029047,0.962331290029047
SB85984_component_805a,174.815904,-62.275785,17.166000366210938,49.61272048950195,174.81589349875728,-62.27570129268455,16.427516536722493,1.0449540761585976,1.0449540761585976
SB85984_component_807a,172.414305,-59.097551,17.43600082397461,87.18000030517578,172.41451686351502,-59.09750087188326,20.16789256411821,0.8645425281070738,0.8645425281070738
SB85984_component_809a,172.503321,-57.630684,17.15399932861328,47.51800537109375,172.50372485890088,-57.63091141129515,18.108371840587225,0.9472966139432337,0.9472966139432337
SB85984_component_810a,178.374233,-60.398736,17.89900016784668,20.885648727416992,178.37392330371668,-60.39868438393171,17.598036915574948,1.0171020923365246,1.0171020923365246
SB85984_component_814a,174.19257,-64.223332,17.283000946044922,45.965431213378906,174.1924011762773,-64.22332729210686,14.83914233403645,1.1646900175896964,1.1646900175896964
SB85984_component_816a,166.488902,-59.883502,17.702999114990234,61.25605010986328,166.48851918825414,-59.88381698082653,17.07740844595519,1.0366326466345785,1.0366326466345785
SB85984_component_818a,176.017106,-60.623432,18.020999908447266,60.270904541015625,176.01699330486625,-60.62346683379336,15.869948732325959,1.1355424149379745,1.1355424149379745
SB85984_component_820a,178.50524,-59.507085,17.982999801635742,21.692399978637695,178.5058750326307,-59.50722159254616,13.115145353753933,1.3711628286672772,1.3711628286672772
SB85984_component_821a,166.140057,-58.108145,17.659000396728516,66.63774108886719,166.1403743782715,-58.108240821001196,19.541496260062118,0.9036667490410676,0.9036667490410676
SB85984_component_822a,176.464504,-61.868267,15.812999725341797,34.907283782958984,176.46439775933308,-61.86830112622368,12.879357963183145,1.2277785717692407,1.2277785717692407
SB85984_component_823a,171.60682,-63.420756,17.617000579833984,76.26406860351562,171.60700642508476,-63.420898034151705,17.01640726291324,1.0352949543132832,1.0352949543132832
SB85984_component_826a,173.381723,-60.20175,16.863000869750977,71.4533920288086,173.38194323012496,-60.20166863717748,15.721204074668261,1.072627820977307,1.072627820977307
SB85984_component_832a,170.587658,-60.485204,16.16900062561035,60.55805587768555,170.5877441261331,-60.485160309389784,13.956720903355276,1.1585099922520647,1.1585099922520647
SB85984_component_834a,170.742903,-63.266908,17.291000366210938,78.95433807373047,170.7428767203532,-63.266861023979885,16.759607861046533,1.0317067385806498,1.0317067385806498
SB85984_component_837a,166.826762,-57.132023,17.006999969482422,40.68659973144531,166.82702102121968,-57.1321170904478,20.0153648482612,0.8496972250275955,0.8496972250275955
SB85984_component_841a,177.386057,-61.519161,15.718999862670898,25.43527603149414,177.38572531747752,-61.51910069647734,16.358213841485533,0.960923974646086,0.960923974646086
SB85984_component_842a,166.416315,-58.443279,17.070999145507812,74.22173309326172,166.41658013734505,-58.443308513913706,14.080369417863777,1.2123971068436472,1.2123971068436472
SB85984_component_843a,175.520268,-57.793309,17.374000549316406,21.291667938232422,175.52097600244267,-57.793440518525045,18.28943548375446,0.9499473378907082,0.9499473378907082
SB85984_component_851a,171.400959,-63.794204,16.336000442504883,70.11158752441406,171.4009509942656,-63.7941318967177,15.283329002582775,1.0688771039178842,1.0688771039178842
SB85984_component_852a,163.097196,-63.5605,16.695999145507812,25.14457893371582,163.0969700969116,-63.56109893148696,15.64581232168184,1.0671225502539508,1.0671225502539508
SB85984_component_854a,170.462995,-64.394166,16.797000885009766,52.16460037231445,170.46262273752347,-64.39416663278016,17.476889469985412,0.9610978494689643,0.9610978494689643
SB85984_component_855a,168.462298,-56.246239,15.784000396728516,13.241610527038574,168.46293662488,-56.24627561252752,16.258009834578118,0.9708445595326519,0.9708445595326519
SB85984_component_858a,162.095133,-62.215107,16.562999725341797,44.167999267578125,162.09483747916266,-62.21541487286883,14.297421783781173,1.1584605935127876,1.1584605935127876
SB85984_component_860a,176.640295,-62.73754,16.222000122070312,24.32084083557129,176.64054042170667,-62.73750157765055,12.393317903014687,1.308931171540778,1.308931171540778
SB85984_component_862a,168.720928,-63.640297,16.315000534057617,81.16915130615234,168.7208101856639,-63.64029493295509,16.317340015117395,0.9998566260764554,0.9998566260764554
SB85984_component_863a,171.664906,-61.011236,16.399999618530273,64.82213592529297,171.6654846869936,-61.011255143036614,13.704830540887771,1.1966583293096242,1.1966583293096242
SB85984_component_866a,169.641188,-56.462945,14.652000427246094,25.526132583618164,169.64129985309756,-56.46324145334108,16.951672743993928,0.8643395049280537,0.8643395049280537
SB85984_component_867a,169.273561,-65.024207,15.784000396728516,19.90416145324707,169.2731034734461,-65.02414942829799,17.18480059476168,0.9184860952963191,0.9184860952963191
SB85984_component_869a,176.292849,-58.612447,15.498000144958496,43.169918060302734,176.29377488475268,-58.612574258957686,16.191434000594125,0.9571727954664062,0.9571727954664062
SB85984_component_873a,164.12185,-61.71714,15.71500015258789,55.140350341796875,164.12183447988681,-61.717452451078024,12.905761302795876,1.2176732378572217,1.2176732378572217
SB85984_component_879a,168.744883,-60.077705,15.9350004196167,46.45772933959961,168.74452928152053,-60.0776022523406,16.6957536581074,0.9544343277896125,0.9544343277896125
SB85984_component_884a,163.044158,-62.159438,15.819999694824219,55.50876998901367,163.0442540308497,-62.159593049416216,15.72468749616546,1.0060613095606512,1.0060613095606512
SB85984_component_885a,166.627551,-62.048816,15.137999534606934,37.656715393066406,166.62825153276475,-62.048945599240774,16.47406310201884,0.9188989650496012,0.9188989650496012
SB85984_component_886a,176.758788,-61.80608,16.35700035095215,36.26829147338867,176.758822638555,-61.8060556340519,12.584068984430644,1.2998180772204506,1.2998180772204506
SB85984_component_892a,164.576465,-58.918204,15.781999588012695,52.78260803222656,164.57667296534598,-58.91832346808643,17.146104650481302,0.9204422759410654,0.9204422759410654
SB85984_component_894a,168.872799,-62.290742,16.756999969482422,39.80284881591797,168.87391824124774,-62.290741857722885,13.35176625098245,1.2550399441159634,1.2550399441159634
SB85984_component_901a,167.15925,-57.636224,15.060999870300293,53.98207473754883,167.15945098327364,-57.63623790127694,15.077683198889362,0.9988935084807792,0.9988935084807792
SB85984_component_904a,168.126618,-63.859376,15.633000373840332,59.66794204711914,168.12650240761403,-63.859288859999026,12.135878286059112,1.2881639058458982,1.2881639058458982
SB85984_component_905a,168.10126,-57.772005,15.694000244140625,57.487178802490234,168.10134757890268,-57.77199162353178,14.937274441933091,1.0506602329058903,1.0506602329058903
SB85984_component_906a,166.403234,-59.771201,14.868000030517578,50.917808532714844,166.40282598596448,-59.771428342239204,13.890032064463139,1.070407898377464,1.070407898377464
SB85984_component_910a,173.831016,-60.359219,15.6899995803833,49.49526596069336,173.83106414569258,-60.35925766017549,15.174867523781169,1.0339463956304624,1.0339463956304624
SB85984_component_911a,162.098083,-61.520923,14.520999908447266,38.61968231201172,162.09796036322547,-61.52106755565606,13.665019927954452,1.062640229213405,1.062640229213405
SB85984_component_912a,162.773046,-60.059664,15.446999549865723,24.44145393371582,162.77236146635605,-60.060115730534385,14.120420104222234,1.093947590500287,1.093947590500287
SB85984_component_913a,167.240166,-56.710016,14.53600025177002,20.9754695892334,167.2405303603562,-56.71018393244357,14.095778600829966,1.0312307438564716,1.0312307438564716
SB85984_component_922a,174.570421,-62.79839,15.324999809265137,45.74626541137695,174.57053464257422,-62.79829820840348,14.123579081874357,1.085064891868141,1.085064891868141
SB85984_component_923a,163.925784,-61.514929,15.687000274658203,45.469566345214844,163.9257152997815,-61.515224030472794,11.75619402325061,1.3343604438335663,1.3343604438335663
SB85984_component_925a,172.321348,-59.522179,14.333000183105469,67.29108428955078,172.3214512081463,-59.52212458904533,14.31945885839423,1.0009456589697383,1.0009456589697383
SB85984_component_926a,173.325557,-58.1594,15.322999954223633,57.605262756347656,173.32568047931676,-58.15961217984869,16.96809319036931,0.9030478429314973,0.9030478429314973
SB85984_component_928a,171.060772,-63.471156,14.967000007629395,68.97235107421875,171.0607754019753,-63.47110516886522,14.251530604555802,1.0502029868177722,1.0502029868177722
SB85984_component_929a,174.975738,-62.765651,14.574999809265137,39.71389389038086,174.975824783822,-62.765571898151286,15.675284135095138,0.9298076949452806,0.9298076949452806
SB85984_component_931a,178.075275,-59.031781,16.0049991607666,22.734373092651367,178.07522740323907,-59.03170891554945,12.505205939675546,1.279866900071368,1.279866900071368
SB85984_component_932a,171.264395,-58.617951,15.708000183105469,78.14925384521484,171.26451739171122,-58.61781676182992,14.694180330348129,1.0689946516216002,1.0689946516216002
SB85984_component_933a,169.04354,-56.967037,14.633000373840332,28.976238250732422,169.0434921705049,-56.967036953200385,15.39446260968136,0.9505366146810376,0.9505366146810376
SB85984_component_934a,165.479416,-60.023775,12.888999938964844,28.706012725830078,165.47893447591653,-60.024013160641225,14.793836772279443,0.871241188973785,0.871241188973785
SB85984_component_935a,176.719299,-63.405544,13.916000366210938,16.33333396911621,176.71940895558447,-63.405500881942515,15.392686282627215,0.9040657433470256,0.9040657433470256
SB85984_component_937a,163.21436,-63.3688,15.21399974822998,30.86004066467285,163.21352511801226,-63.36925911515543,17.679850511751425,0.8605276236989422,0.8605276236989422
SB85984_component_943a,173.797932,-63.156848,14.305999755859375,38.769649505615234,173.797721005917,-63.15680356887213,13.836144755474976,1.033958520143299,1.033958520143299
SB85984_component_948a,161.211738,-63.011265,15.666000366210938,18.920289993286133,161.21048535137328,-63.01157957432228,14.985339364924952,1.0454217942423885,1.0454217942423885
SB85984_component_949a,164.553819,-57.954621,14.420999526977539,27.056283950805664,164.5541977668279,-57.95466809018872,14.174066191410802,1.0174214888114728,1.0174214888114728
SB85984_component_950a,165.677855,-59.825076,13.979999542236328,27.959999084472656,165.67726037318755,-59.8254509600095,15.347560865303562,0.9108938980552345,0.9108938980552345
SB85984_component_954a,165.098671,-60.44948,16.059999465942383,22.7156982421875,165.09853575764814,-60.44973644072794,16.29725083381303,0.9854422460395341,0.9854422460395341
SB85984_component_956a,171.716019,-58.159131,13.918000221252441,63.552513122558594,171.71626967905448,-58.158991137235695,11.352084764431309,1.2260303292361536,1.2260303292361536
SB85984_component_962a,174.966285,-62.363972,13.911999702453613,45.46405029296875,174.96626330524185,-62.36396256250567,13.269534697946979,1.048416543543613,1.048416543543613
SB85984_component_963a,177.28874,-59.383713,14.553000450134277,33.6875,177.28903001754094,-59.3838838835815,13.04440251582726,1.115650979987514,1.115650979987514
SB85984_component_964a,176.516214,-64.213277,14.899999618530273,14.313159942626953,176.51522090992677,-64.21331593414591,16.76585859032856,0.8887108010755493,0.8887108010755493
SB85984_component_966a,176.497439,-61.106714,14.10099983215332,37.602664947509766,176.49739590670796,-61.10666810565134,12.656227486359453,1.1141550550786958,1.1141550550786958
SB85984_component_967a,174.725741,-60.114919,14.192999839782715,51.989009857177734,174.72589515940933,-60.11491313839918,13.300275856656162,1.0671207118369492,1.0671207118369492
SB85984_component_969a,172.389248,-60.389596,14.142999649047852,61.491302490234375,172.38923754968707,-60.38960209174086,13.219547250032276,1.0698550700375402,1.0698550700375402
SB85984_component_972a,178.00799,-60.044363,14.4399995803833,23.067092895507812,178.0077631746186,-60.04436546059756,12.373227851666222,1.1670357770417006,1.1670357770417006
SB85984_component_977a,163.836558,-62.611397,14.553999900817871,61.40928268432617,163.8360280676111,-62.6117569288724,12.749790964489545,1.1415089032716985,1.1415089032716985
SB85984_component_983a,175.385548,-61.583844,12.609000205993652,45.032142639160156,175.3853749508412,-61.58381211979218,12.161883097304298,1.0367638058277717,1.0367638058277717
SB85984_component_985a,173.887208,-58.661713,15.560999870300293,66.5,173.88744973004253,-58.661737828307466,15.682394997425256,0.9922591461862239,0.9922591461862239
SB85984_component_986a,172.241158,-63.158372,14.678999900817871,55.602272033691406,172.24104022155515,-63.15822003040207,13.807238763575446,1.0631379779961652,1.0631379779961652
SB85984_component_994a,166.563123,-63.017291,14.973999977111816,64.26609802246094,166.563251306487,-63.01749789974449,13.68422796419142,1.0942524500684616,1.0942524500684616
SB85984_component_997a,164.865677,-60.018791,13.168999671936035,35.88283157348633,164.86542762792726,-60.01903238268667,11.34740561399087,1.1605295624313645,1.1605295624313645
SB85984_component_1000a,168.100879,-59.215608,14.633999824523926,53.0217399597168,168.1006743539665,-59.2155307404881,12.236318752570755,1.1959479088798204,1.1959479088798204
SB85984_component_1001a,170.160131,-57.004403,13.215999603271484,25.762182235717773,170.16058311343104,-57.00436173022499,14.31729757924192,0.9230792005352209,0.9230792005352209
SB85984_component_1002a,170.012069,-57.003973,12.812000274658203,23.46520233154297,170.01228660635084,-57.00386945308726,13.733259905916206,0.9329176293487951,0.9329176293487951
SB85984_component_1004a,175.541446,-62.549257,11.98900032043457,14.692402839660645,175.54145110645123,-62.54927630183151,11.301756267012296,1.0608086068382319,1.0608086068382319
SB85984_component_1005a,165.7538,-60.421396,13.151000022888184,24.263837814331055,165.75375407799984,-60.42167843312785,13.932501510050628,0.9439080278154871,0.9439080278154871
SB85984_component_1006a,174.078754,-62.807745,12.616000175476074,38.34650421142578,174.07879935981452,-62.80763933890508,12.671974543272631,0.995582821950485,0.995582821950485
SB85984_component_1007a,176.249599,-63.251959,12.87399959564209,15.699999809265137,176.24947786377805,-63.25182656868306,13.861245849593917,0.9287765136940594,0.9287765136940594
SB85984_component_1012a,175.356878,-58.666391,13.42199993133545,42.74522018432617,175.35726366575832,-58.66644100508954,13.45862456488653,0.9972787238863446,0.9972787238863446
SB85984_component_1014a,168.11888,-62.982708,13.324000358581543,61.11927032470703,168.11896629558746,-62.98281000832004,23.941493540018655,0.5565233570875696,0.5565233570875696
SB85984_component_1020a,163.145,-61.404122,13.736000061035156,46.72108840942383,163.1449327827124,-61.4043462068409,11.332833909349777,1.2120534167277195,1.2120534167277195
SB85984_component_1025a,164.50368,-62.951762,12.918000221252441,49.68461990356445,164.50315249780115,-62.95211827576524,11.300367151376076,1.1431487179316455,1.1431487179316455
SB85984_component_1027a,171.05944,-58.457591,12.968999862670898,64.20296478271484,171.05941525768716,-58.457541059108614,12.429095103395468,1.0434387825327633,1.0434387825327633
SB85984_component_1030a,170.660793,-57.80783,13.557000160217285,56.72385025024414,170.66105394150884,-57.807768470965605,13.463484360820024,1.0069458839102157,1.0069458839102157
SB85984_component_1033a,174.065055,-61.120729,13.390000343322754,41.455108642578125,174.06492894668915,-61.12073515754588,12.015508557472833,1.1143931427684,1.1143931427684
SB85984_component_1036a,174.828849,-64.854415,13.225000381469727,17.064517974853516,174.82849020124095,-64.85413844857949,13.879352173971215,0.9528542986517314,0.9528542986517314
SB85984_component_1037a,170.349406,-59.489685,13.75,61.111114501953125,170.34915852287799,-59.48966353854863,12.882933463138299,1.0673035019037103,1.0673035019037103
SB85984_component_1038a,166.816788,-60.475422,12.133999824523926,29.960493087768555,166.81660753838423,-60.47569856695938,11.948391418974905,1.0155341751906672,1.0155341751906672
SB85984_component_1040a,173.967353,-64.607357,12.520999908447266,28.58675765991211,173.96733830959607,-64.60729947682557,12.362472771309012,1.0128232547056577,1.0128232547056577
SB85984_component_1048a,169.433271,-58.497316,12.772000312805176,57.01785659790039,169.43333332954984,-58.49728705608386,11.972788953550461,1.0667523132960357,1.0667523132960357
SB85984_component_1050a,173.858086,-61.374856,12.281000137329102,46.874046325683594,173.85827789664418,-61.37465685519547,13.054456439902062,0.9407515505426312,0.9407515505426312
SB85984_component_1051a,176.817148,-62.109084,12.336000442504883,22.347827911376953,176.8168710894761,-62.109143699360025,11.837770333397811,1.0420881715960832,1.0420881715960832
SB85984_component_1054a,169.748855,-59.603055,11.708999633789062,44.52090835571289,169.7484517711286,-59.60290349955342,13.367563853820803,0.8759262167610533,0.8759262167610533
SB85984_component_1055a,174.069455,-60.153973,12.42199993133545,49.09881591796875,174.06947953332516,-60.15405748699518,12.677993720551626,0.979808020507125,0.979808020507125
SB85984_component_1066a,162.221998,-63.466516,11.979999542236328,13.164834022521973,162.22065253706197,-63.46673247130607,12.958292561548244,0.9245044812296604,0.9245044812296604
SB85984_component_1067a,160.928475,-62.281734,14.026000022888184,22.334394454956055,160.9281733040114,-62.28198192384631,11.848157332977925,1.18381277600429,1.18381277600429
SB85984_component_1069a,168.717366,-62.54815,12.347999572753906,47.67567443847656,168.71816471688717,-62.54804670099183,12.180013038060494,1.0137919831586784,1.0137919831586784
SB85984_component_1071a,169.437815,-58.242245,12.402000427246094,55.614349365234375,169.43765019823746,-58.24226728272034,12.058869587048246,1.0284546439217144,1.0284546439217144
SB85984_component_1075a,166.081664,-61.804774,12.04800033569336,26.832962036132812,166.08183467519544,-61.80515288876813,10.954392317231932,1.0998328329670204,1.0998328329670204
SB85984_component_1077a,170.322394,-62.01513,12.121000289916992,35.86094665527344,170.32346130268857,-62.015222587910735,13.357368942277347,0.9074392076985214,0.9074392076985214
SB85984_component_1079a,171.909105,-59.648576,12.54800033569336,56.26905822753906,171.90909242294705,-59.64846809210956,11.905088565967308,1.0540031068365106,1.0540031068365106
SB85984_component_1080a,174.122585,-58.17051,13.399999618530273,43.934425354003906,174.12302060345485,-58.17070365918217,10.42021755543765,1.2859615979454924,1.2859615979454924
SB85984_component_1082a,167.018995,-57.892318,11.902000427246094,46.67451095581055,167.01925003691755,-57.89233620139268,12.949780292561986,0.9190889851685199,0.9190889851685199
SB85984_component_1084a,166.920068,-63.614473,13.192999839782715,51.940940856933594,166.91961541104783,-63.61457972664551,8.669515186194097,1.5217690443396548,1.5217690443396548
SB85984_component_1086a,172.756672,-60.838727,11.871999740600586,47.678714752197266,172.75667795675636,-60.838701189469354,10.681782767994168,1.1114249370594453,1.1114249370594453
SB85984_component_1088a,163.908991,-60.861766,12.09000015258789,22.3062744140625,163.90883423666645,-60.86205160690391,11.015202370371814,1.0975740386855732,1.0975740386855732
SB85984_component_1091a,173.046382,-59.141158,12.092000007629395,57.8564567565918,173.04638549879724,-59.14099532528145,11.845703466662266,1.0207920569394877,1.0207920569394877
SB85984_component_1097a,167.058118,-57.859793,12.428999900817871,49.32142639160156,167.05856257707714,-57.85983681523722,12.576658497723416,0.9882593141149317,0.9882593141149317
SB85984_component_1100a,170.237256,-63.096559,12.54800033569336,53.85408020019531,170.23757349881114,-63.09663414218914,12.365111706991918,1.0147906976528183,1.0147906976528183
SB85984_component_1101a,169.596522,-58.119365,12.420000076293945,55.20000076293945,169.59670684646298,-58.1192811088291,11.769295874025032,1.0552882865070141,1.0552882865070141
SB85984_component_1104a,164.961053,-59.958331,11.628000259399414,24.32636070251465,164.9608259137614,-59.95853349362315,9.739102704693822,1.1939498547227791,1.1939498547227791
SB85984_component_1105a,164.89027,-58.921735,11.951000213623047,42.98920822143555,164.89055748208875,-58.921851827805185,12.1532787338403,0.9833560535681604,0.9833560535681604
SB85984_component_1106a,175.789551,-63.854879,13.04800033569336,22.57439422607422,175.78918550158195,-63.85471542206167,13.380707741697824,0.9751352908659936,0.9751352908659936
SB85984_component_1107a,171.411658,-59.930394,12.28600025177002,52.9568977355957,171.4115862227763,-59.93026637585086,11.841830790529107,1.0375085127543076,1.0375085127543076
SB85984_component_1110a,175.743269,-63.445984,11.758000373840332,23.422311782836914,175.7432166584711,-63.44587210953266,13.391344101910779,0.8780298888864048,0.8780298888864048
SB85984_component_1111a,166.254408,-62.19448,12.116000175476074,38.58598709106445,166.25523611333747,-62.194752501910436,10.6178022011674,1.141102456602926,1.141102456602926
SB85984_component_1112a,171.628805,-58.702112,11.616999626159668,63.135868072509766,171.62874213406454,-58.702034677896535,12.423778955592871,0.9350616803215087,0.9350616803215087
SB85984_component_1113a,163.272502,-59.080042,11.145000457763672,16.43805503845215,163.2728751736925,-59.08018461248228,11.457455146888089,0.97272913704495,0.97272913704495
SB85984_component_1114a,172.272523,-62.228995,13.524999618530273,38.09859085083008,172.2728256562168,-62.22900058869389,11.334613204630747,1.193247566048804,1.193247566048804
SB85984_component_1118a,168.645161,-60.63303,11.628999710083008,18.227272033691406,168.6451185116245,-60.633109837354766,11.818749949105708,0.9839449823509416,0.9839449823509416
SB85984_component_1120a,167.557563,-64.781162,12.02299976348877,14.296075820922852,167.55706249150384,-64.78109376258143,11.865499736457021,1.0132737794892723,1.0132737794892723
SB85984_component_1124a,163.872078,-57.907889,12.545999526977539,13.31847095489502,163.87208883281392,-57.90804716170822,13.846788197625887,0.9060584554278532,0.9060584554278532
SB85984_component_1133a,172.371021,-61.669761,10.625,33.730159759521484,172.3716889174794,-61.669752088511316,10.671993169025239,0.9955965892892779,0.9955965892892779
SB85984_component_1135a,169.863307,-59.890276,11.192000389099121,46.828453063964844,169.86293174979318,-59.89017206400661,11.646738909378389,0.9609557212694881,0.9609557212694881
SB85984_component_1137a,163.748305,-63.003828,11.12600040435791,33.21194076538086,163.747380355863,-63.004225592633325,10.401469075034065,1.069656634471268,1.069656634471268
SB85984_component_1138a,165.483406,-61.371004,12.192999839782715,21.96936798095703,165.48383863100787,-61.37114762539768,8.991005996704656,1.356132989373118,1.356132989373118
SB85984_component_1139a,170.796787,-61.158109,11.786999702453613,31.43199920654297,170.797820404589,-61.15804851186326,11.865741005929394,0.993363979254525,0.993363979254525
SB85984_component_1140a,163.891299,-58.798727,12.682000160217285,23.838346481323242,163.8915929774521,-58.79865581438896,13.78030110184014,0.9202992058369324,0.9202992058369324
SB85984_component_1141a,164.153308,-63.116554,11.720000267028809,31.336898803710938,164.15274244057065,-63.116914303729466,11.643972269143367,1.0065293867185614,1.0065293867185614
SB85984_component_1142a,177.060636,-59.680809,11.545999526977539,30.625993728637695,177.06060953312104,-59.680792028499745,11.078482259925071,1.0422004798205662,1.0422004798205662
SB85984_component_1143a,162.59865,-63.753313,12.425999641418457,10.468406677246094,162.5988783096343,-63.75377306274865,10.086641875151422,1.231926323470458,1.231926323470458
SB85984_component_1146a,174.369477,-64.806617,12.288999557495117,19.41390037536621,174.36954965673658,-64.80625804245764,12.505521190710141,0.9826859168911833,0.9826859168911833
SB85984_component_1155a,170.080218,-63.260677,11.02299976348877,44.62752914428711,170.0803507267386,-63.26061340110366,10.201274057126046,1.0805512822968137,1.0805512822968137
SB85984_component_1156a,167.049053,-61.62422,12.052000045776367,15.02743148803711,167.0496808009903,-61.6242882685444,8.163879278981943,1.4762589736970342,1.4762589736970342
SB85984_component_1157a,171.127858,-65.125912,12.303000450134277,14.805055618286133,171.12745765480298,-65.12575910487571,11.386687487376555,1.080472302745953,1.080472302745953
SB85984_component_1160a,171.013811,-57.167108,12.366999626159668,25.394250869750977,171.01383532150356,-57.167261093388674,12.548532491783249,0.9855335382250914,0.9855335382250914
SB85984_component_1161a,166.736043,-59.264203,11.524999618530273,48.42436599731445,166.73593705635676,-59.26435256960794,9.838353374462733,1.1714358266948963,1.1714358266948963
SB85984_component_1165a,172.075713,-62.507672,11.182000160217285,32.69590759277344,172.0758555188202,-62.50763728319457,10.72135136146296,1.0429655538023024,1.0429655538023024
SB85984_component_1166a,173.348069,-65.11772,10.944000244140625,14.231470108032227,173.3479993859612,-65.11767164523451,9.744856973105547,1.1230539631668834,1.1230539631668834
SB85984_component_1167a,172.173355,-59.249092,11.11299991607666,53.42788314819336,172.17359192332705,-59.24899043974008,10.50925810310496,1.0574485664971274,1.0574485664971274
SB85984_component_1168a,176.443114,-60.48267,11.3149995803833,28.938617706298828,176.44314492441913,-60.482772572501084,11.884505293905876,0.9520799815020818,0.9520799815020818
SB85984_component_1169a,173.744145,-60.585638,11.769000053405762,41.73404312133789,173.74409058581065,-60.58538984435517,12.415157023668007,0.9479541846284808,0.9479541846284808
SB85984_component_1170a,176.808392,-59.30358,12.375,39.28571319580078,176.80846037420835,-59.303367101496896,9.971453831371873,1.2410427014229526,1.2410427014229526
SB85984_component_1171a,163.700132,-62.184343,11.84000015258789,45.5384635925293,163.70000205582448,-62.184604620757064,10.440554830142363,1.1340393633492796,1.1340393633492796
SB85984_component_1174a,163.383974,-62.275321,11.704000473022461,43.02941131591797,163.38379099564307,-62.27558779674212,9.885792963691731,1.1839212611480527,1.1839212611480527
SB85984_component_1175a,165.953798,-64.371884,11.397000312805176,14.996053695678711,165.95295114012163,-64.37218022609802,11.10989664025493,1.0258421551385069,1.0258421551385069
SB85984_component_1176a,165.708205,-64.264041,10.444000244140625,15.426883697509766,165.7079084008916,-64.26434606312942,10.75737516317872,0.9708688305200378,0.9708688305200378
SB85984_component_1177a,163.418172,-59.800816,12.201000213623047,24.11264991760254,163.41796898957998,-59.80101733310627,9.502218667325605,1.2840159378332863,1.2840159378332863
SB85984_component_1178a,163.820077,-59.292343,12.430000305175781,31.871797561645508,163.81990882790473,-59.29251466709565,10.721327397351523,1.1593713953970242,1.1593713953970242
SB85984_component_1181a,175.857624,-60.868518,11.9350004196167,40.873291015625,175.85764644133886,-60.86864261657611,10.827886057374686,1.1022465840862794,1.1022465840862794
SB85984_component_1183a,165.017291,-62.387519,11.33899974822998,45.906883239746094,165.01740726660998,-62.38808334933307,10.89205224777041,1.0410342780490298,1.0410342780490298
SB85984_component_1186a,160.966822,-61.031313,11.413000106811523,11.266534805297852,160.9673310635822,-61.03134050691879,11.863942557427253,0.9619905062391403,0.9619905062391403
SB85984_component_1187a,164.579288,-61.8937,11.668999671936035,39.96232986450195,164.57921465043026,-61.8940279348019,8.750842062367159,1.3334716349319526,1.3334716349319526
SB85984_component_1188a,174.631758,-60.546235,11.362000465393066,17.267478942871094,174.6319625099533,-60.54641901693484,10.060866951859136,1.1293261823021619,1.1293261823021619
SB85984_component_1190a,169.717871,-57.972372,10.619999885559082,39.77528381347656,169.71772812105365,-57.97231115298659,11.635665632092698,0.9127109888984541,0.9127109888984541
SB85984_component_1191a,176.045563,-60.394361,11.666000366210938,28.24697494506836,176.04551046789973,-60.39428107882588,8.918142059091183,1.3081200421469603,1.3081200421469603
SB85984_component_1192a,172.689119,-61.277683,10.45199966430664,28.096773147583008,172.6891745564341,-61.27767944588192,9.914054615595338,1.0542608518481515,1.0542608518481515
SB85984_component_1197a,167.176335,-61.683431,11.366000175476074,14.571795463562012,167.1774399493533,-61.68351293194457,10.657620042184364,1.0664670095657232,1.0664670095657232
SB85984_component_1198a,167.576879,-61.587631,11.008000373840332,10.15498161315918,167.5785947246736,-61.587651163760285,8.897108425012469,1.237255954180968,1.237255954180968
SB85984_component_1199a,169.556108,-59.032354,11.206999778747559,50.2556037902832,169.55594004091756,-59.03211294289778,12.340184889857104,0.9081711399607184,0.9081711399607184
SB85984_component_1200a,171.827717,-57.439153,11.803000450134277,30.26410484313965,171.82792743389516,-57.439255137762125,10.63491320297189,1.1098351462648488,1.1098351462648488
SB85984_component_1203a,161.224589,-61.566726,12.074000358581543,20.292436599731445,161.2241458558784,-61.567213241872004,11.668935992893793,1.0347130506101352,1.0347130506101352
SB85984_component_1213a,177.142811,-61.103241,10.92300033569336,26.641464233398438,177.14312348117016,-61.10320941933917,10.58249624749699,1.0321761595972128,1.0321761595972128
SB85984_component_1214a,167.18276,-64.058654,10.494000434875488,31.13946533203125,167.18265449618596,-64.05873839944825,10.022364517735404,1.0470583479881903,1.0470583479881903
SB85984_component_1217a,162.472788,-62.143999,10.678000450134277,34.556636810302734,162.47256894317425,-62.14414938447484,11.49272934122731,0.9291091900885201,0.9291091900885201
SB85984_component_1223a,171.464683,-61.188141,11.279999732971191,33.17646789550781,171.46540948881633,-61.18788906113285,8.516274279401111,1.3245228327432912,1.3245228327432912
SB85984_component_1226a,168.907986,-64.472256,10.892000198364258,24.366891860961914,168.90791661756066,-64.47217682457415,10.134838846886375,1.0747087706984604,1.0747087706984604
SB85984_component_1228a,166.109854,-57.829709,11.121999740600586,39.43971633911133,166.11021391832168,-57.8298804947764,12.482737976175123,0.8909904030532663,0.8909904030532663
SB85984_component_1232a,175.4971,-60.036437,11.579999923706055,43.698116302490234,175.49684944452744,-60.03648227714724,8.911760514581017,1.2994065431582666,1.2994065431582666
SB85984_component_1233a,174.995001,-62.286786,9.72599983215332,22.20547866821289,174.99491541327905,-62.28687827023507,10.017837684673532,0.9708681791713695,0.9708681791713695
SB85984_component_1234a,172.759718,-61.992758,10.081000328063965,35.87544631958008,172.75973808581023,-61.992565444042064,9.253651840740904,1.0894077820910126,1.0894077820910126
SB85984_component_1236a,175.194502,-59.509213,10.60200023651123,38.0,175.1945366549522,-59.50925094565096,9.059971553482754,1.170202375793962,1.170202375793962
SB85984_component_1237a,167.664385,-59.50516,10.449999809265137,34.039085388183594,167.66394830475403,-59.50530717253394,8.80247308346616,1.1871663463411841,1.1871663463411841
SB85984_component_1240a,177.573319,-61.675987,10.109999656677246,14.78070068359375,177.572632498662,-61.675874139423186,9.1936080354578,1.0996770384037604,1.0996770384037604
SB85984_component_1241a,168.465837,-56.975989,10.291000366210938,23.125843048095703,168.46611690471656,-56.97604635539895,12.25385244539053,0.8398175522410547,0.8398175522410547
SB85984_component_1242a,170.881663,-62.061293,11.605999946594238,32.509803771972656,170.8825224380213,-62.06128392747444,8.629320372597551,1.3449494798511767,1.3449494798511767
SB85984_component_1244a,171.488198,-65.217445,10.737000465393066,11.983259201049805,171.4880020618743,-65.2175071820902,10.447381706301284,1.0277216595730487,1.0277216595730487
SB85984_component_1248a,169.787713,-59.710896,10.67199993133545,45.41276550292969,169.78753526311402,-59.71084449657174,11.109284187334813,0.9606379449273706,0.9606379449273706
SB85984_component_1251a,169.529193,-59.548164,10.118000030517578,44.96889114379883,169.5288557976767,-59.54818272607229,8.886574655492698,1.1385714319367979,1.1385714319367979
SB85984_component_1264a,169.82715,-63.711133,10.835000038146973,50.86854553222656,169.82728046389678,-63.71094692059547,10.038551382518245,1.0793390027385539,1.0793390027385539
SB85984_component_1265a,168.403385,-64.718622,10.022000312805176,16.9005069732666,168.40346922935205,-64.71873120393604,9.297037287732111,1.0779778549484456,1.0779778549484456
SB85984_component_1267a,174.434548,-58.589401,11.048999786376953,42.33333206176758,174.43498552019486,-58.58944935663692,11.135193286656163,0.9922593620011518,0.9922593620011518
SB85984_component_1281a,171.043793,-60.189465,10.427000045776367,50.12980651855469,171.04400028462018,-60.18937943111399,10.40497918456577,1.0021163772478527,1.0021163772478527
SB85984_component_1288a,177.298379,-61.93008,9.592000007629395,15.034482955932617,177.2983935386798,-61.930193718142405,9.655836428991202,0.993388825315004,0.993388825315004
SB85984_component_1292a,172.885818,-57.726248,11.102999687194824,32.18260955810547,172.88596697351005,-57.72651645560475,10.766766062447106,1.0312288409349257,1.0312288409349257
SB85984_component_1296a,167.506078,-56.530099,9.897000312805176,12.054811477661133,167.5067753909377,-56.530331901392,10.470121314105974,0.9452612835986288,0.9452612835986288
SB85984_component_1300a,169.98082,-58.092733,10.73900032043457,49.94883728027344,169.98088117914338,-58.092862489248255,8.999860816483116,1.1932407110970256,1.1932407110970256
SB85984_component_1302a,165.472579,-62.213911,9.99899959564209,38.60617446899414,165.47267750264083,-62.21425359302429,8.341494525200678,1.198706007111062,1.198706007111062
SB85984_component_1303a,177.256553,-60.05018,10.295000076293945,27.749326705932617,177.2563331373137,-60.05016209369832,7.624312739780531,1.35028564903678,1.35028564903678
SB85984_component_1307a,168.667881,-57.683168,10.015999794006348,30.9135799407959,168.66804203055048,-57.68268512091504,11.025063806513153,0.9084754491932562,0.9084754491932562
SB85984_component_1310a,164.506531,-60.301481,9.503000259399414,25.140213012695312,164.50605774578298,-60.301854605925975,10.710164056236941,0.8872880200061409,0.8872880200061409
SB85984_component_1312a,173.024494,-63.551035,10.567999839782715,42.27199935913086,173.02447596910923,-63.55093277136153,9.728486228900374,1.0862943721283584,1.0862943721283584
SB85984_component_1315a,167.917617,-58.372418,9.22599983215332,39.09321975708008,167.91779931019735,-58.37234717803891,11.556714811672128,0.7983237435984128,0.7983237435984128
SB85984_component_1316a,175.95036,-63.27304,10.470000267028809,18.051725387573242,175.95077255398758,-63.272952444903474,9.056037505258772,1.156134817346876,1.156134817346876
SB85984_component_1317a,166.444405,-60.278732,9.70199966430664,19.023529052734375,166.4442480986945,-60.27897016596248,9.042165192094464,1.0729730610085588,1.0729730610085588
SB85984_component_1318a,162.779589,-62.872355,9.597999572753906,27.112993240356445,162.7783316706307,-62.87323432571154,11.186815059959676,0.8579742778717666,0.8579742778717666
SB85984_component_1320a,164.743207,-57.796171,9.465999603271484,15.218649864196777,164.7435818573403,-57.7964819620085,7.36552643504442,1.2851762445971584,1.2851762445971584
SB85984_component_1322a,169.063925,-58.489954,10.253000259399414,42.54357147216797,169.06387972507866,-58.49000397920055,10.142021222519155,1.0109424970077803,1.0109424970077803
SB85984_component_1323a,177.442848,-58.79563,9.357999801635742,16.05145835876465,177.4437155622171,-58.79561228192341,10.044173998129901,0.9316843578554179,0.9316843578554179
SB85984_component_1324a,165.053563,-64.24867,10.704000473022461,13.919376373291016,165.05269070112126,-64.24856533473873,9.655499092239442,1.108591111735047,1.108591111735047
SB85984_component_1330a,163.575896,-61.403695,10.305000305175781,29.612070083618164,163.575404490088,-61.403967766112906,8.08091608727156,1.2752267433400808,1.2752267433400808
SB85984_component_1331a,168.107759,-56.773556,10.503000259399414,17.984590530395508,168.10730874678595,-56.77383862102885,9.29360815208754,1.1301316009369535,1.1301316009369535
SB85984_component_1334a,164.925592,-60.247456,9.49899959564209,24.481956481933594,164.9251976270398,-60.24782447435424,9.12351837626332,1.0411553091574475,1.0411553091574475
SB85984_component_1335a,171.713018,-57.339048,9.322999954223633,20.67184066772461,171.7124017958502,-57.339277596967634,9.957853619164641,0.9362459331879327,0.9362459331879327
SB85984_component_1338a,171.474549,-57.519259,10.531999588012695,29.093921661376953,171.4748635280819,-57.51931982260126,10.338314254296748,1.0187347113805763,1.0187347113805763
SB85984_component_1340a,168.802169,-57.663699,10.527000427246094,34.067962646484375,168.80257791764456,-57.66373981389281,7.689276976391095,1.369049451537232,1.369049451537232
SB85984_component_1341a,169.060271,-56.619734,9.602999687194824,11.166278839111328,169.05946507544752,-56.61984362612191,9.84867118558016,0.9750553659721086,0.9750553659721086
SB85984_component_1344a,164.765661,-60.262954,9.027999877929688,20.849884033203125,164.76519879326867,-60.263289138496376,9.568152315035451,0.9435468396278595,0.9435468396278595
SB85984_component_1346a,175.856893,-60.920393,8.807999610900879,30.26803970336914,175.85676864124542,-60.92061314361161,9.117965378838923,0.9660049413373059,0.9660049413373059
SB85984_component_1347a,168.535974,-63.192099,9.645999908447266,44.24770736694336,168.5356972104873,-63.1922524013267,9.303963328813056,1.0367624599911063,1.0367624599911063
SB85984_component_1348a,165.006243,-59.403692,9.642999649047852,34.81227111816406,165.0060168110806,-59.40394341442897,9.04701950509083,1.0658758548737137,1.0658758548737137
SB85984_component_1353a,165.85998,-57.019644,8.718999862670898,14.653780937194824,165.85994736475376,-57.019901437548306,9.067069021327324,0.9616117228359345,0.9616117228359345
SB85984_component_1359a,165.763825,-61.478532,9.152999877929688,18.017715454101562,165.76451923618995,-61.47887958884395,6.458472251756192,1.417208206699471,1.417208206699471
SB85984_component_1361a,175.210956,-61.445149,9.3100004196167,31.666667938232422,175.21061911068787,-61.44518895924132,7.78787829000581,1.1954476011218909,1.1954476011218909
SB85984_component_1365a,164.2501,-59.926746,7.5970001220703125,11.188512802124023,164.24983895127377,-59.926981343429595,7.849190700804462,0.9678704992212379,0.9678704992212379
SB85984_component_1369a,166.83544,-58.338906,9.484000205993652,39.352699279785156,166.8359893533766,-58.339001238628406,9.213260575930112,1.0293858648447276,1.0293858648447276
SB85984_component_1370a,168.761475,-60.156957,9.63599967956543,25.492063522338867,168.76149768452723,-60.156807565879525,8.611067831582702,1.1190249418572222,1.1190249418572222
SB85984_component_1377a,177.452967,-61.942368,8.817999839782715,12.030014038085938,177.4526229852582,-61.942247897853186,4.881002586342531,1.8065960187065346,1.8065960187065346
SB85984_component_1382a,169.888205,-57.422299,9.706999778747559,31.012779235839844,169.88835129294316,-57.42236810355061,9.451643283414903,1.0270171532796564,1.0270171532796564
SB85984_component_1384a,167.30602,-63.200754,9.199000358581543,45.0931396484375,167.30582742416064,-63.20088007051002,7.093301991668978,1.2968572844333555,1.2968572844333555
SB85984_component_1385a,169.490581,-62.251622,9.805999755859375,25.079282760620117,169.49212706503846,-62.25142206725259,7.433412952049718,1.319178662495191,1.319178662495191
SB85984_component_1386a,162.427464,-61.993348,8.914999961853027,27.68633460998535,162.42743988626142,-61.99340027401958,7.867117353073558,1.1331977853832418,1.1331977853832418
SB85984_component_1388a,168.618714,-57.608649,8.909000396728516,29.40264129638672,168.61858124701007,-57.608702426700766,9.565485187334195,0.9313694206045146,0.9313694206045146
SB85984_component_1390a,174.901974,-58.365643,9.786999702453613,26.45134925842285,174.9025621877654,-58.36571011550694,9.867937206293712,0.9917979307987005,0.9917979307987005
SB85984_component_1391a,166.441839,-59.151829,9.173999786376953,38.38493728637695,166.4419551890827,-59.151782961352076,9.650866075773529,0.9505882388531276,0.9505882388531276
SB85984_component_1396a,165.103604,-61.924317,9.071999549865723,28.984024047851562,165.1035583473301,-61.924769478220355,8.789604614482718,1.0321282865121941,1.0321282865121941
SB85984_component_1397a,171.191774,-57.041567,9.114999771118164,15.091059684753418,171.19191902024193,-57.0415083359434,8.073829968394026,1.1289561220387254,1.1289561220387254
SB85984_component_1398a,166.437277,-62.985684,8.881999969482422,39.829593658447266,166.43708557369592,-62.98586166546266,7.88831814721467,1.125968781142355,1.125968781142355
SB85984_component_1400a,166.836278,-62.437207,9.041999816894531,30.650848388671875,166.83629463140156,-62.43732626902,8.045997845070582,1.1237884959705966,1.1237884959705966
SB85984_component_1403a,168.571817,-56.645356,9.298999786376953,12.029753684997559,168.57204697370162,-56.64512137622574,9.370824679051003,0.9923352644901555,0.9923352644901555
SB85984_component_1405a,166.164068,-57.264627,8.954999923706055,20.398632049560547,166.164247554797,-57.26474260457286,9.089995618272257,0.9851489813378084,0.9851489813378084
SB85984_component_1409a,177.368704,-59.774588,8.595000267028809,23.48360824584961,177.36889891710302,-59.77469734453354,7.067933042304651,1.2160557005257402,1.2160557005257402
SB85984_component_1420a,166.02896,-59.494034,8.555000305175781,29.29794692993164,166.0287450313304,-59.49425516033496,7.561103236466534,1.1314486838264248,1.1314486838264248
SB85984_component_1424a,177.428638,-61.039719,9.770999908447266,20.063655853271484,177.42795776488273,-61.03980230360013,8.221013327554017,1.1885396020096726,1.1885396020096726
SB85984_component_1426a,168.416839,-58.246272,9.663000106811523,42.01304244995117,168.41683933781107,-58.24619024342904,8.32799991317464,1.1603026185825187,1.1603026185825187
SB85984_component_1428a,174.48304,-63.944184,9.812999725341797,28.443477630615234,174.48286383311037,-63.943998087263836,8.386078365946391,1.170153592314347,1.170153592314347
SB85984_component_1431a,167.612144,-63.729409,8.571999549865723,35.275718688964844,167.61194160135383,-63.729532468196155,7.688753457953614,1.114875070028216,1.114875070028216
SB85984_component_1433a,174.187977,-57.983455,8.470000267028809,24.693878173828125,174.18836451923204,-57.98339860740294,10.432365023596798,0.8118964633494564,0.8118964633494564
SB85984_component_1434a,163.870895,-58.827695,8.789999961853027,16.71102523803711,163.87121345470015,-58.82779781676557,9.620873523977854,0.913638448727752,0.913638448727752
SB85984_component_1438a,166.527791,-63.118484,9.074999809265137,44.05339813232422,166.52752311680752,-63.11891449165541,9.098403257397823,0.9974277411683575,0.9974277411683575
SB85984_component_1439a,171.736491,-58.463062,8.949999809265137,46.13401794433594,171.7365036784346,-58.46296011612993,9.366356428415195,0.9555476430635358,0.9555476430635358
SB85984_component_1441a,172.673985,-57.260559,9.845000267028809,15.35881519317627,172.67400105655017,-57.260682619770435,8.280766223089632,1.1888996744742717,1.1888996744742717
SB85984_component_1443a,170.192202,-63.133655,8.317000389099121,35.3914909362793,170.1924234720319,-63.1334980792801,7.708371630277108,1.0789568521101691,1.0789568521101691
SB85984_component_1445a,176.399641,-59.251728,9.175999641418457,32.539005279541016,176.4001674513644,-59.2517462593185,7.449232825096561,1.2318046511453362,1.2318046511453362
SB85984_component_1446a,168.147628,-63.421799,8.866000175476074,36.94166946411133,168.14752079300888,-63.421733069161434,8.28429915041217,1.0702172886930288,1.0702172886930288
SB85984_component_1448a,174.986722,-59.715842,9.097000122070312,37.130611419677734,174.98646123299247,-59.715926390884384,8.260734160631007,1.10123385466449,1.10123385466449
SB85984_component_1454a,171.237761,-62.972005,9.401000022888184,36.01915740966797,171.23801200093888,-62.97196157764267,8.303863944876515,1.132123561428123,1.132123561428123
SB85984_component_1456a,177.913309,-62.857141,7.0,61.946903228759766,177.91316061202377,-62.85696600985128,6.028030770756506,1.1612415838948205,1.1612415838948205
SB85984_component_1472a,161.487116,-62.557526,8.258000373840332,15.880770683288574,161.48609968862579,-62.557895563074865,8.304985220454915,0.9943425731211585,0.9943425731211585
SB85984_component_1474a,166.783773,-61.970467,8.574000358581543,17.391481399536133,166.78438428020374,-61.97053851086628,8.196155199369692,1.0461002933718129,1.0461002933718129
SB85984_component_1477a,167.34015,-58.190036,8.104000091552734,34.33898162841797,167.34011402075055,-58.19005588680807,7.8197412452467,1.0363514389275763,1.0363514389275763
SB85984_component_1479a,172.142419,-60.392787,9.395000457763672,41.57080078125,172.14268233669324,-60.39273020121546,8.945584141207503,1.0502389010557678,1.0502389010557678
SB85984_component_1483a,175.24552,-61.411762,8.281999588012695,29.368791580200195,175.245331842805,-61.4116131746859,6.833538998024,1.211963462915414,1.211963462915414
SB85984_component_1484a,170.953902,-57.373092,7.672999858856201,20.29894256591797,170.95390292196512,-57.37315025869946,5.1059107115651825,1.5027681235154413,1.5027681235154413
SB85984_component_1485a,167.892939,-62.405807,8.420000076293945,25.51515007019043,167.8933781285649,-62.40591447695841,7.023123204033148,1.1988968200726733,1.1988968200726733
SB85984_component_1486a,173.65945,-58.920304,9.241999626159668,42.986045837402344,173.65956168348652,-58.92030003369557,8.861735861517534,1.0429107536699944,1.0429107536699944
SB85984_component_1487a,166.019687,-61.733066,9.362000465393066,19.876859664916992,166.01978756299238,-61.73334579372523,8.624040948889743,1.0855700385558036,1.0855700385558036
SB85984_component_1492a,167.036707,-61.144497,8.057000160217285,12.62852668762207,167.03744909322498,-61.14459628431917,8.307379985525253,0.9698605546220073,0.9698605546220073
SB85984_component_1494a,175.827418,-63.297613,7.179999828338623,12.707963943481445,175.8269590518557,-63.29756643144893,8.761363027686587,0.8195071709332516,0.8195071709332516
SB85984_component_1495a,167.241469,-61.854243,9.16100025177002,14.11556339263916,167.2430902807053,-61.85434275727262,6.709439370863322,1.3653898254976329,1.3653898254976329
SB85984_component_1498a,168.950693,-58.755101,8.826000213623047,38.54148483276367,168.95059942993865,-58.7550472546281,7.812368340443853,1.1297470663194058,1.1297470663194058
SB85984_component_1508a,169.672569,-58.467504,8.281999588012695,41.61808776855469,169.6725120707074,-58.46742041076832,7.893065865810939,1.0492753676219064,1.0492753676219064
SB85984_component_1509a,175.923398,-62.257085,8.086999893188477,15.551923751831055,175.92319257902767,-62.25703315868909,9.019660101144032,0.896596967347222,0.896596967347222
SB85984_component_1512a,171.889901,-58.840884,8.25,42.96875,171.88982288692836,-58.84080483385601,7.199122758888479,1.1459729575820947,1.1459729575820947
SB85984_component_1514a,169.667027,-63.745102,8.46500015258789,36.965065002441406,169.66688768432076,-63.74517830131024,9.41839045461599,0.8987735423985487,0.8987735423985487
SB85984_component_1517a,167.293401,-63.793792,8.46399974822998,31.700374603271484,167.29301981218322,-63.79391359329794,6.8993647485141025,1.226779574170629,1.226779574170629
SB85984_component_1518a,165.927028,-56.863356,8.736000061035156,11.243243217468262,165.92763139176273,-56.86358008859711,7.944381137589347,1.099645134055844,1.099645134055844
SB85984_component_1521a,165.547764,-62.265478,9.093999862670898,35.38521194458008,165.54783078141838,-62.2657649661428,7.429986985439099,1.2239590567914649,1.2239590567914649
SB85984_component_1524a,163.774346,-61.453722,8.217000007629395,25.518632888793945,163.77365959897435,-61.454250901784135,9.393973357236733,0.8747097415705734,0.8747097415705734
SB85984_component_1528a,172.631645,-57.694015,8.324000358581543,24.410558700561523,172.63178123263978,-57.69425714727558,7.908190081392416,1.0525797019178267,1.0525797019178267
SB85984_component_1530a,176.535009,-61.311695,8.395999908447266,21.97905731201172,176.53518061280818,-61.311732634892245,6.32284075374697,1.3278841323770054,1.3278841323770054
SB85984_component_1538a,172.95128,-62.487458,7.756999969482422,27.12237548828125,172.9516773765298,-62.48694870048216,8.814196748458704,0.880057501647992,0.880057501647992
SB85984_component_1539a,170.80397,-60.613759,8.109999656677246,28.456138610839844,170.80377901188544,-60.61373891516644,7.11122366513319,1.1404506507707137,1.1404506507707137
SB85984_component_1540a,161.060509,-62.791207,8.51099967956543,11.739309310913086,161.05903986456798,-62.79197282361932,7.134410598588133,1.192950638592306,1.192950638592306
SB85984_component_1542a,171.096761,-64.819533,8.498000144958496,16.66274642944336,171.09663814080162,-64.81961623281087,8.143877456025448,1.0434833027443262,1.0434833027443262
SB85984_component_1546a,172.291224,-63.424744,8.329999923706055,33.58871078491211,172.29129707139555,-63.42475426082628,8.235147841021094,1.011517957481283,1.011517957481283
SB85984_component_1549a,175.192636,-64.564377,7.296000003814697,12.387097358703613,175.1929181796669,-64.5643124428981,8.886791440837445,0.8209937244940183,0.8209937244940183
SB85984_component_1551a,166.183397,-60.465507,8.883000373840332,16.541900634765625,166.18326610656703,-60.46574183377402,8.423447086630608,1.0545564401940757,1.0545564401940757
SB85984_component_1553a,166.555785,-62.146592,7.09499979019165,19.985916137695312,166.55601680799504,-62.14690667331647,9.729320855077889,0.7292389567447204,0.7292389567447204
SB85984_component_1557a,171.847594,-62.248343,7.480000019073486,28.992250442504883,171.84778322548362,-62.248299939459606,7.554377536629495,0.9901543817216748,0.9901543817216748
SB85984_component_1558a,174.534603,-60.489588,8.255000114440918,16.31422996520996,174.5350816736971,-60.48951731893807,8.143499747802979,1.013691946962732,1.013691946962732
SB85984_component_1561a,172.368507,-61.990474,8.190999984741211,26.337621688842773,172.36902037789855,-61.99054909300339,7.723800508044637,1.0604882889207157,1.0604882889207157
SB85984_component_1562a,168.225371,-63.418281,8.444000244140625,36.55411148071289,168.22542785221543,-63.41830559942716,6.298336651440356,1.340671467951714,1.340671467951714
SB85984_component_1563a,168.185725,-59.926819,8.555999755859375,16.743640899658203,168.18533032777862,-59.9271185488173,6.428655996151086,1.33091578721617,1.33091578721617
SB85984_component_1564a,172.008251,-59.195648,7.811999797821045,36.33488082885742,172.00821977691407,-59.19560120646101,8.35458164464951,0.9350557729990049,0.9350557729990049
SB85984_component_1566a,171.347017,-60.234595,8.095999717712402,37.8317756652832,171.34711383539374,-60.234550117317845,8.976138118317882,0.9019468741452012,0.9019468741452012
SB85984_component_1567a,171.267669,-64.388883,8.34000015258789,26.816720962524414,171.2672850511468,-64.38889319099245,8.251872452869032,1.010679721508325,1.010679721508325
SB85984_component_1569a,169.99823,-57.413438,8.156999588012695,25.02147102355957,169.99799680345672,-57.41329835640772,8.262950101436076,0.9871776409003165,0.9871776409003165
SB85984_component_1570a,169.381163,-61.997174,6.966000080108643,12.30742073059082,169.38229492226793,-61.997031069804834,9.198895063887802,0.7572648705881146,0.7572648705881146
SB85984_component_1574a,174.252084,-60.219972,7.670000076293945,26.539793014526367,174.2520754608161,-60.219897165166145,7.116690548352705,1.0777481505177031,1.0777481505177031
SB85984_component_1575a,177.298497,-61.380494,7.86899995803833,15.582178115844727,177.29836508879836,-61.380698337168724,7.941923453606389,0.9908179050082704,0.9908179050082704
SB85984_component_1576a,169.496764,-59.818328,7.820000171661377,31.03174591064453,169.49674485192452,-59.818263980968375,8.402186069475176,0.9307101874440916,0.9307101874440916
SB85984_component_1579a,165.542965,-59.090428,7.789999961853027,28.959108352661133,165.54282949651483,-59.090644890709854,7.842112425133128,0.9933547926304798,0.9933547926304798
SB85984_component_1581a,162.613745,-62.183669,8.350000381469727,21.2468204498291,162.61355746241756,-62.18390645084951,7.2437982508487515,1.15271023464677,1.15271023464677
SB85984_component_1582a,163.542164,-58.897569,7.807000160217285,13.27721118927002,163.5420275676084,-58.89762342821968,7.37235505054704,1.0589560739668926,1.0589560739668926
SB85984_component_1583a,171.660545,-57.027626,7.609000205993652,11.35671615600586,171.66059038001632,-57.02778437315505,5.345179655145921,1.4235256243760304,1.4235256243760304
SB85984_component_1585a,164.069466,-62.54601,7.985000133514404,33.550418853759766,164.06898830911913,-62.54635815976078,7.678259979837302,1.0399491752666081,1.0399491752666081
SB85984_component_1593a,162.816488,-61.943888,7.980000019073486,27.612457275390625,162.8161909694159,-61.94403805372927,7.916498985391882,1.0080213531005033,1.0080213531005033
SB85984_component_1599a,175.019005,-58.730818,7.8429999351501465,28.212230682373047,175.01913121989395,-58.73070647733895,9.14685250731866,0.8574534167763977,0.8574534167763977
SB85984_component_1600a,177.504764,-59.068839,8.394000053405762,17.671579360961914,177.50534584332448,-59.069052374301016,8.08831257178997,1.0377937275423743,1.0377937275423743
SB85984_component_1602a,161.216281,-61.724573,8.020000457763672,13.972126007080078,161.21564854095968,-61.72449689803944,7.510392146254925,1.067853755381184,1.067853755381184
SB85984_component_1606a,165.166549,-57.822744,7.406000137329102,16.38495635986328,165.1668465410846,-57.822724458612285,5.971184562139095,1.2402899391667779,1.2402899391667779
SB85984_component_1608a,168.859575,-57.600599,7.859000205993652,27.967973709106445,168.85986417798216,-57.60056025396153,7.218154323336499,1.0887825133615223,1.0887825133615223
SB85984_component_1610a,173.677986,-59.264546,7.631999969482422,33.76991271972656,173.6783428736075,-59.264448700506456,7.189768384540765,1.0615084605357428,1.0615084605357428
SB85984_component_1613a,168.863159,-62.418453,7.139999866485596,25.776172637939453,168.86418088131595,-62.41846368759034,6.879551099552174,1.0378583955790917,1.0378583955790917
SB85984_component_1615a,165.491192,-62.745563,7.610000133514404,30.440000534057617,165.49110537867764,-62.745751171343414,6.624996735925907,1.1486798313796955,1.1486798313796955
SB85984_component_1616a,170.301415,-63.59172,7.690000057220459,34.79637908935547,170.30106712498656,-63.591770082839425,6.65971118655268,1.1547047374589072,1.1547047374589072
SB85984_component_1620a,163.988488,-60.745799,7.418000221252441,15.35817813873291,163.98891203270273,-60.74608869413796,6.228602288047119,1.190957437672303,1.190957437672303
SB85984_component_1624a,172.499661,-62.352187,8.213000297546387,28.32069206237793,172.50003859074485,-62.35207635998366,7.428714207614858,1.1055749444671852,1.1055749444671852
SB85984_component_1625a,162.110525,-63.142668,7.39300012588501,13.39311695098877,162.10977996969956,-63.14288763796205,6.978488805182844,1.0593984360044129,1.0593984360044129
SB85984_component_1629a,162.857169,-60.694872,7.636000156402588,13.303135871887207,162.85714936167022,-60.695035009896806,6.566820340010455,1.1628154511671063,1.1628154511671063
SB85984_component_1632a,173.928954,-62.035416,7.183000087738037,19.51902198791504,173.9292341206847,-62.03519427660636,5.617958814214202,1.2785782746509404,1.2785782746509404
SB85984_component_1634a,175.94453,-59.228629,7.934999942779541,28.339284896850586,175.9449275192253,-59.22852823913533,7.264856403512965,1.0922445678269048,1.0922445678269048
SB85984_component_1637a,176.023796,-62.858814,7.002999782562256,13.651071548461914,176.02374164209866,-62.85857413823825,6.468325970623039,1.0826603072213004,1.0826603072213004
SB85984_component_1638a,169.623604,-63.443231,7.785999774932861,38.16666793823242,169.62397200114057,-63.443067667466906,8.273904724730945,0.9410308716343178,0.9410308716343178
SB85984_component_1640a,165.333889,-58.476181,8.189000129699707,29.351253509521484,165.33437535350947,-58.476243948564104,8.483102058680279,0.965330851032302,0.965330851032302
SB85984_component_1642a,170.013556,-57.551738,7.5920000076293945,24.569580078125,170.0136396250918,-57.55167185561229,6.335580212148473,1.1983117178552545,1.1983117178552545
SB85984_component_1643a,171.565309,-57.938081,7.815000057220459,32.83613204956055,171.56527617035508,-57.93824860171561,7.526759194038221,1.0382954809302982,1.0382954809302982
SB85984_component_1645a,166.744286,-57.53885,7.7769999504089355,27.38380241394043,166.74457279571038,-57.539041256571366,7.515956487126314,1.0347319018849763,1.0347319018849763
SB85984_component_1647a,170.490719,-62.868982,7.203999996185303,32.304931640625,170.49082574457594,-62.86890303957453,6.738690486384606,1.0690504350572037,1.0690504350572037
SB85984_component_1650a,165.109726,-57.866737,7.38100004196167,17.04619026184082,165.10984603923634,-57.86703424186778,6.856825597605619,1.0764456433803844,1.0764456433803844
SB85984_component_1652a,170.473588,-59.58075,7.465000152587891,37.893402099609375,170.47330349989437,-59.58069703125474,7.093540757631197,1.0523658646152247,1.0523658646152247
SB85984_component_1653a,169.421229,-59.792955,7.895999908447266,30.022811889648438,169.42080657672446,-59.79297842559764,7.825629030936952,1.0089923605159556,1.0089923605159556
SB85984_component_1654a,172.082298,-60.818076,7.73799991607666,29.99224853515625,172.08277329625167,-60.81808733240215,7.721549893783404,1.002130404195989,1.002130404195989
SB85984_component_1662a,163.573346,-60.675236,6.914999961853027,14.527310371398926,163.572634709572,-60.675570242551345,9.110705365098756,0.7589972109451563,0.7589972109451563
SB85984_component_1664a,171.88934,-60.502889,7.138000011444092,32.89400863647461,171.88962425456785,-60.502930808300704,6.616417447407095,1.0788315683197105,1.0788315683197105
SB85984_component_1668a,170.874928,-60.569411,6.626999855041504,21.871286392211914,170.87510959886708,-60.56933221968395,6.548034331562782,1.012059424169188,1.012059424169188
SB85984_component_1675a,171.916838,-59.576931,7.744999885559082,35.36529541015625,171.91686539889338,-59.576746604988436,6.361052562347039,1.2175657738475607,1.2175657738475607
SB85984_component_1679a,177.04868,-62.308447,7.234000205993652,11.250389099121094,177.04849104351126,-62.30839434430515,7.240117504301901,0.9991550830073387,0.9991550830073387
SB85984_component_1680a,166.664065,-57.2329,7.426000118255615,18.426799774169922,166.6646517230935,-57.23294844031214,7.179936954505486,1.0342709365429348,1.0342709365429348
SB85984_component_1682a,169.086939,-58.859504,7.4730000495910645,33.06637191772461,169.08645100225561,-58.85940690603789,6.926893131858633,1.0788386520965279,1.0788386520965279
SB85984_component_1689a,173.375611,-63.358419,7.043000221252441,21.6707706451416,173.37500341272116,-63.35841968561503,7.387323633255599,0.9533899651487971,0.9533899651487971
SB85984_component_1690a,162.638243,-61.278884,6.631999969482422,17.544973373413086,162.6385374518264,-61.27914190955789,6.8369116843321915,0.9700286146273681,0.9700286146273681
SB85984_component_1697a,174.968832,-62.136791,6.10699987411499,18.6189022064209,174.96908150039636,-62.13682092283052,5.944053166512397,1.0274134000887816,1.0274134000887816
SB85984_component_1705a,174.786289,-61.330209,6.559000015258789,23.341638565063477,174.78610934766826,-61.330030135139836,5.93365344851069,1.1053898027875317,1.1053898027875317
SB85984_component_1709a,166.986536,-56.749433,7.690000057220459,12.816666603088379,166.9885272157454,-56.75050639193151,3.9855932756595256,1.9294492752645307,1.9294492752645307
SB85984_component_1711a,168.761638,-63.215959,7.331999778747559,35.94117736816406,168.76188755215668,-63.21600485791393,6.495166266438009,1.128839428889397,1.128839428889397
SB85984_component_1714a,166.225265,-63.822546,6.964000225067139,20.303207397460938,166.2250188066878,-63.82298345510438,5.963047747687428,1.1678592088698094,1.1678592088698094
SB85984_component_1723a,173.829826,-57.825762,6.580999851226807,16.24938201904297,173.83011448735922,-57.82600508348906,6.377995050561946,1.0318289366886502,1.0318289366886502
SB85984_component_1729a,166.317071,-60.2875,7.085000038146973,16.67058753967285,166.3172550988905,-60.28846324311848,7.9610061453159515,0.8899628902203024,0.8899628902203024
SB85984_component_1730a,172.555173,-63.548678,6.85099983215332,25.95075798034668,172.55526137944577,-63.54866870799599,5.620389971690068,1.2189545328103282,1.2189545328103282
SB85984_component_1732a,168.008167,-57.338019,6.872000217437744,20.03498649597168,168.0083377788266,-57.33791599229368,7.504339059124298,0.9157369041157979,0.9157369041157979
SB85984_component_1737a,170.740192,-57.976736,7.072000026702881,28.865304946899414,170.7400264862354,-57.97679056516923,7.350348782190468,0.9621312180230124,0.9621312180230124
SB85984_component_1740a,169.384466,-58.451784,7.76800012588501,31.322582244873047,169.38455059467373,-58.45166801718563,7.309550293216735,1.0627192938385985,1.0627192938385985
SB85984_component_1742a,170.234005,-59.498319,6.497000217437744,27.88412094116211,170.23409305367665,-59.49822987297623,6.440742583392661,1.0087346502855343,1.0087346502855343
SB85984_component_1746a,171.781371,-58.438907,7.114999771118164,34.87744903564453,171.78129978685004,-58.438948254811095,6.683504193171092,1.0645612788554775,1.0645612788554775
SB85984_component_1749a,171.874657,-62.78494,6.926000118255615,21.917720794677734,171.87514687140438,-62.78475132686911,6.115475784467977,1.132536594429202,1.132536594429202
SB85984_component_1750a,172.537289,-62.019475,6.76800012588501,15.70301628112793,172.53766540455257,-62.01949644173645,5.997670915288713,1.1284380589526253,1.1284380589526253
SB85984_component_1755a,169.060003,-59.927281,6.835999965667725,18.180850982666016,169.0600379486791,-59.92706448992424,6.435701819674348,1.0621996104247156,1.0621996104247156
SB85984_component_1760a,175.227838,-64.139303,6.414999961853027,14.448198318481445,175.22785319366474,-64.13919912218722,5.935741658256299,1.0807410987858788,1.0807410987858788
SB85984_component_1761a,170.990218,-63.218389,7.11299991607666,34.197113037109375,170.990537066886,-63.218335570176336,6.842539380183551,1.0395263396914283,1.0395263396914283
SB85984_component_1764a,173.399741,-57.447691,6.702000141143799,10.017936706542969,173.39972585832373,-57.448277014177904,5.70779458199719,1.1741838366577535,1.1741838366577535
SB85984_component_1765a,173.341425,-60.550799,6.861999988555908,24.077192306518555,173.3417627083174,-60.55058776483125,6.477641813997884,1.0593361265711612,1.0593361265711612
SB85984_component_1770a,175.465294,-59.778099,6.584000110626221,22.318645477294922,175.46518360252324,-59.77808070977309,6.879877988064651,0.9569937318726109,0.9569937318726109
SB85984_component_1786a,165.990679,-62.235587,6.453000068664551,22.882978439331055,165.99077874996226,-62.235789143178025,5.02338421493592,1.284592177814706,1.284592177814706
SB85984_component_1789a,172.797083,-62.243003,6.568999767303467,22.343536376953125,172.79711044322374,-62.24285538977455,6.053103221199029,1.0852284402317274,1.0852284402317274
SB85984_component_1790a,168.36736,-58.197125,6.445000171661377,25.883535385131836,168.36749092232415,-58.19722811650427,5.993700419786698,1.07529568050896,1.07529568050896
SB85984_component_1793a,174.129949,-57.701844,7.204999923706055,13.963178634643555,174.1303769197221,-57.70186293065925,7.382410744557135,0.9759684435085272,0.9759684435085272
SB85984_component_1794a,166.497176,-57.633186,6.625,21.864686965942383,166.49756471420213,-57.63317020131429,6.710836469052373,0.9872092742166768,0.9872092742166768
SB85984_component_1796a,175.059461,-62.361516,5.568999767303467,15.957018852233887,175.05904793823598,-62.36150012789303,5.700856185041801,0.9768707693268415,0.9768707693268415
SB85984_component_1800a,164.232893,-59.141039,5.698999881744385,14.612820625305176,164.2333652646733,-59.14107815993794,5.251078521384969,1.0853008307789076,1.0853008307789076
SB85984_component_1801a,174.515546,-63.848159,6.026000022888184,10.179054260253906,174.51546805014928,-63.84809687645375,8.739937297106021,0.6894786333173718,0.6894786333173718
SB85984_component_1802a,164.752542,-57.704244,7.249000072479248,11.221362113952637,164.7537471789938,-57.703907887963645,4.431856598244055,1.6356576328194763,1.6356576328194763
SB85984_component_1808a,165.198284,-61.809719,5.605999946594238,17.96794891357422,165.19781874268753,-61.810281237025826,5.4888335765362815,1.0213463149181314,1.0213463149181314
SB85984_component_1811a,171.655974,-57.327567,6.7829999923706055,14.842451095581055,171.6559536186016,-57.3278921714371,5.9831130198426665,1.133690767644729,1.133690767644729
SB85984_component_1812a,174.372304,-62.05281,6.576000213623047,18.420169830322266,174.37294762265287,-62.052634505175725,6.6100663870522975,0.9948463190179181,0.9948463190179181
SB85984_component_1813a,172.236391,-58.8545,7.110000133514404,35.54999923706055,172.23647979972597,-58.85460489299528,6.248190321966522,1.137929507127536,1.137929507127536
SB85984_component_1816a,173.608513,-60.923609,5.827000141143799,16.841041564941406,173.60827783978502,-60.9237284296256,3.8191207525051523,1.5257438868151991,1.5257438868151991
SB85984_component_1820a,176.053435,-61.721799,6.572999954223633,16.070903778076172,176.05320079637644,-61.72164539297536,6.457616187766208,1.0178678575967424,1.0178678575967424
SB85984_component_1822a,174.924184,-62.433189,6.334000110626221,17.79213523864746,174.92436065646083,-62.433011882232506,5.898754460205335,1.0737860260767211,1.0737860260767211
SB85984_component_1826a,172.873439,-58.961882,6.479000091552734,31.916257858276367,172.87351532109807,-58.962082290880744,6.198469145501825,1.0452581015514917,1.0452581015514917
SB85984_component_1828a,172.414101,-61.865177,6.454999923706055,26.563785552978516,172.41469561535223,-61.865142016263476,6.5261779150628865,0.9890934644621704,0.9890934644621704
SB85984_component_1838a,173.644873,-60.114697,6.006999969482422,25.45339012145996,173.64493668128478,-60.114666776541384,6.633952953740093,0.9054933026161713,0.9054933026161713
SB85984_component_1841a,165.975876,-61.509996,6.38700008392334,12.903030395507812,165.976663342789,-61.50992017509239,5.025686365741871,1.27087120427192,1.27087120427192
SB85984_component_1846a,168.64918,-62.474304,6.574999809265137,20.676101684570312,168.65023909123974,-62.47429528857617,5.142496084890656,1.2785619474914856,1.2785619474914856
SB85984_component_1848a,165.424153,-62.757443,6.699999809265137,26.693227767944336,165.42377572041252,-62.75761236102318,5.989435495355764,1.1186362745638296,1.1186362745638296
SB85984_component_1849a,176.020253,-61.147633,6.8420000076293945,20.302669525146484,176.02051540279334,-61.14776144206316,5.114508907999121,1.3377628489273854,1.3377628489273854
SB85984_component_1851a,172.229448,-62.29043,6.946000099182129,21.504642486572266,172.2293348238964,-62.29050718339684,6.345648596930923,1.0946083750275057,1.0946083750275057
SB85984_component_1855a,163.756925,-58.646152,5.78000020980835,10.5090913772583,163.75652605659442,-58.646105041632026,7.055009818813586,0.8192759979433097,0.8192759979433097
SB85984_component_1856a,170.606348,-62.0041,7.163000106811523,21.382089614868164,170.60674581367115,-62.004160211841565,5.987497372479613,1.1963262213249368,1.1963262213249368
SB85984_component_1861a,165.300475,-57.81503,7.090000152587891,18.32041358947754,165.30084608114385,-57.81508202657427,6.330259547923706,1.1200172913784199,1.1200172913784199
SB85984_component_1868a,176.513695,-59.107744,6.331999778747559,19.30487632751465,176.51360701342446,-59.10794205234892,5.851360192875813,1.082141514114434,1.082141514114434
SB85984_component_1870a,164.328136,-58.087125,6.86899995803833,10.868670463562012,164.32842524670073,-58.08725720106027,5.387189566947646,1.2750618616025924,1.2750618616025924
SB85984_component_1877a,173.998336,-62.403563,6.14900016784668,13.082979202270508,173.99836824428542,-62.40354136338334,6.238220713016194,0.9856977575379221,0.9856977575379221
SB85984_component_1878a,164.644052,-60.430109,6.868000030517578,13.600000381469727,164.64328811915465,-60.430533116815795,7.6603284937653875,0.8965672994450993,0.8965672994450993
SB85984_component_1880a,167.412577,-63.115921,6.026000022888184,26.901784896850586,167.4125699573184,-63.11599805286744,6.087094629720087,0.9899632566029759,0.9899632566029759
SB85984_component_1882a,170.012076,-57.504791,6.184999942779541,22.16845703125,170.0122239413706,-57.50480941016459,5.163526471040323,1.1978247768202912,1.1978247768202912
SB85984_component_1883a,174.505221,-63.880977,5.813000202178955,10.744916915893555,174.50546070488213,-63.88088839597455,6.1298712049695885,0.9483070700516936,0.9483070700516936
SB85984_component_1886a,170.203302,-59.318918,5.927000045776367,23.062257766723633,170.20297920623693,-59.31889696659251,5.520524741714681,1.0736298310539651,1.0736298310539651
SB85984_component_1888a,174.421453,-64.082315,6.64300012588501,19.71216583251953,174.42103118906724,-64.08243829760669,4.836169722245583,1.3736077324433642,1.3736077324433642
SB85984_component_1889a,172.78586,-57.791241,6.515999794006348,19.508981704711914,172.78549524758063,-57.791384815669254,2.0727971702629793,3.143578101845658,3.143578101845658
SB85984_component_1890a,163.383336,-59.050634,6.8379998207092285,10.819619178771973,163.3835145203555,-59.05079451507772,6.778013899286805,1.008850073533891,1.008850073533891
SB85984_component_1895a,163.636893,-59.654808,5.743000030517578,12.116033554077148,163.63679297753563,-59.65531704835977,6.001292786830502,0.9569604807684549,0.9569604807684549
SB85984_component_1897a,165.699674,-63.861691,6.942999839782715,18.03376579284668,165.69919311382705,-63.862013054824516,5.836624616068078,1.1895573720243742,1.1895573720243742
SB85984_component_1900a,166.044869,-58.861623,5.836999893188477,24.42259407043457,166.04433942004064,-58.861810094809506,5.246081547149215,1.112639946735173,1.112639946735173
SB85984_component_1904a,176.235388,-59.119973,6.275000095367432,20.709571838378906,176.2361134020479,-59.12008477048458,6.22665750436511,1.0077638108356581,1.0077638108356581
SB85984_component_1905a,168.893974,-57.175164,6.395999908447266,16.569948196411133,168.89399020262817,-57.17522059458903,6.241144989409826,1.024811940645539,1.024811940645539
SB85984_component_1907a,167.253352,-62.90561,6.341000080108643,25.36400032043457,167.25349268454647,-62.90564508187415,5.922430117313337,1.0706753738759498,1.0706753738759498
SB85984_component_1911a,173.792899,-58.762841,6.295000076293945,28.744293212890625,173.79313337048941,-58.76295981868395,6.794858925718462,0.9264357281160677,0.9264357281160677
SB85984_component_1913a,175.190592,-64.514089,5.8460001945495605,10.061963081359863,175.18986818342717,-64.51436112631751,4.4353082308324,1.318059510252438,1.318059510252438
SB85984_component_1915a,170.542055,-58.257569,6.23799991607666,28.61467933654785,170.54234043340898,-58.25749854175678,7.649354272388667,0.8154936605032829,0.8154936605032829
SB85984_component_1917a,169.345637,-62.529745,6.335999965667725,23.909435272216797,169.34625990016073,-62.52960245759843,6.957329172881813,0.9106942920516256,0.9106942920516256
SB85984_component_1918a,164.987753,-60.007414,6.521999835968018,15.454976081848145,164.98737603305133,-60.00773880883957,6.632700660298911,0.9833098416466295,0.9833098416466295
SB85984_component_1921a,170.41463,-63.966502,6.24399995803833,25.485713958740234,170.4151281677857,-63.96621869815,6.055597141142772,1.031112178122867,1.031112178122867
SB85984_component_1923a,164.669503,-59.663391,6.573999881744385,19.0,164.6696960677667,-59.663542726198706,5.993642774831705,1.096828778209755,1.096828778209755
SB85984_component_1924a,170.173701,-61.630832,6.242000102996826,12.335968971252441,170.17678869297316,-61.63029419518582,5.536374198318278,1.1274527117211277,1.1274527117211277
SB85984_component_1925a,172.584619,-61.89504,5.4079999923706055,19.38351058959961,172.58441687545604,-61.89487385601402,4.633507910038061,1.1671502665733406,1.1671502665733406
SB85984_component_1928a,170.380854,-62.292164,5.50600004196167,20.31734275817871,170.38124004932922,-62.29206414121156,4.986344719124648,1.1042156834532386,1.1042156834532386
SB85984_component_1929a,163.54412,-62.005659,5.97599983215332,23.252918243408203,163.54409525623177,-62.00619688973141,6.174287554357652,0.9678849226799641,0.9678849226799641
SB85984_component_1930a,166.025203,-60.147274,6.21999979019165,18.678678512573242,166.02520382363295,-60.148157348324716,7.420388121874771,0.8382310585420105,0.8382310585420105
SB85984_component_1932a,171.165357,-63.727445,5.611000061035156,25.73853302001953,171.16526726823102,-63.72739039322412,5.914247964419769,0.9487258726369002,0.9487258726369002
SB85984_component_1933a,177.209831,-60.256699,5.776000022888184,13.370369911193848,177.21011224561332,-60.25675305579738,4.294587430142315,1.3449487562759381,1.3449487562759381
SB85984_component_1934a,165.900183,-63.040012,6.349999904632568,27.48917579650879,165.8999194372818,-63.040318706343264,5.256110634816335,1.20811762647657,1.20811762647657
SB85984_component_1936a,171.239164,-63.627687,6.105999946594238,27.62895965576172,171.2388585621232,-63.627646183218545,5.309153083755276,1.1500892609928919,1.1500892609928919
SB85984_component_1937a,177.050884,-60.764632,5.176000118255615,12.4722900390625,177.05119151765538,-60.76481832959493,6.690519193616256,0.7736320558192681,0.7736320558192681
SB85984_component_1939a,169.514973,-59.972695,6.21999979019165,24.39215660095215,169.5147539411982,-59.972716017163485,6.804333306107596,0.9141233255884973,0.9141233255884973
SB85984_component_1944a,168.40866,-57.58772,5.831999778747559,19.636363983154297,168.40854445985016,-57.587936869157126,5.384875605947054,1.0830333336403724,1.0830333336403724
SB85984_component_1945a,163.565666,-61.084212,5.570000171661377,12.545044898986816,163.56606622241358,-61.0846590066643,5.696851147050831,0.977733142026166,0.977733142026166
SB85984_component_1946a,171.396433,-58.057119,6.464000225067139,28.986547470092773,171.39610401432896,-58.05705343878838,5.748932258643099,1.1243827434823201,1.1243827434823201
SB85984_component_1953a,170.032177,-63.276427,6.243000030517578,27.5022029876709,170.03268398017673,-63.276268823859134,5.414078738189373,1.153104772282167,1.153104772282167
SB85984_component_1955a,169.590643,-63.79354,5.978000164031982,27.548389434814453,169.5905953409647,-63.793367229132166,5.962547636865118,1.0025915981067095,1.0025915981067095
SB85984_component_1956a,163.964754,-62.750271,6.215000152587891,23.452831268310547,163.96406250789084,-62.75067318081912,5.446805154855531,1.1410358872572401,1.1410358872572401
SB85984_component_1965a,168.666787,-62.498625,5.706999778747559,18.529220581054688,168.6671308467911,-62.49882114326765,6.17083649551235,0.924834061459559,0.924834061459559
SB85984_component_1967a,177.359841,-59.6181,5.504000186920166,14.756032943725586,177.35955613330933,-59.6179945765217,5.695486985073923,0.9663792053856706,0.9663792053856706
SB85984_component_1968a,175.440205,-64.098319,6.370999813079834,12.844758033752441,175.4407541514815,-64.09835394672675,4.097709381995195,1.5547710242881507,1.5547710242881507
SB85984_component_1969a,170.860448,-64.366242,6.159999847412109,21.241378784179688,170.8602567302102,-64.36615617538952,6.32203116597938,0.9743703701684979,0.9743703701684979
SB85984_component_1970a,167.136626,-57.814366,6.099999904632568,24.206348419189453,167.1367304546585,-57.814586560278755,6.5738675315766395,0.9279164624678068,0.9279164624678068
SB85984_component_1971a,166.970513,-59.60659,5.876999855041504,19.989795684814453,166.97056398413568,-59.606594259485746,5.502600868130615,1.0680403677975798,1.0680403677975798
SB85984_component_1972a,173.139544,-59.191967,5.730999946594238,28.798994064331055,173.13992164837896,-59.19197610907765,4.460352651915935,1.2848759714397244,1.2848759714397244
SB85984_component_1973a,171.31464,-59.635014,5.869999885559082,25.973451614379883,171.3145645123526,-59.63483568702498,6.0849208711667915,0.964679740269737,0.964679740269737
SB85984_component_1979a,172.017867,-62.480052,6.0980000495910645,19.48242950439453,172.01785971698365,-62.48006231038666,5.030885716599705,1.2121126165657774,1.2121126165657774
SB85984_component_1982a,172.953766,-62.698884,5.8429999351501465,21.324817657470703,172.95379553210898,-62.698883637699055,4.566043276024394,1.2796637223810075,1.2796637223810075
SB85984_component_1985a,165.58394,-57.277658,6.14900016784668,11.200364112854004,165.58379942654528,-57.27786792589201,6.299544874511615,0.9761022883932378,0.9761022883932378
SB85984_component_1989a,170.899836,-64.657424,5.752999782562256,15.382351875305176,170.89969399796692,-64.65697604369691,4.779900047649953,1.2035816074000814,1.2035816074000814
SB85984_component_1996a,172.822806,-58.991478,5.548999786376953,25.222726821899414,172.82300950362136,-58.99141284382613,5.821569460160264,0.953179348687904,0.953179348687904
SB85984_component_1998a,169.399848,-63.874648,6.341000080108643,24.964567184448242,169.40011090687034,-63.874527308029336,5.826001957430821,1.0883964898125316,1.0883964898125316
SB85984_component_2000a,164.276213,-60.445969,5.934000015258789,11.544747352600098,164.27561003257546,-60.446165341573995,4.594587570620674,1.2915196247869483,1.2915196247869483
SB85984_component_2004a,169.958605,-63.880416,6.415999889373779,25.160783767700195,169.95846149544772,-63.88067449171924,5.208399622484756,1.231856300287672,1.231856300287672
SB85984_component_2005a,170.406597,-59.187348,6.296000003814697,26.016529083251953,170.40629567730872,-59.18744145068417,6.243633236662112,1.008387226662369,1.008387226662369
SB85984_component_2008a,176.760565,-59.143191,5.803999900817871,19.4113712310791,176.76051346410117,-59.14325576992678,5.6768072239014575,1.0224056713394962,1.0224056713394962
SB85984_component_2009a,174.402722,-58.531768,5.926000118255615,22.792308807373047,174.40334716436826,-58.53193534461346,6.491234595571496,0.912923424813286,0.912923424813286
SB85984_component_2011a,167.41505,-60.425822,4.853000164031982,11.13073444366455,167.41514825625393,-60.425888044209586,4.779908701020281,1.0152913931172158,1.0152913931172158
SB85984_component_2013a,169.909156,-58.392658,5.574999809265137,25.22624397277832,169.90923776617973,-58.39251386196448,5.848932545041433,0.9531653453571577,0.9531653453571577
SB85984_component_2014a,169.979828,-59.802533,5.341000080108643,21.97942352294922,169.97859820928892,-59.803092399664365,7.058735684735624,0.7566510942828543,0.7566510942828543
SB85984_component_2017a,167.94674,-58.599621,6.033999919891357,24.429149627685547,167.947417319789,-58.59977969599713,5.574685897302278,1.0823928076039857,1.0823928076039857
SB85984_component_2018a,177.704706,-59.266265,5.73799991607666,13.190804481506348,177.70473583412493,-59.266515288021964,6.541639892522879,0.8771500740411006,0.8771500740411006
SB85984_component_2021a,175.205467,-60.904328,5.468999862670898,18.229999542236328,175.20500017388213,-60.90457213106434,4.204757517472363,1.3006695011412974,1.3006695011412974
SB85984_component_2024a,172.926557,-57.550666,5.90500020980835,13.926887512207031,172.92614415159304,-57.55123882806649,5.304899785726356,1.1131219152709833,1.1131219152709833
SB85984_component_2029a,165.07437,-60.177467,5.3480000495910645,15.412103652954102,165.07433208195107,-60.17785021855642,5.7133143050596376,0.9360591355625131,0.9360591355625131
SB85984_component_2030a,176.684437,-61.743321,5.02400016784668,12.435643196105957,176.6841099052431,-61.74338377372954,5.031644626187391,0.9984807237178625,0.9984807237178625
SB85984_component_2031a,175.302694,-59.186018,5.974999904632568,19.274192810058594,175.30341790651735,-59.186035606566044,5.78326304935659,1.033153749646112,1.033153749646112
SB85984_component_2036a,169.025032,-62.418273,5.830999851226807,16.707735061645508,169.0263587244883,-62.41827192855641,4.92311897048287,1.1844117288627884,1.1844117288627884
SB85984_component_2037a,165.051411,-57.922564,5.340000152587891,11.633987426757812,165.05109494671083,-57.92261358889734,6.1613671443193425,0.8666907891556607,0.8666907891556607
SB85984_component_2038a,168.472176,-62.63875,5.0879998207092285,20.516128540039062,168.47289527883305,-62.63869633212369,5.3896464524325065,0.944032204266917,0.944032204266917
SB85984_component_2039a,165.040122,-62.485423,5.820000171661377,23.852458953857422,165.0397961515608,-62.48581441470378,4.9690322230707595,1.1712542624778426,1.1712542624778426
SB85984_component_2041a,174.917766,-59.82689,5.501999855041504,22.549179077148438,174.9175635370994,-59.82693460540802,5.085202990697877,1.0819626797801492,1.0819626797801492
SB85984_component_2044a,170.733031,-63.791028,5.573999881744385,23.518985748291016,170.73336813098226,-63.790838885638436,5.391162895391055,1.0339142017967289,1.0339142017967289
SB85984_component_2047a,170.155867,-64.223006,5.681000232696533,20.65818214416504,170.15581785139835,-64.22301501761336,6.023873532028517,0.9430809266647199,0.9430809266647199
SB85984_component_2048a,174.128509,-62.772041,4.506999969482422,13.06376838684082,174.12833349266532,-62.771934630849465,6.259441798456083,0.7200322512135334,0.7200322512135334
SB85984_component_2049a,172.277709,-60.504358,5.216000080108643,22.101696014404297,172.27787466513882,-60.50425379799537,5.604421569927294,0.9306937415445551,0.9306937415445551
SB85984_component_2052a,170.705855,-59.858637,5.343999862670898,23.336244583129883,170.7053776724742,-59.85878442436275,5.220745875592466,1.0236085015466196,1.0236085015466196
SB85984_component_2057a,174.09137,-59.435238,5.673999786376953,22.97165870666504,174.09165271712743,-59.435186630761784,4.630641074893375,1.2253162563474223,1.2253162563474223
SB85984_component_2058a,174.208498,-63.290668,5.360000133514404,14.447440147399902,174.20898087084964,-63.29073653226497,5.567891041113106,0.9626625402574075,0.9626625402574075
SB85984_component_2059a,173.723421,-61.88398,5.290999889373779,17.06774139404297,173.72403261064375,-61.88389193179217,5.364777571870137,0.986247764887177,0.986247764887177
SB85984_component_2066a,171.60959,-62.773339,5.4039998054504395,20.625953674316406,171.61049653454208,-62.77333370975531,4.974506887010319,1.086338792607089,1.086338792607089
SB85984_component_2076a,172.975122,-58.660649,5.322999954223633,24.305936813354492,172.97575121868485,-58.659905640530454,5.824262081387241,0.9139355131759085,0.9139355131759085
SB85984_component_2077a,166.082407,-62.413978,5.159999847412109,19.846153259277344,166.08283111517966,-62.414158570012994,5.2541345963798785,0.9820836814815083,0.9820836814815083
SB85984_component_2084a,174.454996,-57.99343,5.860000133514404,14.686717987060547,174.45548215982544,-57.99320530475506,4.115517088578792,1.4238794317673538,1.4238794317673538
SB85984_component_2085a,169.967723,-58.873186,5.613999843597412,27.930347442626953,169.96780263471885,-58.87308438416522,4.8174228316605125,1.165353351734402,1.165353351734402
SB85984_component_2088a,171.866102,-59.348846,5.192999839782715,25.835819244384766,171.86624150721207,-59.348926662444924,5.331061679968434,0.9741023742598048,0.9741023742598048
SB85984_component_2093a,173.174931,-60.420908,5.208000183105469,18.869565963745117,173.17530365098995,-60.420630053374055,5.297642063406141,0.9830789095926505,0.9830789095926505
SB85984_component_2100a,170.275851,-61.920261,5.664999961853027,15.310810089111328,170.2771155941189,-61.920222763298355,5.602991835847753,1.0110669670458108,1.0110669670458108
SB85984_component_2106a,162.906374,-61.491844,5.683000087738037,18.041271209716797,162.90619597684233,-61.491950372625745,4.8523433969978305,1.171186707695531,1.171186707695531
SB85984_component_2115a,172.242202,-61.596754,5.013999938964844,18.99242401123047,172.24216691044435,-61.597038434747226,4.9186419983871215,1.0193870463857688,1.0193870463857688
SB85984_component_2116a,173.265726,-64.513385,5.382999897003174,13.873710632324219,173.26507321036206,-64.51339325068462,5.0039379830555575,1.0757527202038082,1.0757527202038082
SB85984_component_2118a,173.138137,-61.70305,4.651000022888184,15.199346542358398,173.1382877601676,-61.702844243095825,5.369003216827134,0.8662688091359979,0.8662688091359979
SB85984_component_2131a,168.306571,-64.362805,5.090000152587891,12.206235885620117,168.3061887525833,-64.36282646805228,4.454119340427797,1.1427624101555889,1.1427624101555889
SB85984_component_2135a,175.418605,-63.20194,5.684000015258789,12.383442878723145,175.41911979111165,-63.20194726531772,6.697510009384926,0.8486736126252966,0.8486736126252966
SB85984_component_2136a,177.130269,-60.823628,5.22599983215332,12.684465408325195,177.1299074917751,-60.82373324733985,4.09598445374965,1.2758837078517724,1.2758837078517724
SB85984_component_2139a,173.671798,-63.112567,5.497000217437744,12.934118270874023,173.67295369585017,-63.11231160959872,4.266762692480107,1.2883304307328485,1.2883304307328485
SB85984_component_2141a,164.814145,-57.962459,5.244999885559082,11.018906593322754,164.8141078778652,-57.96239302805944,5.065747054639894,1.035385270718364,1.035385270718364
SB85984_component_2142a,165.286737,-62.57219,5.560999870300293,21.225191116333008,165.28605450118425,-62.57289166367167,6.327019552075347,0.878928826524048,0.878928826524048
SB85984_component_2146a,172.506687,-61.149698,4.791999816894531,11.144185066223145,172.5070687065535,-61.14950459664818,4.27982649919781,1.1196715142057092,1.1196715142057092
SB85984_component_2151a,164.558736,-60.038799,5.465000152587891,10.673828125,164.5582705872727,-60.03915277406031,5.547420247229084,0.9851426264879857,0.9851426264879857
SB85984_component_2155a,172.654898,-58.888387,5.2789998054504395,26.1336612701416,172.654669726554,-58.88845537071908,3.9163287943406098,1.3479460184954317,1.3479460184954317
SB85984_component_2167a,171.53743,-60.290823,5.296999931335449,27.16410255432129,171.53786295980228,-60.29065026079249,4.678053088134948,1.1323086402696776,1.1323086402696776
SB85984_component_2168a,162.910176,-60.794459,4.9039998054504395,10.849556922912598,162.90959603403863,-60.79480352120268,4.315123969174093,1.1364678837695261,1.1364678837695261
SB85984_component_2169a,169.391623,-57.622172,4.822000026702881,16.4013614654541,169.39198262663967,-57.62210201760676,5.21005676424713,0.9255177524730241,0.9255177524730241
SB85984_component_2173a,173.810578,-61.495634,4.908999919891357,17.28520965576172,173.8107016577345,-61.49559465822323,5.602687346941271,0.8761866611334961,0.8761866611334961
SB85984_component_2177a,171.520967,-58.716358,5.14300012588501,28.414365768432617,171.5205288831796,-58.71616405704358,5.241513498051364,0.9812051667513633,0.9812051667513633
SB85984_component_2180a,173.563964,-58.174655,5.72599983215332,22.63241195678711,173.5638573872663,-58.17476872732117,4.498086578738214,1.2729856866738114,1.2729856866738114
SB85984_component_2182a,165.144369,-59.305042,5.308000087738037,16.74448013305664,165.144298334347,-59.3052294916152,5.379483772452267,0.9867117947115502,0.9867117947115502
SB85984_component_2189a,172.007536,-61.85733,4.757999897003174,17.115108489990234,172.0078375782175,-61.85740454200842,3.9744896874582034,1.197134794944215,1.197134794944215
SB85984_component_2190a,174.259032,-63.901295,5.27400016784668,15.155173301696777,174.25881688778404,-63.901308822305815,4.506855643809381,1.1702172389504086,1.1702172389504086
SB85984_component_2191a,165.914084,-59.221595,4.790999889373779,16.989360809326172,165.9137855273822,-59.22183058784069,3.193157134314391,1.500395905321604,1.500395905321604
SB85984_component_2194a,169.586412,-60.019081,5.033999919891357,20.13599967956543,169.58649289996373,-60.01908532324481,5.340208278055111,0.9426598472905866,0.9426598472905866
SB85984_component_2198a,174.069535,-58.637886,5.367000102996826,22.935897827148438,174.0698516087043,-58.638013703166116,6.776110808352227,0.7920472753163168,0.7920472753163168
SB85984_component_2202a,167.444139,-63.149381,5.264999866485596,25.312498092651367,167.44378249503865,-63.14976609419399,4.292249900814229,1.2266293874191336,1.2266293874191336
SB85984_component_2203a,162.202601,-62.649021,5.547999858856201,14.561678886413574,162.20127985617756,-62.64888574783155,4.009994083705602,1.3835431531932187,1.3835431531932187
SB85984_component_2213a,171.407718,-61.274442,4.339000225067139,14.226229667663574,171.4081775019671,-61.27448615001445,4.39124081179692,0.9881034566381696,0.9881034566381696
SB85984_component_2214a,172.059642,-57.537222,4.949999809265137,14.516128540039062,172.06022065923884,-57.53731464460413,4.593267583236296,1.0776641507520224,1.0776641507520224
SB85984_component_2217a,173.634567,-63.499052,5.132999897003174,16.34713363647461,173.63429301770043,-63.49905041672298,4.815943249178895,1.0658347973428333,1.0658347973428333
SB85984_component_2222a,173.259077,-60.232155,4.857999801635742,19.588708877563477,173.2590941297466,-60.23206794632926,3.564773089622535,1.3627795316840612,1.3627795316840612
SB85984_component_2229a,176.418131,-61.925788,4.6539998054504395,11.519801139831543,176.41871715927445,-61.92567242679453,4.308610833263715,1.0801624898494482,1.0801624898494482
SB85984_component_2230a,165.082327,-59.149248,4.99399995803833,19.7391300201416,165.08174113081378,-59.14944460194375,3.9912869035913783,1.2512255016157086,1.2512255016157086
SB85984_component_2231a,166.223538,-62.336009,5.385000228881836,19.581819534301758,166.22435722908986,-62.33623405674883,4.896012221253958,1.0998747522535062,1.0998747522535062
SB85984_component_2238a,167.945898,-59.333253,5.1570000648498535,20.794355392456055,167.94461075166015,-59.333300387047444,4.1824279759905005,1.2330158688814123,1.2330158688814123
SB85984_component_2243a,169.091349,-60.320011,5.10699987411499,16.91059684753418,169.0918219854509,-60.31965955165004,4.730216003095091,1.0796546861228664,1.0796546861228664
SB85984_component_2244a,175.738564,-60.487704,4.956999778747559,16.578594207763672,175.73891375391483,-60.48764911539058,4.337143081268953,1.1429182034956638,1.1429182034956638
SB85984_component_2246a,173.240416,-64.141137,4.425000190734863,15.917266845703125,173.24079406784367,-64.14109497313298,2.7332290970943824,1.6189642483460147,1.6189642483460147
SB85984_component_2248a,174.718808,-63.954935,5.349999904632568,12.953995704650879,174.71868070562968,-63.954877986351406,5.378863076938879,0.9946339641122196,0.9946339641122196
SB85984_component_2250a,171.335649,-60.721891,5.242000102996826,20.16153907775879,171.33637840774608,-60.722607418371,4.7705813471956775,1.0988178843398753,1.0988178843398753
SB85984_component_2254a,172.280597,-58.737468,5.123000144958496,25.873737335205078,172.28024648728714,-58.73763935416763,5.016033623884685,1.0213249210620263,1.0213249210620263
SB85984_component_2255a,169.905242,-63.970489,5.135000228881836,21.045082092285156,169.90480477861973,-63.970724076774545,4.819323489385853,1.0655022930482325,1.0655022930482325
SB85984_component_2260a,166.606809,-58.154864,4.843999862670898,19.93415641784668,166.60697648642397,-58.154825602649304,4.883960161927412,0.9918180538064127,0.9918180538064127
SB85984_component_2262a,173.134891,-61.57697,4.613999843597412,15.431437492370605,173.1353370310986,-61.57681727533441,4.5922296098558,1.0047406675169048,1.0047406675169048
SB85984_component_2266a,168.497047,-62.897436,4.640999794006348,20.535398483276367,168.49678962913228,-62.89748719070152,5.740358574472684,0.8084860438239566,0.8084860438239566
SB85984_component_2267a,176.532447,-60.516326,4.631999969482422,12.725275039672852,176.53228666696845,-60.51657111571892,9.058486258046127,0.5113437099237288,0.5113437099237288
SB85984_component_2268a,175.281398,-59.824176,5.427000045776367,20.634981155395508,175.28170333219674,-59.82419210189758,4.287326366971352,1.2658238681302216,1.2658238681302216
SB85984_component_2271a,171.012201,-59.413919,4.520999908447266,14.444089889526367,171.01248118717922,-59.41400487851817,5.095387819041831,0.8872729748954463,0.8872729748954463
SB85984_component_2272a,169.94639,-62.739118,4.689000129699707,20.74778938293457,169.9468810345216,-62.73892903969164,4.48853166093337,1.044662371552627,1.044662371552627
SB85984_component_2274a,166.303813,-62.790292,4.2820000648498535,19.375566482543945,166.30394223088396,-62.79066472684766,5.0410368954924225,0.8494284318130498,0.8494284318130498
SB85984_component_2278a,171.13344,-61.110321,5.301000118255615,14.365854263305664,171.1341135780169,-61.11020186925115,5.446826381409567,0.9732272973392969,0.9732272973392969
SB85984_component_2294a,170.49127,-57.507899,5.0370001792907715,17.016891479492188,170.4913436936139,-57.507867236071114,5.698897405478801,0.8838552128431553,0.8838552128431553
SB85984_component_2296a,167.321324,-59.044362,5.1519999504089355,21.46666717529297,167.3211463395431,-59.04452063391228,4.829423316410992,1.0667940275398489,1.0667940275398489
SB85984_component_2303a,161.726751,-61.663603,4.605999946594238,11.072114944458008,161.72625301758907,-61.663754625762444,5.126094670636979,0.898539773948788,0.898539773948788
SB85984_component_2311a,167.354776,-63.636571,4.514999866485596,19.802631378173828,167.35426592273265,-63.63647573137474,3.808882521426927,1.1853870107797746,1.1853870107797746
SB85984_component_2315a,164.747224,-60.004973,4.638000011444092,12.078125,164.7461634613962,-60.00527105244254,5.435569142848214,0.853268515137276,0.853268515137276
SB85984_component_2319a,174.818645,-59.431643,4.570000171661377,19.869565963745117,174.81843802659162,-59.431786486596664,4.233191234318569,1.0795638369966118,1.0795638369966118
SB85984_component_2326a,174.779151,-60.810889,4.035999774932861,13.10389518737793,174.7792395284586,-60.810798803487614,3.5256986375138073,1.144737593845769,1.144737593845769
SB85984_component_2327a,173.112642,-64.160909,4.989999771118164,16.633331298828125,173.1126357143061,-64.16069919951653,4.798469428568023,1.0399148823184852,1.0399148823184852
SB85984_component_2331a,169.147714,-58.181759,4.640999794006348,16.876361846923828,169.14762992128388,-58.18174267611594,3.5560466560655426,1.305100928889727,1.305100928889727
SB85984_component_2336a,171.286562,-58.798553,4.714000225067139,22.028038024902344,171.2863769045184,-58.79873225497056,5.391786548781749,0.8742928123021203,0.8742928123021203
SB85984_component_2338a,175.559319,-58.152174,4.771999835968018,10.55752182006836,175.55999673925893,-58.15246745158497,4.683578631460351,1.01887898367153,1.01887898367153
SB85984_component_2341a,170.100743,-63.234192,4.420000076293945,18.80851173400879,170.10071485095153,-63.23410850554674,4.3746778856167605,1.010360120644813,1.010360120644813
SB85984_component_2342a,174.936329,-64.053278,4.61899995803833,10.594037055969238,174.93557180413217,-64.05358730024396,5.296404432580682,0.8721010672116885,0.8721010672116885
SB85984_component_2345a,166.148479,-62.725749,4.567999839782715,20.123348236083984,166.1485098650747,-62.72599472678558,4.816348230454835,0.9484363715435361,0.9484363715435361
SB85984_component_2348a,173.191196,-60.87895,4.815999984741211,19.187252044677734,173.19161847832456,-60.87881294828666,4.065444311215335,1.184618362980725,1.184618362980725
SB85984_component_2351a,167.221784,-58.323728,4.946000099182129,20.608333587646484,167.2217885488352,-58.323891387442416,5.473449318548542,0.9036349496141343,0.9036349496141343
SB85984_component_2360a,163.207319,-62.890907,4.839000225067139,13.825715065002441,163.2085338208903,-62.89120243211974,3.9477779780316413,1.2257528797199126,1.2257528797199126
SB85984_component_2361a,167.140189,-58.01668,4.581999778747559,21.311626434326172,167.14073275025572,-58.01667524456698,4.066563135734473,1.1267499423490424,1.1267499423490424
SB85984_component_2365a,175.29304,-61.908773,4.9070000648498535,17.03819465637207,175.2930269236317,-61.908895116580595,4.361283437613146,1.1251275307012307,1.1251275307012307
SB85984_component_2369a,161.66331,-62.259232,4.829999923706055,10.320512771606445,161.66339349132275,-62.25951214313221,5.806393505395099,0.8318416447693713,0.8318416447693713
SB85984_component_2370a,172.208559,-62.463579,3.7829999923706055,13.0,172.20878350798796,-62.46321417567917,3.900349154350439,0.9699131648639859,0.9699131648639859
SB85984_component_2371a,168.017279,-57.977669,4.324999809265137,17.439516067504883,168.01766360967537,-57.97763498996925,3.908560037418963,1.1065455737814818,1.1065455737814818
SB85984_component_2372a,166.591354,-59.184972,4.578000068664551,19.398305892944336,166.5909757697801,-59.18509526048113,4.255059376824832,1.0758956957448382,1.0758956957448382
SB85984_component_2376a,171.276705,-58.918102,4.697999954223633,20.337661743164062,171.2768039070923,-58.918134580235176,3.642092426385634,1.2899178286054285,1.2899178286054285
SB85984_component_2394a,171.067385,-64.559549,4.383999824523926,12.856305122375488,171.0666824740628,-64.55951161402523,4.114925541287277,1.0653898303959284,1.0653898303959284
SB85984_component_2396a,170.72221,-58.486005,4.439000129699707,23.3631591796875,170.7226190243564,-58.48617176165385,4.486630056918676,0.989384030638871,0.989384030638871
SB85984_component_2404a,165.843101,-57.80386,4.413000106811523,13.292169570922852,165.843353125738,-57.8041719353208,3.872416835348487,1.139598419914004,1.139598419914004
SB85984_component_2408a,172.047924,-61.649928,4.683000087738037,17.40892219543457,172.0479991066308,-61.65010287822785,3.85133249495126,1.2159428182004581,1.2159428182004581
SB85984_component_2414a,169.371026,-58.917544,4.6529998779296875,18.318897247314453,169.37098118355212,-58.91748368315125,4.141064502040257,1.1236241009134744,1.1236241009134744
SB85984_component_2415a,167.228471,-58.593885,4.090000152587891,18.177778244018555,167.2283518216036,-58.594090893897814,3.8319944358348184,1.0673293557893344,1.0673293557893344
SB85984_component_2419a,168.104648,-63.080682,4.456999778747559,21.22380828857422,168.10424403719205,-63.08053214145314,4.285957162700279,1.0399076821242697,1.0399076821242697
SB85984_component_2421a,172.03689,-64.401237,4.064000129699707,12.860759735107422,172.03719512789027,-64.40117288751976,4.177419773912307,0.9728493543021705,0.9728493543021705
SB85984_component_2423a,175.780667,-59.558924,4.017000198364258,16.530864715576172,175.7809323092251,-59.5589819195609,4.369978441396298,0.9192265481933919,0.9192265481933919
SB85984_component_2424a,169.451378,-58.149111,4.23199987411499,17.064516067504883,169.4513700563294,-58.149159933782904,4.6011808498239395,0.9197638632867309,0.9197638632867309
SB85984_component_2426a,170.488361,-59.29929,4.857999801635742,20.074378967285156,170.48802981443464,-59.2992371657366,4.3725878176030015,1.1110125180513442,1.1110125180513442
SB85984_component_2430a,166.825383,-59.191734,4.38700008392334,16.61742401123047,166.8253301816246,-59.19204318064355,4.575005048776164,0.9589060639609311,0.9589060639609311
SB85984_component_2438a,168.052032,-62.018128,4.980999946594238,10.875545501708984,168.05244538657973,-62.01830390644589,3.482595855073178,1.4302549459875744,1.4302549459875744
SB85984_component_2444a,174.52401,-59.635775,4.678999900817871,20.70353889465332,174.52410868618537,-59.63601817181479,5.028607714061981,0.9304762206313155,0.9304762206313155
SB85984_component_2449a,168.415373,-62.55366,4.073999881744385,14.814544677734375,168.41576433507552,-62.55376929347709,4.474540474436096,0.9104845302036989,0.9104845302036989
SB85984_component_2450a,166.211979,-57.920508,4.177000045776367,14.86476993560791,166.21239801762349,-57.92081457188459,4.302338575154015,0.970867348724836,0.970867348724836
SB85984_component_2451a,168.196067,-63.119667,4.446000099182129,21.5825252532959,168.1956702148358,-63.11981885665013,3.956134695234583,1.1238242480817502,1.1238242480817502
SB85984_component_2455a,164.156669,-62.885234,4.764999866485596,17.01785659790039,164.15573463777864,-62.885387250910995,4.706563263646888,1.012415981591083,1.012415981591083
SB85984_component_2460a,171.484843,-61.828969,3.7950000762939453,12.952218055725098,171.48590193775354,-61.82888693291787,2.9643563924828076,1.2802104652185324,1.2802104652185324
SB85984_component_2461a,173.176084,-58.141871,4.140999794006348,17.54660987854004,173.17555336029537,-58.14204442338306,3.7914752053893883,1.0921869640925326,1.0921869640925326
SB85984_component_2469a,171.519388,-63.683885,4.839000225067139,19.995868682861328,171.5198490135297,-63.68407867784319,4.523385654788512,1.0697739689616148,1.0697739689616148
SB85984_component_2470a,169.588249,-59.220414,4.214000225067139,18.085838317871094,169.58833603128969,-59.22007236251797,4.721544807158723,0.8925045503492726,0.8925045503492726
SB85984_component_2474a,168.583775,-63.878756,4.078000068664551,16.510122299194336,168.58352873476693,-63.87894038591006,4.076299062970381,1.0004172916824534,1.0004172916824534
SB85984_component_2475a,172.704102,-60.421621,4.557000160217285,19.391490936279297,172.70453722544826,-60.42153396452802,4.092830985153366,1.113410296381082,1.113410296381082
SB85984_component_2476a,170.311409,-57.663644,4.51800012588501,16.733333587646484,170.3112129921273,-57.66362798749745,3.819938827342356,1.1827414862107402,1.1827414862107402
SB85984_component_2477a,174.857914,-61.469283,4.182000160217285,15.781133651733398,174.85748761296412,-61.46930959024213,2.915972978947144,1.4341697232486905,1.4341697232486905
SB85984_component_2478a,164.96733,-63.321511,4.445000171661377,12.846821784973145,164.9675880016567,-63.32160529024289,3.7638284589906448,1.1809784160177703,1.1809784160177703
SB85984_component_2482a,162.319841,-61.37448,4.335000038146973,10.651105880737305,162.31985333369073,-61.37427592662405,4.4912559773405505,0.965208854720834,0.965208854720834
SB85984_component_2493a,168.104532,-57.616222,4.297999858856201,15.743589401245117,168.10475927429866,-57.61608226028237,3.2208697130318193,1.3344221411584123,1.3344221411584123
SB85984_component_2497a,166.11577,-63.434399,4.034999847412109,15.0,166.11479824059032,-63.43433287617381,5.0539993371732805,0.7983775972691162,0.7983775972691162
SB85984_component_2499a,171.027579,-59.863736,4.474999904632568,21.108489990234375,171.02747052346498,-59.86367618755901,4.470227791139596,1.0010675325097371,1.0010675325097371
SB85984_component_2500a,168.584555,-57.191744,4.429999828338623,11.813332557678223,168.5848388893121,-57.191718532403996,4.126366015606979,1.0735838293508677,1.0735838293508677
SB85984_component_2501a,164.323076,-63.150609,4.609000205993652,14.493711471557617,164.32247503039238,-63.151029376034614,3.738304949208568,1.2329117791659607,1.2329117791659607
SB85984_component_2506a,173.194148,-62.787933,3.950000047683716,12.741935729980469,173.19382989206966,-62.787854068357895,4.225006602399272,0.9349097929079241,0.9349097929079241
SB85984_component_2512a,164.64114,-61.963696,4.289999961853027,13.794212341308594,164.6402427656074,-61.96391292442936,4.159527486271193,1.0313671386984382,1.0313671386984382
SB85984_component_2523a,170.851066,-58.648362,4.230000019073486,19.227272033691406,170.8514790233983,-58.648257093481355,3.188667604087867,1.3265728963566579,1.3265728963566579
SB85984_component_2529a,167.85767,-59.367058,4.324999809265137,17.72540855407715,167.85795080580314,-59.366968838735225,4.350241153747635,0.9941977137380641,0.9941977137380641
SB85984_component_2533a,173.209514,-63.5807,3.9579999446868896,14.6051664352417,173.20931424080845,-63.5805492041182,4.382374794219835,0.9031632688987081,0.9031632688987081
SB85984_component_2539a,170.401122,-58.898022,4.229000091552734,19.578702926635742,170.4010346179078,-58.898150847030685,3.471848044817351,1.2180832907896508,1.2180832907896508
SB85984_component_2540a,173.124194,-62.871261,4.072999954223633,14.142361640930176,173.12475115599847,-62.87129955637712,3.1101210173138125,1.3095953281398198,1.3095953281398198
SB85984_component_2545a,165.065605,-58.093179,4.519999980926514,12.316075325012207,165.0656630314412,-58.09342133579517,4.148920918928625,1.0894398975658741,1.0894398975658741
SB85984_component_2546a,174.86719,-60.257285,4.048999786376953,15.164793968200684,174.8672436864088,-60.2571963193094,3.570958047724403,1.1338693236559254,1.1338693236559254
SB85984_component_2549a,171.978857,-62.110433,4.002999782562256,11.94925308227539,171.97955470312542,-62.11034641748197,2.8497729671351495,1.4046732244030073,1.4046732244030073
SB85984_component_2552a,168.797157,-62.640098,4.15500020980835,16.6200008392334,168.79775226797426,-62.64012541285681,4.156932942472476,0.9995350580125122,0.9995350580125122
SB85984_component_2558a,170.057201,-59.217646,3.9549999237060547,18.65566062927246,170.057107892056,-59.21758689260637,3.1984586883924604,1.2365330645223467,1.2365330645223467
SB85984_component_2561a,167.998203,-63.04483,3.9760000705718994,19.20772933959961,167.9983382260648,-63.04499446235606,3.8562512569682936,1.0310531668254805,1.0310531668254805
SB85984_component_2566a,174.42349,-60.078681,4.423999786376953,18.825531005859375,174.42426806366336,-60.07862661058369,2.516386788431017,1.7580762252910034,1.7580762252910034
SB85984_component_2567a,166.77961,-57.4753,3.8399999141693115,12.075471878051758,166.78040778781647,-57.475283900797905,4.279626819000768,0.8972744766250196,0.8972744766250196
SB85984_component_2569a,166.43581,-59.232585,4.244999885559082,17.83613395690918,166.43625697279805,-59.23267356409407,4.113486690651165,1.0319712216905457,1.0319712216905457
SB85984_component_2582a,172.738272,-60.443373,3.9860000610351562,16.403291702270508,172.73863083134273,-60.44323656351129,2.985983287729625,1.3349036739136904,1.3349036739136904
SB85984_component_2585a,164.161696,-58.877153,4.183000087738037,11.184492111206055,164.16262285578676,-58.87719355982953,4.07218822316918,1.027211871970549,1.027211871970549
SB85984_component_2586a,172.854618,-60.483261,3.8919999599456787,16.28451919555664,172.85506598919665,-60.483058466652054,3.157232138269634,1.2327253079587441,1.2327253079587441
SB85984_component_2594a,171.782786,-60.969645,3.627000093460083,15.434042930603027,171.7830762630266,-60.96944696253353,3.7202479651222746,0.9749350385951688,0.9749350385951688
SB85984_component_2595a,172.344076,-59.677948,4.03000020980835,19.282297134399414,172.3447639226697,-59.677518521330086,3.391759797381795,1.1881738243725963,1.1881738243725963
SB85984_component_2596a,168.282614,-63.065664,3.8340001106262207,15.713114738464355,168.28299345848845,-63.06568769654252,3.515501453308037,1.0905983574600662,1.0905983574600662
SB85984_component_2598a,165.660896,-58.877845,4.103000164031982,16.611337661743164,165.66087132059414,-58.87792506272496,3.9847299585171165,1.0296808583633303,1.0296808583633303
SB85984_component_2600a,172.339079,-64.643755,4.074999809265137,11.133879661560059,172.33928343269784,-64.64341848908242,3.9490192201167362,1.0319017411985847,1.0319017411985847
SB85984_component_2601a,167.847144,-57.43887,4.179999828338623,12.011493682861328,167.84694401989975,-57.43899285681375,3.134330198296046,1.333618209916443,1.333618209916443
SB85984_component_2603a,170.710502,-64.467245,3.9590001106262207,12.410658836364746,170.70977100360696,-64.46702923918318,3.280323047599909,1.2068933617751076,1.2068933617751076
SB85984_component_2607a,173.484212,-58.720411,4.043000221252441,18.717592239379883,173.48468293927627,-58.720550166253474,3.972311736895619,1.0177953013355556,1.0177953013355556
SB85984_component_2611a,175.616335,-58.855144,3.8940000534057617,12.767212867736816,175.61679376441077,-58.85524615943138,3.1460059465790717,1.237759915120329,1.237759915120329
SB85984_component_2612a,175.924279,-58.691862,4.254000186920166,13.252336502075195,175.92420794070762,-58.69185527815844,3.5460629414243403,1.1996403496468875,1.1996403496468875
SB85984_component_2627a,172.367156,-58.304221,3.888000011444092,16.83116912841797,172.36710315858568,-58.30410687466428,3.9219362686410824,0.9913470656144168,0.9913470656144168
SB85984_component_2635a,171.658279,-60.745025,3.625,15.104166984558105,171.6583200860594,-60.745205396075036,4.145610690245819,0.8744188180837239,0.8744188180837239
SB85984_component_2637a,176.067993,-61.16724,4.211999893188477,13.0,176.0681913466732,-61.16700206068061,3.5090694526956443,1.2003181897562174,1.2003181897562174
SB85984_component_2638a,169.039723,-58.990441,3.8410000801086426,17.459091186523438,169.04006967918528,-58.990515037071496,3.8138246687964696,1.0071255009530233,1.0071255009530233
SB85984_component_2640a,176.013695,-59.639572,4.178999900817871,14.360823631286621,176.0140288299592,-59.639550498635714,3.63804675397602,1.1486932915995771,1.1486932915995771
SB85984_component_2641a,164.276696,-63.208425,4.396999835968018,14.092947959899902,164.27593082956187,-63.20868246394077,3.3364834161324772,1.3178545455097301,1.3178545455097301
SB85984_component_2642a,166.461363,-63.717592,3.8369998931884766,13.80215835571289,166.46106808188313,-63.717655385842164,3.566173793128108,1.0759430459004105,1.0759430459004105
SB85984_component_2656a,165.559963,-58.876809,4.303999900817871,15.650908470153809,165.55986362733694,-58.876792030160985,3.6485853182097956,1.1796352628337767,1.1796352628337767
SB85984_component_2658a,167.68974,-62.991311,3.7690000534057617,17.210046768188477,167.69009087063066,-62.991038908735725,3.8169124178115217,0.9874473503289785,0.9874473503289785
SB85984_component_2670a,166.09272,-62.17841,3.365999937057495,11.036065101623535,166.09286329464678,-62.17874837039547,4.110606166707622,0.8188573170349431,0.8188573170349431
SB85984_component_2676a,176.762617,-59.642581,4.061999797821045,13.0610933303833,176.76271399049298,-59.64223168013509,2.925411148315221,1.3885227039489472,1.3885227039489472
SB85984_component_2677a,171.179729,-59.823262,3.9049999713897705,17.75,171.17939695048227,-59.823147389195235,5.006837738040915,0.77993339822467,0.77993339822467
SB85984_component_2678a,176.624699,-59.223277,4.133999824523926,12.527271270751953,176.624750970264,-59.22310732704004,4.362560545757678,0.9476085847207293,0.9476085847207293
SB85984_component_2681a,175.529488,-61.901869,4.099999904632568,13.712374687194824,175.52920315605417,-61.902176036688196,3.4874767698394127,1.1756350436769678,1.1756350436769678
SB85984_component_2687a,167.506611,-57.988762,3.296999931335449,15.40654182434082,167.507867322401,-57.988582278750876,3.434851416251074,0.959866827349964,0.959866827349964
SB85984_component_2688a,173.344764,-60.019253,3.7929999828338623,17.891510009765625,173.3447660430354,-60.01929772497452,2.5436185216287415,1.4911827188634839,1.4911827188634839
SB85984_component_2692a,175.098287,-60.495934,3.1579999923706055,11.696295738220215,175.09801303225012,-60.4960690574745,2.8408275379578463,1.1116479089894917,1.1116479089894917
SB85984_component_2699a,173.71365,-58.100412,3.565999984741211,11.503225326538086,173.71308559889368,-58.10065767462923,4.129456759972655,0.863551840355104,0.863551840355104
SB85984_component_2701a,165.986656,-62.864693,4.047999858856201,18.399999618530273,165.98637313228704,-62.86481382998884,1.7836511060544666,2.2695020596323894,2.2695020596323894
SB85984_component_2704a,166.857112,-63.354513,3.9010000228881836,16.600000381469727,166.8573855015004,-63.35447054236631,3.4035018302274094,1.146172447519305,1.146172447519305
SB85984_component_2710a,173.555692,-62.603603,3.874000072479248,11.73939323425293,173.55535757059167,-62.603597727898524,2.8853138601046453,1.342661582174892,1.342661582174892
SB85984_component_2712a,169.334045,-57.578998,3.885999917984009,13.78014087677002,169.3338375032088,-57.57869074585164,3.60479886360811,1.0780074187258368,1.0780074187258368
SB85984_component_2716a,176.918406,-60.471826,3.7760000228881836,10.260869979858398,176.9178876592723,-60.47179956370184,3.7189071249960737,1.0153520633813005,1.0153520633813005
SB85984_component_2717a,171.771028,-64.050134,3.86299991607666,15.89711856842041,171.77039186157236,-64.05015524448908,3.004179293623979,1.2858752885606488,1.2858752885606488
SB85984_component_2718a,176.507984,-59.61286,3.8889999389648438,13.27303695678711,176.50978414926124,-59.61316072724206,3.6111354404951292,1.0769465734665482,1.0769465734665482
SB85984_component_2726a,166.883729,-57.366129,3.6619999408721924,10.032876014709473,166.88423057717756,-57.36633654130139,3.1062625407760045,1.1789087022751636,1.1789087022751636
SB85984_component_2730a,172.499778,-64.173922,3.742000102996826,13.656935691833496,172.4998607383831,-64.1737367965508,3.4292867625743924,1.091189032027079,1.091189032027079
SB85984_component_2742a,166.360767,-59.683028,3.9119999408721924,10.71780776977539,166.36050218717736,-59.683197961481916,3.5132454780381805,1.1135003134072712,1.1135003134072712
SB85984_component_2752a,172.023999,-62.438248,3.8429999351501465,13.297577857971191,172.02416235393395,-62.4381702495061,3.1840868806924916,1.206939408108849,1.206939408108849
SB85984_component_2754a,173.655662,-58.788567,3.568000078201294,16.366973876953125,173.65556702721048,-58.78876856415464,4.131057180028921,0.863701450430254,0.863701450430254
SB85984_component_2757a,172.503533,-59.150044,3.625999927520752,18.5,172.50354942901583,-59.149959334559036,4.591744996232376,0.7896779830970495,0.7896779830970495
SB85984_component_2759a,172.880504,-62.379173,3.2049999237060547,10.1104097366333,172.88083483196928,-62.37917539603011,3.069065592943659,1.0442917645927585,1.0442917645927585
SB85984_component_2760a,175.650498,-58.507372,3.8289999961853027,11.2949857711792,175.65064607025437,-58.50733403447704,3.058513344228389,1.2519154128952459,1.2519154128952459
SB85984_component_2762a,173.949939,-61.161795,3.4070000648498535,11.207237243652344,173.9505745581038,-61.16213678867798,2.3558109065634847,1.4462111773732216,1.4462111773732216
SB85984_component_2763a,173.553555,-59.474019,3.755000114440918,17.22477149963379,173.55407470546947,-59.47396545811222,3.230360383087741,1.162409040830206,1.162409040830206
SB85984_component_2770a,173.104697,-62.120013,3.115000009536743,11.934865951538086,173.10389420216802,-62.12019304488037,2.6189129317557924,1.189424807432739,1.189424807432739
SB85984_component_2785a,171.605308,-58.118015,3.861999988555908,17.96278953552246,171.60479862271723,-58.117923541899515,3.1789253844966723,1.2148759475106048,1.2148759475106048
SB85984_component_2789a,168.797278,-59.371626,3.0769999027252197,12.559183120727539,168.79702465322046,-59.37155823300608,2.7460263047728684,1.1205281964623157,1.1205281964623157
SB85984_component_2791a,166.524407,-59.770315,3.6029999256134033,13.596226692199707,166.52428733038016,-59.77074992598013,2.385887459770488,1.5101298725799899,1.5101298725799899
SB85984_component_2807a,171.026823,-62.552479,3.6500000953674316,13.619402885437012,171.02726635889414,-62.55241104256566,2.795215633740135,1.3058026906080062,1.3058026906080062
SB85984_component_2808a,171.717207,-57.89989,3.7130000591278076,16.502222061157227,171.71693511034232,-57.9002003851248,2.896610829293728,1.2818429115771612,1.2818429115771612
SB85984_component_2809a,175.801335,-60.156373,3.069000005722046,10.229999542236328,175.80021505682114,-60.15622677755497,2.8495963390830474,1.0769946478488244,1.0769946478488244
SB85984_component_2813a,168.804029,-57.879434,3.1470000743865967,10.560402870178223,168.80473071339378,-57.879530644390876,3.340570290559924,0.9420547393598228,0.9420547393598228
SB85984_component_2822a,176.923672,-60.615651,3.63700008392334,10.130919456481934,176.9232913721085,-60.616160489239554,2.8931705142745106,1.2570984205662525,1.2570984205662525
SB85984_component_2824a,171.114298,-58.614732,3.552000045776367,16.676055908203125,171.11396097952178,-58.61473178079658,3.183599398308563,1.115718280278459,1.115718280278459
SB85984_component_2826a,172.160822,-60.899388,3.2739999294281006,13.991453170776367,172.16030510759148,-60.89952938884487,2.1976037817887604,1.4898044663734595,1.4898044663734595
SB85984_component_2827a,165.578087,-63.710423,3.691999912261963,10.701449394226074,165.57658896840823,-63.71129744919156,2.4927860162772157,1.4810737416505895,1.4810737416505895
SB85984_component_2841a,170.876755,-59.556413,3.124000072479248,14.462963104248047,170.8768420680447,-59.55618060108822,3.497532548825401,0.893201143625783,0.893201143625783
SB85984_component_2845a,174.129376,-59.205475,3.063999891281128,13.678570747375488,174.12914177568106,-59.20523044138234,3.404534698770771,0.8999761090369867,0.8999761090369867
SB85984_component_2846a,169.372058,-57.397265,3.375999927520752,10.230302810668945,169.37179991555686,-57.3975124360754,3.073183128554025,1.0985352275798828,1.0985352275798828
SB85984_component_2856a,165.478463,-59.024435,3.5139999389648438,14.889830589294434,165.47867361469812,-59.02457465069027,2.8328359834895385,1.2404530157924059,1.2404530157924059
SB85984_component_2860a,172.797106,-60.093887,3.2809998989105225,14.846153259277344,172.79730209028926,-60.094004422919824,2.2272610479521116,1.473109720087498,1.473109720087498
SB85984_component_2871a,170.821572,-59.966226,3.111999988555908,13.471860885620117,170.82129548166264,-59.96609314805475,3.3217365202941984,0.9368593714592046,0.9368593714592046
SB85984_component_2877a,170.158237,-57.494358,3.2790000438690186,10.57741928100586,170.1581253551072,-57.4942457443339,2.094825642445043,1.5652854239658,1.5652854239658
SB85984_component_2878a,171.473398,-63.867339,3.135999917984009,12.696355819702148,171.47365471203557,-63.86725793790632,1.930557697715922,1.6244010327659553,1.6244010327659553
SB85984_component_2879a,167.353985,-59.149978,3.1730000972747803,12.39453125,167.3533991500247,-59.15005170833768,3.2045234894052386,0.9901628456665459,0.9901628456665459
SB85984_component_2880a,170.558343,-60.663808,3.259000062942505,10.08978271484375,170.55820858897053,-60.66355494757467,3.4723169741399884,0.9385664060089683,0.9385664060089683
SB85984_component_2899a,172.332648,-63.109216,3.371000051498413,12.34798526763916,172.33310449370484,-63.109039938710254,2.893310236297498,1.1651014845239007,1.1651014845239007
SB85984_component_2907a,174.411745,-58.408067,3.2909998893737793,10.316614151000977,174.41193291481298,-58.40809743150989,3.5490443784907804,0.9272918392678049,0.9272918392678049
SB85984_component_2920a,171.651378,-62.481292,3.3340001106262207,13.720165252685547,171.6514046068398,-62.48113621587786,2.9527856739061296,1.129103321005956,1.129103321005956
SB85984_component_2925a,168.911429,-62.848118,3.0880000591278076,10.61168384552002,168.912230474474,-62.847389937443985,2.728270228294695,1.1318527127930293,1.1318527127930293
SB85984_component_2937a,166.515273,-59.427691,3.624000072479248,16.035398483276367,166.51477563868642,-59.42787940214693,3.594336332530945,1.0082529115819874,1.0082529115819874
SB85984_component_2942a,164.780953,-62.656234,3.2269999980926514,13.225409507751465,164.78109965140095,-62.65669049831812,3.578095276062258,0.9018764871023803,0.9018764871023803
SB85984_component_2945a,174.254488,-61.515508,3.306999921798706,12.113553047180176,174.2544587990602,-61.515639896320714,2.8037887403610906,1.1794754270155206,1.1794754270155206
SB85984_component_2950a,172.719711,-60.504054,3.1050000190734863,13.738938331604004,172.71852764465172,-60.50406902879263,3.0050182613090644,1.0332715973981694,1.0332715973981694
SB85984_component_2952a,167.987709,-58.21164,2.884000062942505,11.771429061889648,167.9871360581336,-58.211685633640975,2.5083090942098525,1.149778577767745,1.149778577767745
SB85984_component_2959a,173.011777,-60.847455,3.0309998989105225,11.702702522277832,173.01214181011298,-60.8472742106103,2.967935945778482,1.0212484212207278,1.0212484212207278
SB85984_component_2962a,171.094392,-62.778405,2.6410000324249268,12.697114944458008,171.0950675465457,-62.778223534229994,2.2911954059329664,1.1526734147537805,1.1526734147537805
SB85984_component_2982a,172.780907,-58.422977,2.684000015258789,11.421277046203613,172.78109492425585,-58.42314452040566,3.6254974581412878,0.7403122043932742,0.7403122043932742
SB85984_component_2983a,169.05505,-58.455131,2.9690001010894775,12.797414779663086,169.05541600750678,-58.455008685732636,2.633593426993825,1.1273570440515983,1.1273570440515983
SB85984_component_2989a,169.54706,-63.723217,3.180000066757202,14.389140129089355,169.54711283267193,-63.72284140109133,2.9079828147330047,1.0935415610594565,1.0935415610594565
SB85984_component_2998a,167.138113,-63.690495,3.058000087738037,11.627376556396484,167.13722225076896,-63.69132906232649,3.646651841683712,0.8385774733916234,0.8385774733916234
SB85984_component_2999a,172.274076,-58.138111,2.8989999294281006,12.827433586120605,172.2732083381823,-58.1382533987644,2.269565849758882,1.2773367777524893,1.2773367777524893
SB85984_component_3020a,173.945647,-58.856701,3.371000051498413,16.129186630249023,173.94639851808793,-58.85656971482856,2.887079990888431,1.1676157439825792,1.1676157439825792
SB85984_component_3034a,169.704413,-63.584931,2.747999906539917,12.841120719909668,169.70396085849583,-63.585276143214536,1.8679730634147615,1.4711132405284346,1.4711132405284346
SB85984_component_3039a,170.499537,-58.427169,3.002000093460083,13.583710670471191,170.5006137490529,-58.427066042078664,2.8461194225084445,1.0547695468148177,1.0547695468148177
SB85984_component_3042a,171.563992,-60.113101,3.1050000190734863,15.072815895080566,171.56402246694216,-60.11307527251873,3.2516270198946198,0.9549065744859367,0.9549065744859367
SB85984_component_3046a,172.395017,-60.690624,2.941999912261963,13.877358436584473,172.3950381618395,-60.69057633624109,3.0623313024503838,0.9607059529802882,0.9607059529802882
SB85984_component_3047a,174.86367,-58.731021,3.072000026702881,11.377777099609375,174.86348068458372,-58.7308639338803,2.5989710668968433,1.1820062430979008,1.1820062430979008
SB85984_component_3049a,167.62949,-58.158371,3.1530001163482666,12.173745155334473,167.62954236201344,-58.15848043779231,3.7628373669682937,0.8379315417739218,0.8379315417739218
SB85984_component_3050a,166.631322,-63.887911,3.36899995803833,11.009803771972656,166.6326157218929,-63.88821154255728,3.22813285834879,1.0436373302682451,1.0436373302682451
SB85984_component_3051a,176.117721,-59.581065,3.0869998931884766,11.827585220336914,176.1182531206559,-59.58107049603285,3.2190311776535028,0.9589841548035984,0.9589841548035984
SB85984_component_3060a,171.404537,-59.052035,3.046999931335449,12.539093971252441,171.4052036328664,-59.052103275799894,2.926857772250193,1.041048171258725,1.041048171258725
SB85984_component_3086a,172.350926,-60.068757,2.697000026702881,13.028985023498535,172.35154648021438,-60.06844279657226,1.9470513629105146,1.385171484470404,1.385171484470404
SB85984_component_3087a,170.379444,-63.478926,2.9820001125335693,13.741936683654785,170.37957798243738,-63.47902230825774,3.1270320398801834,0.9536199420098774,0.9536199420098774
SB85984_component_3102a,166.981999,-63.268905,2.813999891281128,14.284263610839844,166.9819728489317,-63.26921611258291,1.6768872362876752,1.6781091956492042,1.6781091956492042
SB85984_component_3106a,175.791382,-60.694039,3.246999979019165,11.85036563873291,175.79281580621117,-60.69387771502444,2.3008262357417397,1.4112321602471636,1.4112321602471636
SB85984_component_3113a,174.282594,-59.892835,2.9070000648498535,12.476395606994629,174.28298779518104,-59.89300065470997,3.0703936786987027,0.9467841485662194,0.9467841485662194
SB85984_component_3125a,170.229256,-62.625076,2.4739999771118164,11.669811248779297,170.22872001351092,-62.62502598477794,2.755048535470622,0.8979878013979176,0.8979878013979176
SB85984_component_3138a,169.590883,-63.846446,2.7750000953674316,12.5,169.5908060262336,-63.846270513231396,2.129515743954802,1.3031132093035749,1.3031132093035749
SB85984_component_3150a,169.372007,-62.898827,2.947000026702881,13.706976890563965,169.37234690491195,-62.898756913715474,2.9046610039096254,1.0145762354836823,1.0145762354836823
SB85984_component_3153a,166.505387,-57.665102,3.0859999656677246,11.30402946472168,166.5063735903058,-57.66510008414835,2.577677140298637,1.197201898337895,1.197201898337895
SB85984_component_3159a,170.835461,-58.685498,2.734999895095825,13.212559700012207,170.83542550213429,-58.68531715053236,2.641221317449738,1.0355057628175728,1.0355057628175728
SB85984_component_3168a,165.761388,-62.839374,2.9070000648498535,12.75,165.76058731982312,-62.83950271386971,2.996644730742336,0.9700849870614208,0.9700849870614208
SB85984_component_3169a,167.212799,-58.741172,3.1080000400543213,12.842975616455078,167.21300655823643,-58.741192892117475,2.7400856537175433,1.134271126100609,1.134271126100609
SB85984_component_3171a,166.911865,-62.451184,3.0850000381469727,10.901060104370117,166.91236588936556,-62.4512356363288,3.219966519366822,0.9580845078953215,0.9580845078953215
SB85984_component_3179a,171.0707,-62.567988,2.8540000915527344,12.24892807006836,171.0715246937581,-62.56807665419371,3.034403744031567,0.9405472482580235,0.9405472482580235
SB85984_component_3203a,164.928663,-58.73106,2.759999990463257,10.739299774169922,164.92943951001342,-58.73105938425828,3.44752984497694,0.8005731972080196,0.8005731972080196
SB85984_component_3206a,172.033096,-58.95686,2.5929999351501465,13.229592323303223,172.03379681064015,-58.956333474696876,3.0175662962303207,0.8593017288102132,0.8593017288102132
SB85984_component_3207a,169.472062,-58.224236,3.1389999389648438,14.80660343170166,169.472111313648,-58.22413928549288,2.6323992377586376,1.192448278338491,1.192448278338491
SB85984_component_3211a,171.141722,-57.786457,2.986999988555908,12.550419807434082,171.14199159553655,-57.78625022391203,2.5743223934990036,1.1603053277627733,1.1603053277627733
SB85984_component_3231a,170.608576,-62.994073,2.8989999294281006,12.604347229003906,170.60891081020998,-62.993993190830416,3.4870478657910478,0.8313622413584086,0.8313622413584086
SB85984_component_3232a,173.090798,-59.382216,2.750999927520752,13.162678718566895,173.09174143678482,-59.38190575583853,2.446396879926826,1.124510887866664,1.124510887866664
SB85984_component_3236a,169.878244,-59.055154,2.6730000972747803,12.095023155212402,169.8787024141118,-59.0551095520738,2.18945166256979,1.2208536698807237,1.2208536698807237
SB85984_component_3249a,171.767371,-59.398335,2.924999952316284,11.794354438781738,171.76719924763213,-59.39870665129758,1.668349618283095,1.7532296110250636,1.7532296110250636
SB85984_component_3250a,169.62804,-58.685775,2.821000099182129,14.31979751586914,169.62746484109184,-58.68587415463424,2.2565991673662875,1.2501112913528913,1.2501112913528913
SB85984_component_3254a,173.340678,-59.710011,2.4679999351501465,11.980582237243652,173.34080651265327,-59.709860895189244,2.0771894128844495,1.1881439024489373,1.1881439024489373
SB85984_component_3265a,173.987726,-59.318923,2.7980000972747803,11.957265853881836,173.98748272739547,-59.31910409563099,2.531040343949074,1.105474317690717,1.105474317690717
SB85984_component_3270a,170.76669,-63.519902,2.5869998931884766,12.088784217834473,170.7664400050101,-63.51994890224742,2.725914302863269,0.9490393335077048,0.9490393335077048
SB85984_component_3272a,171.743345,-59.223362,2.993000030517578,13.792627334594727,171.74368756260452,-59.22309923961906,2.085939769065185,1.434844895765563,1.434844895765563
SB85984_component_3279a,171.043142,-59.899112,2.621999979019165,12.309859275817871,171.041873367139,-59.899236128690035,2.9860613621873107,0.8780797381533151,0.8780797381533151
SB85984_component_3286a,172.168784,-58.067377,2.953000068664551,12.951754570007324,172.1691116663361,-58.06719125019674,2.2124643802912396,1.3347107844854118,1.3347107844854118
SB85984_component_3299a,173.666834,-59.668128,2.8010001182556152,13.274882316589355,173.6665816141498,-59.668104739285575,1.95900409784188,1.4298081976149581,1.4298081976149581
SB85984_component_3314a,164.992224,-58.867857,2.4690001010894775,10.287500381469727,164.99221191355568,-58.86802414664704,2.868938007855629,0.8605972294726986,0.8605972294726986
SB85984_component_3316a,171.776131,-58.158795,2.7139999866485596,12.682242393493652,171.77667872271704,-58.15864255497538,2.599313579416514,1.0441218051335655,1.0441218051335655
SB85984_component_3321a,171.721107,-64.299171,2.747999906539917,10.409090995788574,171.72126965989034,-64.2986795779862,2.836035168568846,0.9689583320388251,0.9689583320388251
SB85984_component_3344a,168.97064,-62.610995,2.674999952316284,10.699999809265137,168.9711173037615,-62.61089675308162,2.6143711822109084,1.0231905746658758,1.0231905746658758
SB85984_component_3349a,169.541207,-57.714851,2.76200008392334,10.229629516601562,169.54225724445857,-57.71404152437353,2.5526937961252445,1.0819942791868744,1.0819942791868744
SB85984_component_3350a,164.061508,-62.293152,2.1600000858306885,10.0,164.06099119321172,-62.2936300213398,1.8119307583540238,1.1920985809594922,1.1920985809594922
SB85984_component_3354a,171.866738,-58.46993,2.6730000972747803,13.568528175354004,171.8664353769184,-58.469801340015195,2.510375953385066,1.064780792562336,1.064780792562336
SB85984_component_3374a,171.118893,-58.423019,2.515000104904175,11.807512283325195,171.11839604272888,-58.42299249523424,2.736930710323848,0.9189125962953542,0.9189125962953542
SB85984_component_3377a,172.470093,-59.19679,2.6110000610351562,12.862070083618164,172.47024242190338,-59.19609877140661,2.0984591993046178,1.244246284083285,1.244246284083285
SB85984_component_3414a,167.120964,-63.60677,2.635999917984009,10.25680923461914,167.1204259835852,-63.60705100509898,2.4247242899717283,1.087133876988028,1.087133876988028
SB85984_component_3421a,168.084392,-63.144477,2.115999937057495,10.579999923706055,168.08446139170977,-63.14455461076375,1.4682709584501312,1.4411508481316622,1.4411508481316622
SB85984_component_3428a,164.122326,-62.700865,2.5420000553131104,10.63598346710205,164.12112936859833,-62.70109879564549,2.078725797347911,1.222864534878172,1.222864534878172
SB85984_component_3445a,174.314631,-58.91571,2.36899995803833,10.719456672668457,174.31405179916806,-58.91589319006752,2.236654781608468,1.0591710341345961,1.0591710341345961
SB85984_component_3462a,165.257929,-62.898699,2.559000015258789,11.42410659790039,165.25833786532937,-62.89935828999321,2.308226570039911,1.1086433405081815,1.1086433405081815
SB85984_component_3467a,171.836508,-63.371333,2.506999969482422,11.447488784790039,171.8368493553111,-63.37122438339443,2.7219257724996457,0.9210390653600191,0.9210390653600191
SB85984_component_3469a,167.188401,-58.122297,2.5759999752044678,11.348017692565918,167.18822129612877,-58.121682049099554,2.665881633572101,0.9662844526794695,0.9662844526794695
SB85984_component_3474a,169.797641,-58.253856,2.315000057220459,10.619266510009766,169.798428495468,-58.253664034567834,2.3146130914533387,1.0001671837805417,1.0001671837805417
SB85984_component_3492a,173.824071,-59.411695,2.4830000400543213,11.184684753417969,173.82386321385235,-59.41176331490136,1.9764426157798543,1.2562975622110801,1.2562975622110801
SB85984_component_3513a,172.301483,-59.383674,2.4719998836517334,11.715639114379883,172.3018609113357,-59.38343479793053,2.435141077651674,1.015136209699852,1.015136209699852
SB85984_component_3521a,169.596038,-62.484613,2.5160000324249268,10.353909492492676,169.59725450411258,-62.48490053036691,2.2119650633374066,1.13745016778375,1.13745016778375
SB85984_component_3543a,173.208644,-59.169977,2.4769999980926514,12.385000228881836,173.2087085314892,-59.169997112212435,2.053503015044878,1.20623148831292,1.20623148831292
SB85984_component_3553a,171.282415,-58.394403,2.513000011444092,12.88718032836914,171.28240872531012,-58.39453038828098,2.6562058348808653,0.9460863229964268,0.9460863229964268
SB85984_component_3608a,168.84284,-63.409553,2.5429999828338623,12.344659805297852,168.8424208144336,-63.40960207053891,2.0557746963284953,1.2370032510739264,1.2370032510739264
SB85984_component_3609a,171.040258,-63.963971,2.4679999351501465,11.69668197631836,171.03900917051007,-63.96364256188652,2.1511828715645835,1.1472757466477677,1.1472757466477677
SB85984_component_3627a,169.641901,-58.610899,2.427999973297119,10.55652141571045,169.64233969356837,-58.61078663776599,2.873139880067925,0.8450684876643451,0.8450684876643451
SB85984_component_3727a,170.031233,-63.409084,2.2090001106262207,11.2131986618042,170.0309636396384,-63.40906899603389,2.4593021366965626,0.8982223361922671,0.8982223361922671
