Component_ID,RA,DEC,ASKAP_flux,ASKAP_flux_SNR,RA_comp,DEC_comp,Comp_flux,Flux_Ratio_AlphaCorr,Flux_Ratio_NOAlphaCorr
SB86246_component_10a,179.4586,-3.206605,540.6290283203125,365.2898864746094,179.45887177398038,-3.2063889749516576,519.9035486911281,1.0398640857162091,1.0398640857162091
SB86246_component_12a,186.521965,2.938135,515.14501953125,336.9162902832031,186.52208053215796,2.938045737549278,537.205975417042,0.9589338970612422,0.9589338970612422
SB86246_component_14a,179.936783,1.201923,459.5450134277344,1154.6357421875,179.93744141429426,1.2022863751140451,473.8312727009876,0.9698494799808863,0.9698494799808863
SB86246_component_17a,179.295595,-1.402742,432.1659851074219,499.6138610839844,179.29603086440034,-1.4025451476287225,452.89168258351356,0.9542369659829868,0.9542369659829868
SB86246_component_23a,186.218353,3.514135,348.0740051269531,207.06365966796875,186.2183736132667,3.5139951623890586,362.22373033775784,0.9609365040837863,0.9609365040837863
SB86246_component_26a,186.458418,2.588247,321.92999267578125,282.8910217285156,186.45863348903353,2.5882486781676564,331.0817709917423,0.9723579516669031,0.9723579516669031
SB86246_component_30a,180.958386,3.650894,289.6390075683594,406.225830078125,180.9583190112632,3.6508965524978434,313.3991950298716,0.9241855504470983,0.9241855504470983
SB86246_component_37a,187.173795,-2.043457,271.1210021972656,154.92628479003906,187.17357066057696,-2.043495089704722,276.98890908921084,0.9788153723871474,0.9788153723871474
SB86246_component_43a,179.896852,2.336246,205.76600646972656,509.32177734375,179.89752110503923,2.336728105676036,199.9578691609096,1.0290468053755015,1.0290468053755015
SB86246_component_45a,179.877717,-2.122931,208.16600036621094,544.9371948242188,179.87819447494064,-2.122758900160443,210.754244492835,0.9877191364147732,0.9877191364147732
SB86246_component_48a,182.535403,1.2572,194.2899932861328,837.4569091796875,182.53589876329238,1.2576232028782182,191.18117431796446,1.0162611145122369,1.0162611145122369
SB86246_component_50a,184.653681,0.549924,187.80599975585938,789.100830078125,184.65421081709619,0.5503157604609097,180.98246090079098,1.037702763135754,1.037702763135754
SB86246_component_59a,179.650782,-3.424663,190.58999633789062,157.25247192382812,179.650996707456,-3.4244066840014984,175.2035360433063,1.0878204894836208,1.0878204894836208
SB86246_component_60a,186.188107,-1.52732,179.47500610351562,369.2901306152344,186.18812096083732,-1.527211054660786,171.8538306070109,1.0443468467917514,1.0443468467917514
SB86246_component_63a,181.490563,0.304739,169.35499572753906,776.8577880859375,181.49091329616718,0.3052455439667976,167.50902377502615,1.0110201343838774,1.0110201343838774
SB86246_component_65a,187.080357,2.541532,186.29800415039062,40.91763687133789,187.08018688611304,2.5414633455195954,144.61586685090572,1.2882265840335339,1.2882265840335339
SB86246_component_70a,180.930517,-3.101512,154.3489990234375,408.3306884765625,180.93093698858266,-3.1011322816822404,148.27192735756873,1.04098598955427,1.04098598955427
SB86246_component_74a,179.927832,3.491993,149.10899353027344,134.5749053955078,179.9279061214289,3.492059403788241,159.36127056236938,0.9356664452039274,0.9356664452039274
SB86246_component_80a,179.505533,-1.600395,146.7220001220703,262.942626953125,179.50597948720713,-1.6002162311885089,154.57705318441958,0.9491835760837171,0.9491835760837171
SB86246_component_81a,186.718012,-1.298629,141.93499755859375,214.07994079589844,186.71787802181694,-1.2985940026588625,134.96193827435158,1.0516668578815702,1.0516668578815702
SB86246_component_82a,180.707929,1.385516,139.25799560546875,616.1858520507812,180.7084420555097,1.3859562941095096,139.51147838218174,0.9981830686646543,0.9981830686646543
SB86246_component_84a,180.839352,-0.795002,133.73399353027344,652.3609619140625,180.83970880719485,-0.794593387198197,129.45464862595543,1.0330567109774689,1.0330567109774689
SB86246_component_85a,179.962338,-0.492189,130.8300018310547,455.8536682128906,179.96283754334934,-0.49179754490832905,129.89022016457537,1.0072351995807582,1.0072351995807582
SB86246_component_91a,179.793239,3.036356,134.01100158691406,193.09942626953125,179.7937823409515,3.0367486569921343,108.0193733083164,1.2406200617773493,1.2406200617773493
SB86246_component_101a,181.865489,1.27462,118.56400299072266,546.3779296875,181.8659905351588,1.275050202517297,113.99018569828762,1.0401246586661517,1.0401246586661517
SB86246_component_104a,180.105286,3.503986,111.19200134277344,140.39393615722656,180.10532051640948,3.504070926395058,115.0636371059506,0.9663522216005378,0.9663522216005378
SB86246_component_110a,180.638618,2.146087,109.44100189208984,456.0041809082031,180.63908546029802,2.146653496791177,108.41457483226353,1.0094676113558936,1.0094676113558936
SB86246_component_112a,180.255277,3.24414,117.38200378417969,224.01145935058594,180.25542862102085,3.2443626908508714,117.29519782837006,1.000740064021518,1.000740064021518
SB86246_component_117a,179.311147,1.903804,101.697998046875,125.55308532714844,179.31194310330125,1.9042032867055507,106.91824574051323,0.9511753334757513,0.9511753334757513
SB86246_component_121a,181.185718,-0.13149,101.81999969482422,436.9957275390625,181.18604750021458,-0.131007769075773,98.82293416045067,1.030327631534472,1.030327631534472
SB86246_component_125a,186.492076,2.006545,102.87200164794922,149.9591827392578,186.49222308598218,2.0065836703727933,102.74271945147852,1.0012583100502002,1.0012583100502002
SB86246_component_127a,186.634875,-1.773566,101.73100280761719,177.8513946533203,186.6346959278032,-1.7735456293344725,95.46587370614631,1.0656268974267766,1.0656268974267766
SB86246_component_131a,185.454577,-3.969234,96.51799774169922,56.31155014038086,185.45518468955572,-3.968801116022475,113.26656141012026,0.8521314370286466,0.8521314370286466
SB86246_component_132a,179.213279,-0.363174,99.56999969482422,134.55404663085938,179.2138180713398,-0.36277077874965635,93.42500094798024,1.0657746714957548,1.0657746714957548
SB86246_component_144a,179.444658,-2.012242,87.59300231933594,141.05152893066406,179.44504217108036,-2.0120737570868505,81.26405016514944,1.0778813281066404,1.0778813281066404
SB86246_component_148a,181.452079,0.895539,86.3499984741211,456.8782958984375,181.45253902065528,0.8960346318618314,87.26645054013206,0.9894982314470381,0.9894982314470381
SB86246_component_149a,183.437301,3.039984,84.41799926757812,356.194091796875,183.43759222783805,3.0403250982038714,92.01859815491166,0.9174014923098691,0.9174014923098691
SB86246_component_155a,185.346633,-2.594651,75.89800262451172,149.99606323242188,185.3469818718927,-2.594403454903456,63.23017890748789,1.200344581272783,1.200344581272783
SB86246_component_159a,183.754343,3.972225,82.4990005493164,108.26640319824219,183.7542114945345,3.972112726370248,91.1924374295019,0.904669322092568,0.904669322092568
SB86246_component_162a,185.553945,-2.439753,76.06800079345703,193.5572509765625,185.55415384414857,-2.4395219506636097,71.55847653197505,1.0630187292971078,1.0630187292971078
SB86246_component_163a,180.100915,2.372731,72.677001953125,216.30059814453125,180.1014882872747,2.3732878407062237,70.54777915905812,1.0301812873409706,1.0301812873409706
SB86246_component_165a,184.768275,0.074149,71.90899658203125,357.7561950683594,184.76881029102142,0.07451188874666768,72.03342464407471,0.9982726343685827,0.9982726343685827
SB86246_component_167a,181.422235,0.55399,74.49099731445312,359.8598937988281,181.42261529648448,0.5544692109750577,74.76184799756942,0.9963771537171593,0.9963771537171593
SB86246_component_179a,180.248473,-3.554407,73.83699798583984,88.5335693359375,180.24889758643445,-3.5539914192322324,68.6563976135645,1.07545692102045,1.07545692102045
SB86246_component_181a,182.211612,-1.748547,72.2770004272461,354.2990417480469,182.2117469144664,-1.7482989778551763,70.54971807831112,1.0244831927891997,1.0244831927891997
SB86246_component_191a,184.976603,3.875322,69.01200103759766,74.36637878417969,184.9765875782758,3.8752205159000717,86.28098313710326,0.7998518158739031,0.7998518158739031
SB86246_component_192a,180.487611,-2.24839,65.98600006103516,227.53793334960938,180.48804861329793,-2.2481405506059717,63.47287837715577,1.0395936303525801,1.0395936303525801
SB86246_component_195a,180.960124,-2.943036,65.2020034790039,172.49208068847656,180.96049411274265,-2.9427713406852294,61.145736262600835,1.0663376952234698,1.0663376952234698
SB86246_component_203a,179.761285,2.727695,64.12000274658203,128.4969940185547,179.76192366575498,2.7280922192091817,61.94109694826242,1.0351770618486074,1.0351770618486074
SB86246_component_206a,179.203617,-2.719314,64.572998046875,52.2012939453125,179.2038974008322,-2.7191657991337506,65.15399933947438,0.9910826457548344,0.9910826457548344
SB86246_component_207a,186.968852,-1.649346,65.90699768066406,60.40971755981445,186.9686480082136,-1.6493733378453976,52.447570029152715,1.2566263345285587,1.2566263345285587
SB86246_component_211a,181.782139,0.407748,62.696998596191406,324.85491943359375,181.78252832471392,0.4082204382838556,62.46775751455573,1.0036697504561816,1.0036697504561816
SB86246_component_212a,186.707456,-2.003636,62.047000885009766,96.49610900878906,186.7072971043937,-2.0036108925849287,58.24721652858653,1.065235466737855,1.065235466737855
SB86246_component_213a,181.082091,3.147248,62.62699890136719,200.72755432128906,181.08223141355506,3.1475329243231167,62.41287168676542,1.0034308181760394,1.0034308181760394
SB86246_component_215a,184.285831,1.005124,61.3120002746582,302.0295715332031,184.28629360380378,1.0054947476641303,58.75860491537404,1.0434556838604598,1.0434556838604598
SB86246_component_218a,181.693397,0.232335,59.96099853515625,348.6104431152344,181.69373252994782,0.23280165022448598,59.290216335038245,1.0113135394265984,1.0113135394265984
SB86246_component_219a,181.945294,0.958382,64.1719970703125,322.47235107421875,181.9457747020668,0.9588218812893151,62.48853377573409,1.0269403551797232,1.0269403551797232
SB86246_component_222a,185.455711,-0.719287,56.1150016784668,213.36502075195312,185.4560540268078,-0.7190085285508486,55.62457227407114,1.0088167761898326,1.0088167761898326
SB86246_component_225a,184.043935,1.012119,57.198001861572266,272.3714599609375,184.044321864277,1.0125524628983589,56.004010193538655,1.021319753066029,1.021319753066029
SB86246_component_226a,187.090563,-1.154094,62.27799987792969,62.465396881103516,187.09040290852164,-1.1540322958852602,66.81723936469004,0.9320648453913956,0.9320648453913956
SB86246_component_228a,185.411352,-3.138351,54.62300109863281,110.34949493408203,185.41173498140574,-3.1379590026352973,49.094637628120594,1.112606258801382,1.112606258801382
SB86246_component_229a,181.242859,-2.871485,57.92100143432617,212.94483947753906,181.24318211239415,-2.8711768080632245,57.32024132033346,1.0104807673546832,1.0104807673546832
SB86246_component_230a,180.547537,-0.347463,55.58700180053711,263.4455261230469,180.54800364402848,-0.3469972677494367,54.30085311230261,1.0236856073987373,1.0236856073987373
SB86246_component_231a,182.862596,0.032461,61.09700012207031,292.33013916015625,182.86316786846515,0.03270750109642736,60.19317129416728,1.0150154711650923,1.0150154711650923
SB86246_component_235a,184.748689,3.306635,60.433998107910156,154.56265258789062,184.74893873690655,3.306663544655146,63.35662587600854,0.9538702112417083,0.9538702112417083
SB86246_component_238a,181.00024,-3.663148,57.566001892089844,86.95771026611328,181.000699821524,-3.6627518716190304,45.57636891107536,1.2630668758278574,1.2630668758278574
SB86246_component_245a,186.376773,1.855178,55.108001708984375,84.52147674560547,186.37677990558717,1.8552144424881587,57.51353987474848,0.9581744025667204,0.9581744025667204
SB86246_component_248a,180.28122,2.851093,51.827999114990234,155.63963317871094,180.28164876765157,2.8514882630413623,49.878113661256776,1.0390930071448963,1.0390930071448963
SB86246_component_261a,182.892517,-2.447678,50.80799865722656,216.20425415039062,182.89255188828238,-2.447515066420098,52.78999342819294,0.9624551047981779,0.9624551047981779
SB86246_component_262a,183.295205,-0.067479,48.57600021362305,220.8000030517578,183.29573086521248,-0.06728720625141905,48.17883639572227,1.00824353279599,1.00824353279599
SB86246_component_263a,182.202777,1.305019,50.12900161743164,275.43408203125,182.20327697691923,1.305461738439245,44.858921782659884,1.1174811971697656,1.1174811971697656
SB86246_component_266a,180.051386,-2.902624,51.82099914550781,115.41425323486328,180.05178036068907,-2.902362180876289,45.830185532937726,1.1307176382313475,1.1307176382313475
SB86246_component_269a,185.80077,2.584303,53.09299850463867,120.66590881347656,185.80138768977983,2.5847267154553912,45.91992419719396,1.1562083220486465,1.1562083220486465
SB86246_component_270a,179.823555,3.703403,49.2869987487793,45.46771240234375,179.82355263835927,3.7033598843554714,53.69270105042412,0.9179459737459041,0.9179459737459041
SB86246_component_273a,186.035209,-2.386878,46.60599899291992,115.36138153076172,186.03530558042308,-2.386669820277137,43.70016414720611,1.0664948267911618,1.0664948267911618
SB86246_component_276a,180.296352,-3.538786,49.303001403808594,62.25126647949219,180.29681862560105,-3.5384549988940535,52.650915092848976,0.9364130009300619,0.9364130009300619
SB86246_component_281a,181.28153,-2.270203,50.784000396728516,228.7567596435547,181.28178207318538,-2.2700035245670076,51.244447516897395,0.9910146924695197,0.9910146924695197
SB86246_component_282a,181.257322,-0.537326,46.7400016784668,251.2903289794922,181.2575959470458,-0.5369027136263967,46.79585242964413,0.9988065021091067,0.9988065021091067
SB86246_component_283a,183.595945,2.714685,46.604000091552734,216.76278686523438,183.59639289883359,2.715102872765165,50.33205764611627,0.9259307540976084,0.9259307540976084
SB86246_component_290a,182.763876,-2.933963,46.16600036621094,218.7962188720703,182.76391354678495,-2.933731755084504,44.533471037327594,1.0366584793607256,1.0366584793607256
SB86246_component_291a,180.872163,-2.322425,48.60599899291992,201.6846466064453,180.8725393795425,-2.322206023134547,49.89076513608601,0.9742484177249706,0.9742484177249706
SB86246_component_292a,182.553973,-0.976516,44.689998626708984,222.3383026123047,182.55434073686456,-0.9762175663756721,41.8519630518832,1.0678112893129412,1.0678112893129412
SB86246_component_294a,184.575168,2.235989,43.875,198.52940368652344,184.57588798305386,2.236583617448734,43.90577160948235,0.9992991443185182,0.9992991443185182
SB86246_component_295a,181.881328,0.996106,48.527000427246094,246.3299560546875,181.88178917902204,0.9965496629314479,46.38098127264824,1.0462693780017847,1.0462693780017847
SB86246_component_297a,180.350097,-0.978493,43.28300094604492,210.1116485595703,180.35052816576783,-0.9782695979814601,43.48816991339668,0.9952821889778223,0.9952821889778223
SB86246_component_301a,179.136551,1.879277,42.452999114990234,39.56477355957031,179.13736840013112,1.879742017184483,52.662766097844006,0.8061293065410828,0.8061293065410828
SB86246_component_308a,186.240623,-1.352826,43.77299880981445,110.25943756103516,186.24061941583042,-1.3527035148123168,41.06083636744859,1.06605229416408,1.06605229416408
SB86246_component_309a,182.067121,0.37784,42.37699890136719,227.8333282470703,182.06750169163553,0.37830313210452593,40.36175672974915,1.0499294960105805,1.0499294960105805
SB86246_component_310a,183.051577,-2.699435,43.465999603271484,201.23147583007812,183.0516009081596,-2.6992815124853164,42.05047900517492,1.0336624131659087,1.0336624131659087
SB86246_component_311a,182.790961,2.739279,42.74399948120117,201.6226348876953,182.79135040376337,2.739757138938369,44.19824062798043,0.9670973069036909,0.9670973069036909
SB86246_component_316a,180.609889,-0.590796,41.823001861572266,199.15716552734375,180.61031148596248,-0.5903632791459374,41.93118855202851,0.9974198992637185,0.9974198992637185
SB86246_component_320a,186.588032,2.470079,43.941001892089844,42.86927032470703,186.5875837427098,2.4700303016552527,47.91279238893273,0.9171037566626921,0.9171037566626921
SB86246_component_321a,183.472909,1.933483,42.880001068115234,196.69725036621094,183.4733581533674,1.9339635065734022,45.40838682255538,0.9443189698783961,0.9443189698783961
SB86246_component_324a,183.510776,-0.546372,43.34299850463867,170.6417236328125,183.51121405484633,-0.5461850395938826,38.10171375038664,1.1375603414741116,1.1375603414741116
SB86246_component_325a,179.681473,1.700367,40.47999954223633,99.21569061279297,179.68211355837443,1.7007606438566545,41.09771209789992,0.9849696607394561,0.9849696607394561
SB86246_component_329a,185.478763,-1.271372,42.28499984741211,149.41696166992188,185.47899951804973,-1.2710618579019193,40.77093421007334,1.037135907397596,1.037135907397596
SB86246_component_332a,186.4716,-1.08543,40.874000549316406,89.24454498291016,186.47153282275488,-1.085327316991094,37.522237965506775,1.089327363332934,1.089327363332934
SB86246_component_335a,184.843519,-0.776546,39.08700180053711,150.91506958007812,184.84376310560202,-0.7762189902661705,35.583444386998984,1.0984603225992988,1.0984603225992988
SB86246_component_336a,180.730333,2.590731,39.29399871826172,147.1685333251953,180.73081397564232,2.591253629847153,44.04211972605456,0.8921913605129244,0.8921913605129244
SB86246_component_339a,182.915253,-2.87166,40.86600112915039,188.3225860595703,182.91528830545388,-2.8714472794199613,38.92551307984155,1.0498513159050373,1.0498513159050373
SB86246_component_346a,181.302175,-0.506913,38.479000091552734,197.32821655273438,181.30241230484816,-0.5064750953224249,38.250831335714324,1.0059650665847195,1.0059650665847195
SB86246_component_349a,185.80016,-1.283854,37.32699966430664,121.58631134033203,185.80033299128675,-1.2835972676629421,37.9865062734274,0.9826383978464979,0.9826383978464979
SB86246_component_356a,181.658167,-0.526294,36.900001525878906,205.0,181.65842529127028,-0.5258080086929211,36.6964869713293,1.005545886577879,1.005545886577879
SB86246_component_359a,180.112937,1.484245,35.305999755859375,130.2804412841797,180.1135198746787,1.484664208406854,35.63338509410674,0.9908123986148734,0.9908123986148734
SB86246_component_360a,181.736944,1.825667,38.481998443603516,184.1243896484375,181.73741334822418,1.826198841258076,42.070917882731266,0.9146935788486592,0.9146935788486592
SB86246_component_361a,184.195983,-2.343774,33.24800109863281,91.34066772460938,184.1960658746537,-2.3437115642206074,28.09672219847851,1.183340920117481,1.183340920117481
SB86246_component_364a,183.221895,-3.591207,39.263999938964844,88.23371124267578,183.22222139772902,-3.5905814838387893,38.4333606359632,1.0216124556702022,1.0216124556702022
SB86246_component_368a,186.436136,0.616017,36.86199951171875,71.85575103759766,186.4362580157244,0.6161528072797462,34.03188373214493,1.0831607148710558,1.0831607148710558
SB86246_component_369a,185.139032,-2.847229,35.19499969482422,80.53775787353516,185.13939065192173,-2.846922142306397,31.280115208383823,1.1251556926935842,1.1251556926935842
SB86246_component_370a,185.145325,2.573782,36.191001892089844,123.09864807128906,185.14591467828478,2.5744645419039185,35.165765854163595,1.0291543782148245,1.0291543782148245
SB86246_component_372a,185.915001,3.740791,37.33399963378906,27.573116302490234,185.9150621135378,3.7406881186029097,43.53960428207148,0.8574721853676165,0.8574721853676165
SB86246_component_374a,184.480927,-3.206349,33.4630012512207,44.4395751953125,184.4813357330015,-3.205951165179558,26.73045049177371,1.2518682115559159,1.2518682115559159
SB86246_component_375a,180.822531,2.817951,36.053001403808594,130.1552276611328,180.82274987357835,2.8184162344794297,36.07702421299996,0.9993341244264069,0.9993341244264069
SB86246_component_377a,179.598717,-0.788803,35.73899841308594,85.09285736083984,179.59917983792076,-0.7884255180947847,31.045295497014717,1.1511888626256614,1.1511888626256614
SB86246_component_381a,181.849802,1.628594,34.5369987487793,162.14553833007812,181.85029138062305,1.6290560669987861,36.645719495763146,0.9424565603841493,0.9424565603841493
SB86246_component_383a,183.556595,1.28641,33.84299850463867,170.9242401123047,183.55700108218295,1.2867761350462577,33.41978876569904,1.0126634474534442,1.0126634474534442
SB86246_component_386a,179.451384,-1.72576,36.13399887084961,61.55706787109375,179.45187818846648,-1.7256643450206015,36.16665439566966,0.9990970819566888,0.9990970819566888
SB86246_component_387a,183.372384,-3.457022,34.244998931884766,91.56416320800781,183.3727423921801,-3.4565004248449656,33.3328363218049,1.0273652863282796,1.0273652863282796
SB86246_component_388a,182.963889,-3.930459,37.21799850463867,49.55792236328125,182.96426896732012,-3.9298509953977354,34.68480598433555,1.0730346458171678,1.0730346458171678
SB86246_component_389a,186.076677,-3.365883,33.74599838256836,42.23529052734375,186.0769783810957,-3.3654136121370968,28.01423462652612,1.204601833048651,1.204601833048651
SB86246_component_391a,184.344492,-2.311282,32.345001220703125,89.10468292236328,184.34456054866612,-2.311169726868027,29.256985455212657,1.1055479817022735,1.1055479817022735
SB86246_component_392a,182.863288,3.353978,34.92100143432617,127.44891357421875,182.86340922161824,3.3541178952093786,38.66884763682456,0.9030784098430362,0.9030784098430362
SB86246_component_393a,183.702127,1.849006,33.59600067138672,164.686279296875,183.70252977668574,1.8494731845985326,32.58567438728859,1.0310052286194895,1.0310052286194895
SB86246_component_394a,181.004947,-3.36407,34.79199981689453,79.61556243896484,181.00543504822548,-3.363680086056585,34.5266367053412,1.0076857503908652,1.0076857503908652
SB86246_component_397a,184.329043,0.605028,32.55099868774414,180.8388671875,184.32950671688744,0.6054204106693531,28.88510196651662,1.1269130614625145,1.1269130614625145
SB86246_component_399a,185.764321,-1.915013,32.70899963378906,99.4194564819336,185.7643779916837,-1.9149417716322827,30.087993591619135,1.0871113600243518,1.0871113600243518
SB86246_component_402a,181.960617,-0.250866,34.70000076293945,186.55914306640625,181.9608848545289,-0.2504088098130232,33.78234206835889,1.0271638565710948,1.0271638565710948
SB86246_component_403a,182.015546,-0.685063,34.867000579833984,196.98870849609375,182.0158170027823,-0.6846709588762909,32.86596152984701,1.06088484732661,1.06088484732661
SB86246_component_404a,184.096752,1.116207,33.36600112915039,168.51515197753906,184.09710846743118,1.1165511283457243,32.26047242712005,1.0342688317577449,1.0342688317577449
SB86246_component_409a,184.55549,-2.984144,29.9689998626709,62.43541717529297,184.55581919414718,-2.9839215695378263,25.68287879893972,1.166886317429031,1.166886317429031
SB86246_component_412a,180.735662,2.162393,33.0989990234375,141.44871520996094,180.73608061299606,2.1629392456399867,31.943124167753904,1.0361854040829992,1.0361854040829992
SB86246_component_415a,185.767675,-0.741053,31.79199981689453,131.91700744628906,185.76788008111927,-0.7407343344471592,30.539903516442106,1.0409986986297557,1.0409986986297557
SB86246_component_416a,181.375859,2.86555,31.94099998474121,123.32432556152344,181.3761779707662,2.8659981699477513,32.06420006687396,0.9961577060436313,0.9961577060436313
SB86246_component_417a,185.839814,1.759855,32.10300064086914,69.03871154785156,185.8401237828891,1.7601669591487494,29.181037335264726,1.1001322630183978,1.1001322630183978
SB86246_component_418a,185.034882,-3.761391,33.4010009765625,30.227149963378906,185.03561954203016,-3.760774662868149,27.768687615488627,1.2028296561603553,1.2028296561603553
SB86246_component_421a,180.364524,-3.602139,33.525001525878906,40.10167694091797,180.36497213040226,-3.6016160481377772,33.792230028945994,0.9920920133759097,0.9920920133759097
SB86246_component_430a,180.919116,2.466,33.52299880981445,125.0858154296875,180.91950312007685,2.466526838872878,33.78092917709748,0.9923646159662803,0.9923646159662803
SB86246_component_431a,185.67811,1.911505,32.14899826049805,90.56056213378906,185.67852715368724,1.9122439001057492,21.157939961421242,1.5194767694358513,1.5194767694358513
SB86246_component_438a,184.578168,-1.027128,30.31599998474121,110.64234161376953,184.5782558638175,-1.0268609137990425,28.992344433088714,1.0456553472144123,1.0456553472144123
SB86246_component_441a,183.316638,-0.349487,29.16900062561035,121.53750610351562,183.31706428842247,-0.3492295307549159,29.24533595464939,0.9973898289574306,0.9973898289574306
SB86246_component_442a,184.79379,-3.438198,30.19700050354004,46.102291107177734,184.7943046483443,-3.4377423597846417,21.352671509878505,1.4142024565670779,1.4142024565670779
SB86246_component_443a,182.637919,-3.464065,31.368999481201172,82.76780700683594,182.63814790146122,-3.463481185978657,30.524418613607352,1.0276690238816644,1.0276690238816644
SB86246_component_446a,180.051421,2.035669,29.260000228881836,98.18791961669922,180.05202258329842,2.036193223983251,26.836223319812174,1.090317362476272,1.090317362476272
SB86246_component_447a,185.515871,2.083223,30.63599967956543,78.35294342041016,185.51658026619486,2.083781172657295,26.873413045037367,1.1400114912170745,1.1400114912170745
SB86246_component_456a,185.719404,0.373782,31.24799919128418,111.99999237060547,185.7199170621143,0.3741399360041827,26.940819244329315,1.159875611349921,1.159875611349921
SB86246_component_460a,185.238606,1.55377,28.97599983215332,103.48571014404297,185.23931156213465,1.5543429172177663,26.515428505398724,1.0927977206272041,1.0927977206272041
SB86246_component_463a,185.428402,-0.839717,30.325000762939453,121.78715515136719,185.428770410263,-0.8394812401049054,27.259495679209937,1.1124564122463751,1.1124564122463751
SB86246_component_466a,180.158368,1.714952,31.551000595092773,116.85555267333984,180.15897913144198,1.715453705542788,30.206182453929394,1.0445212877600307,1.0445212877600307
SB86246_component_473a,185.524059,1.959054,29.378999710083008,96.3245849609375,185.52476400510866,1.9593675583274202,16.29943339582901,1.802455275384053,1.802455275384053
SB86246_component_480a,185.405859,-2.90177,27.59000015258789,58.70212936401367,185.40628013914963,-2.9014903639738483,21.47064682210536,1.2850101993286145,1.2850101993286145
SB86246_component_483a,183.349761,1.070798,26.631999969482422,149.61798095703125,183.3501192432788,1.0711609128461097,26.67227731607175,0.9984899172233389,0.9984899172233389
SB86246_component_484a,179.915764,3.319983,27.350000381469727,38.46694564819336,179.91596881600898,3.3201460203800965,28.559871493508997,0.957637375493295,0.957637375493295
SB86246_component_486a,183.504324,0.659424,27.631000518798828,137.46766662597656,183.50471200624526,0.6597499269520697,29.951398378700805,0.9225278956740774,0.9225278956740774
SB86246_component_488a,180.403565,-0.735173,26.384000778198242,123.28971862792969,180.4039946034246,-0.7348077936028476,28.155110772922953,0.9370945470962947,0.9370945470962947
SB86246_component_490a,183.427739,-1.129462,27.576000213623047,112.0975570678711,183.4278805877426,-1.129335365508629,25.816261268648603,1.0681639733446406,1.0681639733446406
SB86246_component_492a,183.766215,-2.397503,26.240999221801758,75.1891098022461,183.76626398155508,-2.3974355517640435,25.32315038831627,1.036245444165153,1.036245444165153
SB86246_component_495a,186.235925,1.636047,28.628999710083008,56.69108963012695,186.23650478963313,1.6362681284417293,26.388042670718782,1.0849232005316893,1.0849232005316893
SB86246_component_499a,180.575306,3.341814,26.264999389648438,57.22222137451172,180.5753585544366,3.3419122468769906,26.74173414823096,0.9821726311412732,0.9821726311412732
SB86246_component_504a,180.030957,1.227535,28.75,100.877197265625,180.0315529434589,1.2279467414407894,28.105151132738857,1.0229441522735658,1.0229441522735658
SB86246_component_506a,180.2875,-1.031913,26.312000274658203,104.82868957519531,180.28795814882108,-1.0316667996988027,23.513952025480005,1.1189952350904773,1.1189952350904773
SB86246_component_509a,186.399311,-2.999077,26.04800033569336,36.84299850463867,186.3993519841585,-2.9989224129085525,24.786617954821892,1.050889652762251,1.050889652762251
SB86246_component_510a,183.063427,3.392667,29.156999588012695,98.83728790283203,183.06350003910023,3.3927345019584814,31.892911640665233,0.9142156701314126,0.9142156701314126
SB86246_component_519a,180.531585,-0.88949,25.395999908447266,123.28155517578125,180.5320284130756,-0.8891784717421506,25.40029493780399,0.9998309063195037,0.9998309063195037
SB86246_component_528a,185.708671,-3.42143,25.118999481201172,38.05908966064453,185.70908195823344,-3.4209646745949875,21.49456318010356,1.1686210727209645,1.1686210727209645
SB86246_component_532a,181.753526,-2.055429,25.756999969482422,119.79999542236328,181.75361795795607,-2.055216072095673,27.224193503846255,0.9461069972869335,0.9461069972869335
SB86246_component_537a,183.715887,3.036548,25.739999771118164,78.7155990600586,183.7161574881733,3.036904797825493,26.475212906236372,0.9722301332298248,0.9722301332298248
SB86246_component_540a,183.209323,2.661151,24.94700050354004,121.10194396972656,183.2097885259324,2.6616035031746024,26.706122834714417,0.9341303736951381,0.9341303736951381
SB86246_component_546a,183.509186,-1.345929,23.719999313354492,83.81625366210938,183.50928388640799,-1.3458404600701386,22.026968980911622,1.076861702302756,1.076861702302756
SB86246_component_549a,181.506003,1.212522,24.503000259399414,135.37570190429688,181.5064241301375,1.212948675840612,22.755028291590417,1.0768169542753325,1.0768169542753325
SB86246_component_553a,186.596239,-2.587691,24.48900032043457,41.157981872558594,186.59612899867835,-2.587702943049544,21.34142303733556,1.1474867574478287,1.1474867574478287
SB86246_component_555a,184.877592,-2.505086,22.67099952697754,49.608314514160156,184.87785960533802,-2.5049725521044905,19.1060614309553,1.1865867598565547,1.1865867598565547
SB86246_component_556a,184.629697,0.770772,23.8439998626709,112.4717025756836,184.63029415847208,0.7714552364582568,23.25884420522469,1.0251584151079511,1.0251584151079511
SB86246_component_565a,181.916202,1.571346,24.25200080871582,120.6567153930664,181.91668872320386,1.5718080056874513,23.45560784739095,1.0339532007231036,1.0339532007231036
SB86246_component_566a,182.878665,1.392181,24.93899917602539,115.45832824707031,182.87911395729006,1.392614855974609,24.243776480676168,1.0286763366220342,1.0286763366220342
SB86246_component_568a,184.977446,-3.356039,24.42099952697754,40.566444396972656,184.97797565100723,-3.3556208771333274,19.872737086289142,1.228869451698548,1.228869451698548
SB86246_component_573a,185.769717,-1.395698,25.773000717163086,86.19732666015625,185.77000776410844,-1.3955813011399105,23.789043981240045,1.083397917860322,1.083397917860322
SB86246_component_576a,181.203128,1.705522,23.365999221801758,112.33653259277344,181.20360635642243,1.706038009440865,23.2469141937435,1.0051226165789482,1.0051226165789482
SB86246_component_578a,184.421786,-2.766936,24.780000686645508,61.79551315307617,184.42177631624196,-2.766720275261076,20.46989985327916,1.2105579833931575,1.2105579833931575
SB86246_component_581a,180.196773,2.873748,23.121999740600586,60.84737014770508,180.19712749265094,2.8742723357710256,21.598083008017,1.070557962575564,1.070557962575564
SB86246_component_582a,181.609055,0.031602,24.20199966430664,121.61808776855469,181.60938084811283,0.032149241550436,22.51929006621878,1.074723030483634,1.074723030483634
SB86246_component_583a,181.014436,-1.518597,24.134000778198242,117.72683715820312,181.01473234659514,-1.5183773744838414,23.315876013449486,1.0350887422920259,1.0350887422920259
SB86246_component_587a,182.772801,-3.472339,24.631000518798828,72.23167419433594,182.77305810357788,-3.471727247140706,21.58398207002902,1.1411703567434306,1.1411703567434306
SB86246_component_588a,180.830379,-1.591265,22.208999633789062,98.26991271972656,180.83066269607158,-1.5907992331660772,19.530704104228004,1.1371325639499736,1.1371325639499736
SB86246_component_589a,180.793543,-3.332402,23.98699951171875,48.07013702392578,180.79395631210963,-3.3319631963897636,20.27039858759403,1.1833511515851183,1.1833511515851183
SB86246_component_592a,185.288611,-3.000381,22.297000885009766,43.805503845214844,185.28886523309018,-3.0002028394060307,19.726983812262212,1.1302792711347003,1.1302792711347003
SB86246_component_594a,182.995192,1.244026,23.070999145507812,128.8882598876953,182.9956880582745,1.244470832006616,21.96744071910121,1.0502360944325677,1.0502360944325677
SB86246_component_595a,184.054846,-0.609934,21.868000030517578,81.29368591308594,184.05509149708465,-0.6096945375746475,19.920464713553443,1.09776555642495,1.09776555642495
SB86246_component_601a,181.100229,-0.616323,23.5939998626709,120.37755584716797,181.10052905462655,-0.6158284238368712,22.862983548974693,1.0319737934522106,1.0319737934522106
SB86246_component_602a,186.714656,-3.144857,21.429000854492188,16.663297653198242,186.71455629761223,-3.144488077992143,18.07905563472377,1.1852942591389732,1.1852942591389732
SB86246_component_603a,184.332984,2.065164,22.025999069213867,101.03669738769531,184.33357973292195,2.06581795249666,22.141643133447563,0.9947770784879555,0.9947770784879555
SB86246_component_604a,180.453293,-3.012746,24.652999877929688,64.7060317993164,180.45372087296533,-3.012384178125525,20.890048187094262,1.1801313073638648,1.1801313073638648
SB86246_component_611a,179.203806,-1.036864,23.65399932861328,29.604503631591797,179.20429963417814,-1.0365822167496008,22.399486789803593,1.056006307224001,1.056006307224001
SB86246_component_617a,184.423212,-0.829723,21.091999053955078,88.25104522705078,184.42341084340646,-0.8293836902294834,19.450037035347066,1.0844194803137923,1.0844194803137923
SB86246_component_622a,186.364958,-1.329029,22.452999114990234,54.36561584472656,186.36501348229922,-1.3289645643940953,22.349493664535977,1.0046312212709543,1.0046312212709543
SB86246_component_624a,184.765153,3.365875,22.246000289916992,57.335052490234375,184.76527288164175,3.365970565809754,23.71692568258914,0.9379799299302958,0.9379799299302958
SB86246_component_627a,183.236187,0.535912,21.82900047302246,116.73262023925781,183.2367136025395,0.5362183387144638,20.612265863802417,1.059029638820872,1.059029638820872
SB86246_component_628a,179.4203,-1.838521,21.211999893188477,35.003299713134766,179.42075510110396,-1.8383496136173114,23.168120446305352,0.9155684399323459,0.9155684399323459
SB86246_component_629a,183.886768,-3.144349,20.354999542236328,49.525543212890625,183.88719990482383,-3.1440160574201137,16.324123391681564,1.2469275717805965,1.2469275717805965
SB86246_component_630a,183.757425,-1.383814,22.357999801635742,73.30491638183594,183.75752692558214,-1.383677630381558,20.21673842068195,1.1059152735914741,1.1059152735914741
SB86246_component_636a,185.624947,1.34003,22.750999450683594,61.823368072509766,185.62560721961626,1.3405489295288313,18.129240373896796,1.2549339620120759,1.2549339620120759
SB86246_component_637a,184.038261,-1.327492,20.64299964904785,71.1827621459961,184.0383285955732,-1.3273117366464187,14.749797787432472,1.3995445867492955,1.3995445867492955
SB86246_component_638a,184.497725,-1.406185,20.922000885009766,61.175437927246094,184.49790111668597,-1.4057979729674932,16.406029980016527,1.2752628704503128,1.2752628704503128
SB86246_component_639a,181.239149,3.390652,21.80500030517578,50.70930099487305,181.23913991826376,3.3907406091225556,24.51057554298231,0.8896160054233745,0.8896160054233745
SB86246_component_643a,182.582902,-0.406679,21.04800033569336,122.3720932006836,182.58339895014436,-0.406374230070383,18.968273036746588,1.1096424168356174,1.1096424168356174
SB86246_component_647a,184.374366,-0.787686,19.6200008392334,77.85714721679688,184.37465007536392,-0.787411295689742,18.188407516198588,1.0787091075323574,1.0787091075323574
SB86246_component_652a,183.000031,-1.003526,20.6299991607666,78.44105529785156,183.00037775507957,-1.0033508184369355,19.203709435352312,1.0742715739485527,1.0742715739485527
SB86246_component_657a,182.3649,0.901473,20.893999099731445,117.38201904296875,182.3654320397026,0.9018965222296859,20.11121903339353,1.0389225568593405,1.0389225568593405
SB86246_component_658a,185.374739,1.026443,20.110000610351562,67.03333282470703,185.37540096792858,1.0268405325655312,19.36293864939032,1.0385820548465543,1.0385820548465543
SB86246_component_659a,185.271793,-2.184732,19.902000427246094,62.0,185.27200772314197,-2.184585357962047,18.797035933057973,1.0587839752034969,1.0587839752034969
SB86246_component_660a,182.24461,-0.026085,21.94499969482422,118.62162017822266,182.24510746416456,-0.02570560323183482,19.474283068664803,1.1268707360085022,1.1268707360085022
SB86246_component_661a,183.134401,-4.156421,22.018999099731445,19.180313110351562,183.13474868875105,-4.155853185196837,24.92760784257741,0.8833177751666192,0.8833177751666192
SB86246_component_663a,184.424631,3.989814,21.94300079345703,22.928945541381836,184.42443229074013,3.9897040615010164,25.657734152275015,0.8552197424460177,0.8552197424460177
SB86246_component_671a,180.721048,-2.49554,21.764999389648438,69.98392486572266,180.7215403536204,-2.49525275033759,20.7214071462528,1.0503630007378315,1.0503630007378315
SB86246_component_675a,183.554278,1.217738,19.98200035095215,100.41206359863281,183.5546620194575,1.2181992159612418,19.81008109163149,1.0086783723158652,1.0086783723158652
SB86246_component_676a,184.4867,3.150229,20.672000885009766,74.09319305419922,184.4869751432602,3.1506899605551473,21.61111279001931,0.9565449537867733,0.9565449537867733
SB86246_component_678a,186.524098,-1.003523,19.533000946044922,44.49430465698242,186.5239059728686,-1.0034579867099043,18.27447445941098,1.0688679988816767,1.0688679988816767
SB86246_component_682a,184.674511,-3.487808,18.76799964904785,23.34328269958496,184.67489531492288,-3.4871621467573215,16.74600455563949,1.1207449267489553,1.1207449267489553
SB86246_component_685a,183.939077,0.448208,19.885000228881836,85.71121215820312,183.93952541650722,0.4486031368477223,19.74420698248275,1.0071308635755287,1.0071308635755287
SB86246_component_696a,181.141837,3.250926,20.43199920654297,57.71751022338867,181.1419692931137,3.251109928877948,19.55736039859129,1.0447217206272212,1.0447217206272212
SB86246_component_697a,181.107995,-2.398999,20.756999969482422,80.76654052734375,181.10832899004876,-2.3986600551985506,19.201607099759602,1.081003265072656,1.081003265072656
SB86246_component_699a,185.002836,-2.259807,18.802000045776367,53.720001220703125,185.00312893815772,-2.2596680800813806,17.423503087573724,1.0791170955274645,1.0791170955274645
SB86246_component_708a,185.741851,0.9848,19.472999572753906,58.12835693359375,185.74248554849325,0.985311826303015,17.27235107981714,1.1274087402906163,1.1274087402906163
SB86246_component_712a,183.686151,-1.847524,19.257999420166016,64.40802764892578,183.6861274013998,-1.8474563622030025,18.56593829816645,1.0372758495092012,1.0372758495092012
SB86246_component_714a,181.342297,-2.186147,18.617000579833984,78.8855972290039,181.3425691585723,-2.185935168807618,22.255870317990748,0.836498430024763,0.836498430024763
SB86246_component_720a,180.524084,-1.15132,18.27400016784668,84.21198272705078,180.52448068957537,-1.1509978715809843,18.382874434815637,0.9940774078964083,0.9940774078964083
SB86246_component_725a,180.952353,1.034248,18.141000747680664,86.3857192993164,180.95286956288626,1.0347104922557784,17.785207485446072,1.0200050104855816,1.0200050104855816
SB86246_component_726a,184.151655,-2.434857,16.972999572753906,50.067848205566406,184.15172965257642,-2.4346050284900143,13.816117251508077,1.2284927280058546,1.2284927280058546
SB86246_component_728a,180.977185,-2.474654,19.208999633789062,79.70539093017578,180.9775476694136,-2.4743487127156207,18.027960015307027,1.0655115508065942,1.0655115508065942
SB86246_component_731a,183.634591,3.202523,18.4689998626709,71.30887603759766,183.63480547550725,3.2027545326489495,20.171022745328557,0.9156203974311697,0.9156203974311697
SB86246_component_735a,186.235673,-2.325391,18.222000122070312,44.77149963378906,186.2355895542695,-2.3252794307088758,17.127603120652346,1.06389668149762,1.06389668149762
SB86246_component_736a,179.490731,-3.309713,16.99799919128418,11.886713027954102,179.4907938455604,-3.3095325448539343,18.007907416227983,0.9439186241021144,0.9439186241021144
SB86246_component_737a,183.971309,1.532727,19.073999404907227,99.8638687133789,183.97179051789567,1.533166005162059,19.43731726415184,0.9813082302301728,0.9813082302301728
SB86246_component_739a,186.011186,-3.785199,18.207000732421875,13.866718292236328,186.01157547174745,-3.7848248202817683,18.968277501568426,0.959865793344514,0.959865793344514
SB86246_component_740a,180.441931,1.082483,17.351999282836914,74.47209930419922,180.44244263645052,1.0829386044962266,12.177305048615995,1.4249457670282346,1.4249457670282346
SB86246_component_745a,185.747255,-1.81623,16.844999313354492,47.991451263427734,185.7473459006493,-1.815961678981614,15.045876920790796,1.1195757749471964,1.1195757749471964
SB86246_component_746a,181.539006,-3.575785,17.816999435424805,32.160648345947266,181.53930225226992,-3.575353793063133,17.030272249557537,1.046195807931826,1.046195807931826
SB86246_component_751a,186.887292,-2.526396,18.753000259399414,16.864208221435547,186.88729811998817,-2.5264249032430333,21.18589889591341,0.8851642477637197,0.8851642477637197
SB86246_component_757a,181.331333,0.636708,16.94499969482422,75.98654174804688,181.3317206040241,0.6372527712271899,16.75363636509959,1.0114221966834178,1.0114221966834178
SB86246_component_758a,180.611483,-1.487669,17.4689998626709,72.48548126220703,180.6118128503185,-1.4873831315909378,18.038475717175288,0.9684299347997478,0.9684299347997478
SB86246_component_759a,183.730552,4.143206,17.336999893188477,19.768529891967773,183.73040695693138,4.143266802475501,18.96440433189933,0.914186366720021,0.914186366720021
SB86246_component_760a,181.065078,0.064674,17.333999633789062,90.28125,181.0655415944332,0.06507368305498712,18.030016507351085,0.9613967700318939,0.9613967700318939
SB86246_component_763a,183.60954,1.128235,17.138999938964844,89.73298645019531,183.61009482775472,1.1287024726343922,17.07195116559749,1.003927422982703,1.003927422982703
SB86246_component_770a,179.451923,1.500404,17.979999542236328,35.25490188598633,179.45256055920856,1.500668159061862,18.654685437745176,0.9638328988306758,0.9638328988306758
SB86246_component_772a,181.220431,-1.077556,16.78700065612793,81.09661865234375,181.22083539741308,-1.0771485480006864,18.024953547803648,0.9313200509286992,0.9313200509286992
SB86246_component_778a,182.783988,-1.604451,17.347000122070312,83.0,182.7840223189562,-1.6039767634741302,16.402596636620405,1.0575764622133934,1.0575764622133934
SB86246_component_783a,184.09584,0.610767,16.530000686645508,78.71429443359375,184.0963024801592,0.6112675392297939,13.90963989902278,1.1883845165399876,1.1883845165399876
SB86246_component_785a,184.313231,4.090482,16.584999084472656,15.631479263305664,184.3130147454085,4.090447464155607,23.34417846971802,0.7104554613471044,0.7104554613471044
SB86246_component_787a,182.238222,0.383422,16.14299964904785,91.20338439941406,182.2386669241635,0.3837865133486998,15.370877910986334,1.0502327676098218,1.0502327676098218
SB86246_component_792a,182.353426,1.758782,16.886999130249023,87.04638671875,182.3538561114288,1.7592464369828582,15.394131946855106,1.0969763796067045,1.0969763796067045
SB86246_component_798a,180.29341,1.721147,16.981000900268555,65.0613021850586,180.29386276238108,1.7216338120032666,16.3388366467364,1.03930293615246,1.03930293615246
SB86246_component_799a,183.393333,2.108065,15.678000450134277,82.95238494873047,183.39385130684167,2.1085800767635825,16.590940914284232,0.9449735570232822,0.9449735570232822
SB86246_component_803a,184.559506,3.870133,15.942999839782715,22.5821533203125,184.55952095290837,3.8701279866910268,21.655669897136388,0.7362044173886728,0.7362044173886728
SB86246_component_804a,181.011885,3.880461,16.652000427246094,16.341510772705078,181.01177553966266,3.880322843348557,15.961082343044373,1.0432876711837036,1.0432876711837036
SB86246_component_813a,181.007454,0.898737,14.942000389099121,80.33333587646484,181.00790952067408,0.8993104424005697,17.246818665398578,0.8663627002165044,0.8663627002165044
SB86246_component_815a,185.487735,0.652312,16.38599967956543,62.54198455810547,185.48838954705857,0.6527614336622097,15.667938579025483,1.0458299665216462,1.0458299665216462
SB86246_component_817a,181.236394,-3.678075,16.479000091552734,25.910377502441406,181.23669211960606,-3.6773959169816135,17.229230508098173,0.9564559533757,0.9564559533757
SB86246_component_818a,185.419065,0.668906,16.871999740600586,67.21912384033203,185.41966097327236,0.6692762895709043,15.526216764827979,1.0866781004127968,1.0866781004127968
SB86246_component_820a,180.551435,-0.751874,15.74899959564209,79.14070129394531,180.5516860986407,-0.7514605572520486,15.748109627998115,1.0000565126650116,1.0000565126650116
SB86246_component_824a,181.009781,-2.35273,15.758000373840332,63.28514099121094,181.00998933582935,-2.352558353766289,17.417285697240633,0.9047334152839225,0.9047334152839225
SB86246_component_831a,179.592576,2.139189,14.333000183105469,28.159135818481445,179.5933222411762,2.1398886005272875,14.478134424917188,0.9899756254810053,0.9899756254810053
SB86246_component_833a,185.676337,3.141886,15.505999565124512,35.64597702026367,185.67675392694667,3.1422323595471022,14.250125818813482,1.0881307128287236,1.0881307128287236
SB86246_component_834a,179.872129,-1.54331,15.885000228881836,47.84638977050781,179.87252750363143,-1.5427163895477531,11.949174733386476,1.3293805290585052,1.3293805290585052
SB86246_component_835a,179.54011,1.529216,16.143999099731445,32.09542465209961,179.54088156724004,1.5295878481117835,15.483847425567193,1.0426348604465192,1.0426348604465192
SB86246_component_837a,181.93698,3.38165,16.6200008392334,48.17391586303711,181.93706291857484,3.381829580583743,17.794743611743858,0.9339837202411181,0.9339837202411181
SB86246_component_840a,184.129078,0.136331,14.937000274658203,74.31343078613281,184.12947519630856,0.1368211432228039,14.046510329350532,1.0633958132253654,1.0633958132253654
SB86246_component_842a,179.02965,2.086084,16.36400032043457,14.985347747802734,179.03072679110699,2.0867850690226843,19.473559762243756,0.8403189000997062,0.8403189000997062
SB86246_component_844a,181.665938,-1.919397,15.621999740600586,76.9556655883789,181.66606649704818,-1.9190987653133074,15.136062724374035,1.032104585259417,1.032104585259417
SB86246_component_846a,180.088534,1.97367,15.729000091552734,56.57913589477539,180.08909767711424,1.974279114772022,14.075774041063683,1.117451874807456,1.117451874807456
SB86246_component_851a,181.808799,4.102319,15.373000144958496,12.832221031188965,181.808722254479,4.102162561628827,22.63278694916933,0.6792358439764625,0.6792358439764625
SB86246_component_854a,181.22896,-2.091945,14.972000122070312,67.44144439697266,181.22928876660802,-2.091718526334216,15.615986807108413,0.9587610637103665,0.9587610637103665
SB86246_component_855a,184.20461,-0.741764,14.444999694824219,59.93775939941406,184.20492853049166,-0.741563925642466,12.082528688174198,1.1955278623887973,1.1955278623887973
SB86246_component_859a,182.316523,3.511245,14.51200008392334,43.97575759887695,182.31654988541533,3.5112723458276736,19.111789934940614,0.7593218706005223,0.7593218706005223
SB86246_component_867a,184.714605,1.129401,15.505000114440918,77.5250015258789,184.71514813674645,1.1299042829885424,12.931648167835949,1.198996439835527,1.198996439835527
SB86246_component_868a,180.632303,2.800532,13.644000053405762,44.012901306152344,180.63261837532625,2.801070910565086,13.353834664238295,1.0217289936908185,1.0217289936908185
SB86246_component_870a,180.469488,1.115479,14.217000007629395,61.280174255371094,180.46997056205726,1.1159515659009482,15.271434059127973,0.930953828735663,0.930953828735663
SB86246_component_872a,184.477754,0.631373,14.631999969482422,76.20833587646484,184.47813940771644,0.6319446359933039,12.104616401843598,1.208795015367351,1.208795015367351
SB86246_component_876a,180.879608,-1.686606,14.649999618530273,67.20183563232422,180.8801047315886,-1.68649886572483,14.335005088459736,1.0219737996691833,1.0219737996691833
SB86246_component_877a,183.276685,2.441522,14.079999923706055,81.38728332519531,183.27722238176992,2.4419986556820157,14.548348302827415,0.9678074535079464,0.9678074535079464
SB86246_component_881a,186.779115,0.374476,14.96399974822998,20.72576141357422,186.77880350848656,0.3745939376105012,15.648410930219857,0.956263215157,0.956263215157
SB86246_component_882a,184.836946,-2.00723,14.088000297546387,40.022727966308594,184.8370918311113,-2.007029320771615,10.281439528401426,1.370236167671825,1.370236167671825
SB86246_component_887a,180.463853,0.594991,13.92199993133545,54.81101989746094,180.46441200562856,0.5955630572009952,12.67681934243697,1.0982250007089798,1.0982250007089798
SB86246_component_888a,185.335606,1.93652,14.362000465393066,47.55629348754883,185.3364700018625,1.937182057227202,12.270750393101249,1.1704256060385305,1.1704256060385305
SB86246_component_890a,181.439996,3.341656,13.79699993133545,37.088706970214844,181.43993629173892,3.341831249516875,14.502168980353698,0.9513749253664364,0.9513749253664364
SB86246_component_893a,183.725323,-0.317853,14.89900016784668,60.31983947753906,183.7257123040286,-0.31778391986740395,12.853523800139609,1.1591374007246833,1.1591374007246833
SB86246_component_895a,182.775833,0.4203,13.604999542236328,70.12886047363281,182.77628616990967,0.42070027001296445,12.849910196251836,1.0587622274749238,1.0587622274749238
SB86246_component_896a,184.419581,-3.047087,12.767000198364258,24.318096160888672,184.41975838621653,-3.04671835779455,13.344359970177551,0.9567337981661468,0.9567337981661468
SB86246_component_898a,182.325914,2.515403,13.880000114440918,70.10101318359375,182.32637899932942,2.515960829430282,13.88303354485667,0.9997815008941705,0.9997815008941705
SB86246_component_900a,183.842737,1.257957,13.345999717712402,74.55865478515625,183.84322066325862,1.258380535091462,12.894107708647475,1.0350463963289112,1.0350463963289112
SB86246_component_910a,180.762701,-3.833621,14.852999687194824,15.018199920654297,180.7632134444941,-3.833288326779472,13.37923666722136,1.1101529972621031,1.1101529972621031
SB86246_component_912a,182.697732,-3.128829,13.569999694824219,47.61403274536133,182.6978636393224,-3.128436909367652,15.441497990947495,0.8788007292284444,0.8788007292284444
SB86246_component_922a,185.916679,-2.540389,13.425999641418457,35.23884201049805,185.91668058282977,-2.539922404499431,10.191687814806986,1.3173480080416615,1.3173480080416615
SB86246_component_923a,183.049187,-2.01683,13.001999855041504,62.509613037109375,183.04917572274525,-2.016673616036958,11.908387447843241,1.0918354741133596,1.0918354741133596
SB86246_component_924a,183.53556,0.006029,12.725000381469727,52.582645416259766,183.53607499025742,0.006243374828187183,12.165106285657638,1.046024595483575,1.046024595483575
SB86246_component_930a,185.050752,-0.051853,13.440999984741211,57.68669509887695,185.0515505403534,-0.05173208565054321,12.223306706890664,1.0996206106130098,1.0996206106130098
SB86246_component_932a,181.098332,0.403786,13.354000091552734,69.19171142578125,181.09878841674342,0.4044314744427085,13.18682925441838,1.0126771063694742,1.0126771063694742
SB86246_component_936a,181.22561,0.683808,13.125,66.6243667602539,181.22600045387338,0.6843389991262385,13.834559429584045,0.9487110931724568,0.9487110931724568
SB86246_component_937a,186.444357,2.234344,14.54800033569336,20.8424072265625,186.44448633489674,2.2343760796971273,11.880083626648084,1.224570532741108,1.224570532741108
SB86246_component_938a,185.040187,-2.803411,11.836999893188477,26.84126853942871,185.04057052529825,-2.8031163365855885,11.247563832958852,1.0524056648162685,1.0524056648162685
SB86246_component_939a,182.622872,3.417289,13.237000465393066,45.02381134033203,182.62295508701493,3.4173976737982117,14.425848877726693,0.9175890152177324,0.9175890152177324
SB86246_component_940a,186.627094,-3.300199,13.670999526977539,11.373543739318848,186.6272124177252,-3.2997417067167865,11.103848841954367,1.2311946714659467,1.2311946714659467
SB86246_component_942a,183.327944,-1.874243,13.916999816894531,61.579647064208984,183.3278871596006,-1.874141508547363,11.737832068021474,1.1856533417963933,1.1856533417963933
SB86246_component_944a,182.168581,-3.121229,12.890000343322754,50.155643463134766,182.16886086107272,-3.120738836179542,13.714778846796452,0.9398620632029839,0.9398620632029839
SB86246_component_948a,181.621863,0.947477,12.484999656677246,66.05819702148438,181.6223138891022,0.9479535720835364,11.1327826596555,1.1214626242477628,1.1214626242477628
SB86246_component_949a,184.321935,0.700914,13.395999908447266,65.99015045166016,184.32235403911073,0.7012696957053246,10.673566465160775,1.2550631461538833,1.2550631461538833
SB86246_component_951a,182.931343,1.503136,12.038999557495117,60.80302810668945,182.93168676449685,1.5037006322211877,12.82041601725624,0.9390490559191418,0.9390490559191418
SB86246_component_954a,180.635807,-3.863937,12.574999809265137,10.906331062316895,180.6359771025298,-3.8635627125081227,12.081639833197821,1.0408355142910042,1.0408355142910042
SB86246_component_959a,185.566678,-2.849824,12.446000099182129,32.49608612060547,185.56701203881784,-2.849442878445617,10.376349727747131,1.1994584247580435,1.1994584247580435
SB86246_component_962a,183.660148,-0.203309,12.335000038146973,47.810081481933594,183.66054668072508,-0.2029891542681246,10.896842555147506,1.1319792844322691,1.1319792844322691
SB86246_component_963a,183.36308,1.690896,12.78499984741211,65.2295913696289,183.36337759462972,1.6912976605992418,12.311499892596398,1.0384599731102182,1.0384599731102182
SB86246_component_964a,181.741315,1.382109,12.717000007629395,61.43478012084961,181.74194108437277,1.3826182106975229,12.262693531826901,1.0370478536891894,1.0370478536891894
SB86246_component_965a,185.246709,-2.498661,12.86299991607666,36.75143051147461,185.24711168962128,-2.498527591671721,11.777932961135281,1.0921271125011387,1.0921271125011387
SB86246_component_972a,183.827336,2.822249,12.552000045776367,51.442623138427734,183.82775535805087,2.822734649706218,13.921794380990669,0.9016079179358755,0.9016079179358755
SB86246_component_973a,179.633678,0.708888,12.065999984741211,31.340259552001953,179.6344509160467,0.7092491775177177,12.272684543869753,0.9831589772889762,0.9831589772889762
SB86246_component_974a,179.178455,2.41412,12.697999954223633,11.34763240814209,179.17937109503828,2.414791046035391,14.805618809632076,0.8576473646587949,0.8576473646587949
SB86246_component_980a,183.638453,1.813374,12.743000030517578,58.99536895751953,183.63891560388194,1.813876039460334,12.73628918920525,1.000526907108706,1.000526907108706
SB86246_component_981a,185.652389,-3.003998,11.472999572753906,26.49653434753418,185.65271106878592,-3.0036700667624476,9.895629662308917,1.159400661127505,1.159400661127505
SB86246_component_982a,181.451192,0.611821,12.402999877929688,57.957942962646484,181.45161557066297,0.6122692512007016,12.691472747978628,0.9772703392445227,0.9772703392445227
SB86246_component_986a,181.339389,0.990463,13.10099983215332,70.43547821044922,181.33983944772058,0.9909619176961737,13.551700375526291,0.9667421407732041,0.9667421407732041
SB86246_component_987a,182.824296,-3.013739,12.656000137329102,55.26637649536133,182.82439105249009,-3.013508531088367,11.210867564800623,1.1289046154702462,1.1289046154702462
SB86246_component_988a,183.657103,-0.75439,12.567999839782715,43.33793258666992,183.65745709577857,-0.7543622420343976,12.466726628444128,1.0081234805540311,1.0081234805540311
SB86246_component_989a,184.978017,3.70961,12.958000183105469,20.899999618530273,184.97796382241665,3.7096018892782663,12.192586342596458,1.0627769875071487,1.0627769875071487
SB86246_component_990a,181.324734,-3.446389,11.805000305175781,24.542619705200195,181.3250221089488,-3.4457217853482254,10.882980124721689,1.0847212959949857,1.0847212959949857
SB86246_component_991a,179.096578,-1.528821,12.666000366210938,12.120574951171875,179.09701291625024,-1.528521247041905,14.006699809433385,0.904281560862788,0.904281560862788
SB86246_component_992a,184.176252,2.809624,13.119999885559082,61.02325439453125,184.1768324611229,2.810098465444098,13.51696828168187,0.9706318467388314,0.9706318467388314
SB86246_component_993a,183.595085,-0.048049,11.28499984741211,43.0725212097168,183.5957981102703,-0.0478858698915387,12.062049831652581,0.9355789442851264,0.9355789442851264
SB86246_component_994a,186.724472,-2.374679,12.510000228881836,16.997282028198242,186.72420476035313,-2.3746431304380593,12.145148889965848,1.0300409111672089,1.0300409111672089
SB86246_component_996a,184.258084,2.893113,12.593999862670898,49.195308685302734,184.25861966469773,2.893594462003291,11.30425129251047,1.114094117052665,1.114094117052665
SB86246_component_999a,182.355024,-0.964201,11.958000183105469,64.98912811279297,182.35548957115256,-0.9639079275841353,11.884923938775039,1.0061486505683066,1.0061486505683066
SB86246_component_1006a,182.599048,3.08969,12.064000129699707,56.63850021362305,182.59916889569058,3.0900942092517636,12.632572030524756,0.9549915963707803,0.9549915963707803
SB86246_component_1009a,183.165798,-1.951282,12.710000038146973,59.67136001586914,183.16582827535635,-1.9511162960210036,11.14905332102211,1.1400071084225256,1.1400071084225256
SB86246_component_1010a,184.580968,0.690881,11.664999961853027,55.02358627319336,184.58152868945973,0.6912540249166422,10.79306937559115,1.0807861559969005,1.0807861559969005
SB86246_component_1014a,182.609794,0.55278,11.178000450134277,55.06404495239258,182.61044036426082,0.553199900338742,10.852258760728203,1.030016026763466,1.030016026763466
SB86246_component_1017a,184.861848,-2.610602,12.314000129699707,35.692752838134766,184.86208342066425,-2.610265173605843,8.245368037259436,1.4934445708250748,1.4934445708250748
SB86246_component_1018a,184.567194,-2.164515,11.052000045776367,28.050762176513672,184.56719913172313,-2.1644912732505373,9.550509992613,1.157215693646174,1.157215693646174
SB86246_component_1019a,182.982266,-1.040675,12.177000045776367,42.726318359375,182.98273888143223,-1.0403834866759425,9.312912584578253,1.307539390624251,1.307539390624251
SB86246_component_1021a,179.676838,-0.467042,11.95199966430664,34.74418258666992,179.67737673122772,-0.46661164249720494,11.247267703544656,1.0626580587692318,1.0626580587692318
SB86246_component_1023a,180.323757,3.59331,12.128999710083008,15.550000190734863,180.32344566382147,3.5932028138449064,11.877067798832309,1.0212116252527805,1.0212116252527805
SB86246_component_1024a,183.159412,1.630599,12.274999618530273,56.30733871459961,183.15970620811567,1.6312218939102254,12.744676714215856,0.963147194219396,0.963147194219396
SB86246_component_1026a,180.200373,1.35978,12.085000038146973,47.95634841918945,180.2008684909567,1.3602348042132189,10.588851226567998,1.1412947240041542,1.1412947240041542
SB86246_component_1028a,180.582425,0.114327,11.522000312805176,55.66183853149414,180.58273431670915,0.11490049011639279,11.92335738836116,0.9663385854769594,0.9663385854769594
SB86246_component_1029a,181.166194,1.835344,11.791999816894531,55.10280227661133,181.16672678816235,1.8358277210742704,11.971589393994085,0.9849986855388099,0.9849986855388099
SB86246_component_1030a,186.182352,-1.35048,11.96500015258789,32.33783721923828,186.18235338035427,-1.3502481882926438,8.20602777407064,1.4580745376459523,1.4580745376459523
SB86246_component_1032a,186.455213,-2.685086,12.369000434875488,23.604963302612305,186.45516689503677,-2.6849578219916914,9.511045436012115,1.3004879976750154,1.3004879976750154
SB86246_component_1033a,181.576563,-0.766126,11.416000366210938,62.725276947021484,181.57678625263247,-0.7657356804193495,10.265517870937591,1.1120725237379834,1.1120725237379834
SB86246_component_1034a,181.703308,1.391573,11.916999816894531,60.186866760253906,181.7038463299782,1.3920622669340539,10.57566476556007,1.1268322210536168,1.1268322210536168
SB86246_component_1039a,187.265761,-0.076008,11.854000091552734,10.53688907623291,187.2652796897014,-0.07609296726940841,12.763827820245279,0.9287182699809358,0.9287182699809358
SB86246_component_1042a,186.390905,0.093954,11.9399995803833,34.70930099487305,186.39126788691087,0.09404366474988063,11.834281159328306,1.008933235541025,1.008933235541025
SB86246_component_1047a,179.849029,0.690031,11.25100040435791,37.62876510620117,179.84963867174793,0.6903891328418842,14.337221447703826,0.7847406448590366,0.7847406448590366
SB86246_component_1054a,185.4815,2.18832,11.62600040435791,38.8829460144043,185.48225091300668,2.1887207942621725,14.11441999662363,0.8236966454972301,0.8236966454972301
SB86246_component_1056a,180.572548,-0.999056,11.031999588012695,50.374427795410156,180.5730081375698,-0.998799388797295,11.114786285271181,0.9925516609016414,0.9925516609016414
SB86246_component_1058a,183.143409,3.349705,11.781000137329102,42.99635314941406,183.14350504629093,3.349966189071012,12.81183006896351,0.9195407739498841,0.9195407739498841
SB86246_component_1061a,186.917812,-2.430567,10.288000106811523,10.076395988464355,186.91760637251105,-2.430446328514688,12.779794990418514,0.8050207467744841,0.8050207467744841
SB86246_component_1063a,184.580459,-1.681016,11.52400016784668,33.89411926269531,184.58057897863756,-1.6807510606266785,9.053041009706305,1.272942446133969,1.272942446133969
SB86246_component_1066a,182.852727,-2.355901,12.067000389099121,60.034828186035156,182.85276246903754,-2.355898519077993,9.171120108275188,1.3157608063829578,1.3157608063829578
SB86246_component_1067a,186.470259,-1.775011,11.229000091552734,23.24844741821289,186.46988814609244,-1.7750543944790809,11.448713390015941,0.9808089091779683,0.9808089091779683
SB86246_component_1075a,184.686202,2.806742,12.017999649047852,46.581398010253906,184.68663341655684,2.8070804328084775,11.20554251673987,1.0725049350439086,1.0725049350439086
SB86246_component_1076a,182.133964,-1.474199,11.232999801635742,55.33497619628906,182.13411799808668,-1.4738090102951777,10.81731980400625,1.0384272634220857,1.0384272634220857
SB86246_component_1077a,185.93533,-2.257093,10.720999717712402,31.718935012817383,185.9353752261763,-2.2568564253554775,8.602222414103755,1.2463058035019892,1.2463058035019892
SB86246_component_1081a,180.01791,0.431739,10.251999855041504,39.1297721862793,180.0185242925504,0.43205004727156576,10.81184113313613,0.9482196166961032,0.9482196166961032
SB86246_component_1082a,186.588025,-2.257701,11.864999771118164,21.651460647583008,186.58798058720453,-2.2576121593990406,11.638426084063815,1.0194677257403895,1.0194677257403895
SB86246_component_1086a,180.902151,0.610374,11.083000183105469,58.026180267333984,180.9027061428915,0.6107814454362043,11.262615415706847,0.9840520850644614,0.9840520850644614
SB86246_component_1090a,183.872098,2.639235,10.901000022888184,50.235023498535156,183.8726447946007,2.6397937026337654,10.278083466239545,1.0606062948111614,1.0606062948111614
SB86246_component_1091a,184.323664,-0.096732,10.343000411987305,51.974876403808594,184.32400375510028,-0.09619732598745623,8.0543146607473,1.2841564860128838,1.2841564860128838
SB86246_component_1092a,185.281103,0.245337,11.222999572753906,45.99589920043945,185.28166262449295,0.24565101860869987,10.287032697376505,1.0909851171772886,1.0909851171772886
SB86246_component_1093a,184.635994,-1.83461,10.765999794006348,30.58522605895996,184.63615656813485,-1.8344612221981973,10.0337258087016,1.0729812633179285,1.0729812633179285
SB86246_component_1097a,186.260304,-1.925255,10.265000343322754,29.412607192993164,186.26041179436143,-1.9251558329361815,9.7111585459102,1.0570314854601772,1.0570314854601772
SB86246_component_1099a,182.123475,-3.187629,10.965999603271484,39.164283752441406,182.1236296836812,-3.187173427986871,7.724747251059465,1.4195933209034737,1.4195933209034737
SB86246_component_1100a,181.590767,-1.237439,10.980999946594238,57.19270706176758,181.59118883884784,-1.2370315819669864,10.526206650186896,1.0432058111265816,1.0432058111265816
SB86246_component_1104a,184.677957,2.640073,10.534000396728516,42.64777755737305,184.6785268293659,2.6404751774661075,10.05881644825887,1.0472405427531086,1.0472405427531086
SB86246_component_1105a,182.476028,2.444579,10.647000312805176,51.936588287353516,182.47644745592504,2.445122093997705,10.052978897058397,1.0590890940714692,1.0590890940714692
SB86246_component_1110a,187.000285,-0.820605,11.739999771118164,16.104251861572266,186.9999163247507,-0.8206236925015664,10.266543326713734,1.1435202090435317,1.1435202090435317
SB86246_component_1116a,185.306723,-0.506691,11.015000343322754,47.683982849121094,185.3072110852522,-0.5064586834749815,9.991681812936434,1.1024170454528894,1.1024170454528894
SB86246_component_1117a,181.108163,-0.659539,10.300000190734863,52.82051467895508,181.10858568951645,-0.6592462454300431,11.326144208946957,0.9094004103001353,0.9094004103001353
SB86246_component_1119a,185.467122,0.288499,10.28600025177002,43.21848678588867,185.4676931607449,0.28887242231756033,10.06333936165007,1.0221259446907334,1.0221259446907334
SB86246_component_1120a,179.987511,-0.41741,9.71399974822998,35.84501647949219,179.9880431197145,-0.4170787753290192,11.077606551499583,0.876904203364669,0.876904203364669
SB86246_component_1125a,184.714781,-1.931245,10.569000244140625,24.751758575439453,184.71474567344598,-1.9309622848081371,8.815922240008383,1.1988536146764577,1.1988536146764577
SB86246_component_1127a,183.024339,-1.775462,10.845999717712402,50.446510314941406,183.0243015554848,-1.7752632326539477,10.34969319084027,1.0479537429487644,1.0479537429487644
SB86246_component_1128a,181.959659,3.522547,9.871000289916992,25.181123733520508,181.95963021081687,3.5224912813893954,11.510763319814574,0.8575452396736452,0.8575452396736452
SB86246_component_1130a,183.243458,3.24768,10.77400016784668,37.93661880493164,183.24352848163946,3.2478356687867924,11.62742700111939,0.9266022626338097,0.9266022626338097
SB86246_component_1136a,184.729889,-1.53953,10.180000305175781,32.01258087158203,184.7299948480065,-1.539268434979993,9.523362729179645,1.0689501801694683,1.0689501801694683
SB86246_component_1140a,178.964905,0.502262,10.244000434875488,25.482587814331055,178.96526775540244,0.5025837508066782,8.454425343108868,1.2116731793279467,1.2116731793279467
SB86246_component_1143a,181.997003,2.683666,10.506999969482422,45.48484802246094,181.99738085419608,2.6841880448496918,11.383283569236285,0.9230201378693534,0.9230201378693534
SB86246_component_1147a,179.396784,-1.704383,11.168999671936035,16.522188186645508,179.39711513000123,-1.7038834419190594,10.344449368750004,1.07970944356661,1.07970944356661
SB86246_component_1148a,184.116643,-2.943396,10.312000274658203,18.283687591552734,184.11669173723507,-2.9430757302504964,7.684261105142723,1.3419638054408192,1.3419638054408192
SB86246_component_1149a,184.792468,0.629815,10.633999824523926,46.234779357910156,184.79304451583445,0.6302093386803232,9.016872483513156,1.1793445946992813,1.1793445946992813
SB86246_component_1151a,183.933369,-1.458835,10.489999771118164,36.67831802368164,183.93339877480813,-1.4585973330878412,9.687993818689415,1.08278349134385,1.08278349134385
SB86246_component_1152a,181.434364,-0.312788,10.946999549865723,56.42782974243164,181.43473395473163,-0.3123275733033548,9.709099056467876,1.1274990074978377,1.1274990074978377
SB86246_component_1154a,186.178131,1.263917,9.503000259399414,23.234718322753906,186.17858942188536,1.2643751250165587,7.8554286188644955,1.2097366955354087,1.2097366955354087
SB86246_component_1163a,182.08741,1.001965,9.704000473022461,48.52000045776367,182.0879930227768,1.0024945074048373,8.12718377853698,1.1940176003709533,1.1940176003709533
SB86246_component_1165a,183.670963,-1.593307,9.906000137329102,34.395835876464844,183.67116822440013,-1.5929545860824148,7.575781455209515,1.307587896495774,1.307587896495774
SB86246_component_1166a,183.590044,-1.548443,9.645000457763672,35.59040832519531,183.59028545231706,-1.5482326723834599,9.018752144640226,1.0694384658852856,1.0694384658852856
SB86246_component_1169a,179.325796,1.032584,10.12600040435791,18.179534912109375,179.32653791164367,1.0331679424973443,9.482094832360238,1.0679075229030792,1.0679075229030792
SB86246_component_1171a,181.504102,-2.432313,10.137999534606934,46.50458526611328,181.50417570260328,-2.432117747951586,9.248748999271921,1.096148196410673,1.096148196410673
SB86246_component_1175a,183.64973,-2.521423,9.888999938964844,32.85382080078125,183.64972179276944,-2.521250371145437,8.553825724916761,1.1560908834229349,1.1560908834229349
SB86246_component_1177a,181.424704,0.9512,9.96399974822998,47.90384292602539,181.42514565981364,0.9517138593388479,10.054207641520183,0.9910278465985051,0.9910278465985051
SB86246_component_1182a,180.052344,1.165144,9.565999984741211,33.21527862548828,180.05291079954688,1.1656831607362423,8.203523936239456,1.1660842412469783,1.1660842412469783
SB86246_component_1183a,184.399727,-1.500199,9.996000289916992,32.8815803527832,184.39985730980592,-1.4999482329879816,7.811111233257223,1.2797155220831073,1.2797155220831073
SB86246_component_1185a,183.501294,1.488451,10.13599967956543,49.686275482177734,183.50165261316295,1.4889205238480672,8.295626810845597,1.221848560775872,1.221848560775872
SB86246_component_1186a,180.561161,1.082296,9.567000389099121,41.2370719909668,180.5617891596153,1.0826194908831717,10.066988755203539,0.9503338706079334,0.9503338706079334
SB86246_component_1187a,182.857849,-1.483997,10.043000221252441,48.283653259277344,182.85809779852713,-1.483754464870883,9.374704607337947,1.0712871116377782,1.0712871116377782
SB86246_component_1189a,182.653541,-3.086701,10.654000282287598,38.6014518737793,182.65371914166795,-3.086287220490642,9.095442176377464,1.1713559468233437,1.1713559468233437
SB86246_component_1190a,182.602659,1.673947,10.168999671936035,51.358585357666016,182.60325865655244,1.6743544791890863,10.131365017324862,1.0037146677221496,1.0037146677221496
SB86246_component_1191a,179.822491,-0.475194,10.00100040435791,29.328447341918945,179.82300505232098,-0.4748984906972503,9.559028857938127,1.0462360301436642,1.0462360301436642
SB86246_component_1194a,182.091418,-0.75681,9.583999633789062,51.80540466308594,182.09180454423208,-0.7564193923946945,8.555209761162752,1.1202530272602558,1.1202530272602558
SB86246_component_1196a,185.548299,1.620565,10.01099967956543,33.03960418701172,185.54914736319242,1.6207721976993805,9.007607649427042,1.1113938427593715,1.1113938427593715
SB86246_component_1197a,181.449492,-3.424039,10.732000350952148,25.13349151611328,181.44979104380647,-3.423528767036819,8.762513421393024,1.2247627860689798,1.2247627860689798
SB86246_component_1198a,185.904416,0.306714,10.359999656677246,35.238094329833984,185.90484289750822,0.3069484740348813,7.828863455812799,1.323308257341635,1.323308257341635
SB86246_component_1199a,183.710466,-3.234702,10.26200008392334,28.584959030151367,183.7110065947143,-3.2344138410272016,8.63735745289006,1.1880948704386056,1.1880948704386056
SB86246_component_1201a,181.930858,0.416047,9.755000114440918,55.74285888671875,181.93168184178762,0.4164626806719799,9.252418904683093,1.0543188991911558,1.0543188991911558
SB86246_component_1203a,179.080608,-0.485705,10.093999862670898,12.161445617675781,179.0813212072585,-0.48565517805856906,11.543891578479707,0.8744018249000434,0.8744018249000434
SB86246_component_1206a,183.03471,-1.468322,9.229999542236328,41.390132904052734,183.03476852017167,-1.468034534923795,10.364765727115497,0.8905169480183733,0.8905169480183733
SB86246_component_1207a,185.315562,0.206971,9.112000465393066,37.34426498413086,185.31615058477362,0.20732718542847245,11.947892450768899,0.7626450022829482,0.7626450022829482
SB86246_component_1208a,182.521554,-1.397646,9.829000473022461,44.47511672973633,182.521793072055,-1.3973671134225751,8.71110877864495,1.1283294380524775,1.1283294380524775
SB86246_component_1212a,183.834028,-0.579871,8.998000144958496,34.60769271850586,183.83427652715608,-0.579632097012447,6.939506956235938,1.296633925393326,1.296633925393326
SB86246_component_1216a,181.341179,1.917377,10.163999557495117,49.10144805908203,181.3417167797474,1.9179134845000234,10.383249107048012,0.9788843022745095,0.9788843022745095
SB86246_component_1221a,183.607813,-0.213323,9.560999870300293,38.70850372314453,183.6081495452496,-0.21301350224371182,8.036771140313647,1.1896568539000554,1.1896568539000554
SB86246_component_1223a,183.406055,3.371468,9.687000274658203,35.22545623779297,183.4060812420015,3.3716028075308317,10.641420413130483,0.9103108324435131,0.9103108324435131
SB86246_component_1227a,182.278767,-3.834978,10.472999572753906,15.631341934204102,182.27924085477954,-3.8346683207259815,10.469791127680484,1.000306447858825,1.000306447858825
SB86246_component_1232a,180.454758,3.651161,8.472999572753906,11.061357498168945,180.4548217422505,3.651084240999416,11.32997430928153,0.7478392573064189,0.7478392573064189
SB86246_component_1233a,183.832453,-1.194737,10.041000366210938,31.37812614440918,183.8328833939267,-1.1947838934854622,8.530504814002624,1.1770698903690753,1.1770698903690753
SB86246_component_1234a,185.108898,-2.586728,10.067000389099121,27.281845092773438,185.10940872674794,-2.5864222079531003,7.181944446022567,1.4017095878086787,1.4017095878086787
SB86246_component_1238a,183.929374,2.627737,9.359999656677246,46.567161560058594,183.92977843091572,2.6282124816281196,10.738395079786727,0.871638600287292,0.871638600287292
SB86246_component_1241a,179.876039,3.394664,10.234999656677246,12.52754020690918,179.87605607561798,3.3948256690759084,7.141419514040431,1.4331884069483194,1.4331884069483194
SB86246_component_1243a,185.758754,1.097967,9.604999542236328,30.785253524780273,185.7589967841947,1.0982246751896723,9.26795729850875,1.0363664001539812,1.0363664001539812
SB86246_component_1245a,179.815936,3.008608,8.807999610900879,14.115384101867676,179.816202196512,3.009013198204613,7.664927270226071,1.1491302265991485,1.1491302265991485
SB86246_component_1246a,183.72788,1.041815,9.37600040435791,47.11558151245117,183.72855086267776,1.0422843382539844,8.034628844890738,1.166948789466505,1.166948789466505
SB86246_component_1249a,181.32334,-2.493074,9.41100025177002,42.01339340209961,181.32325605818474,-2.4929486277896897,9.595538304063862,0.9807683481169902,0.9807683481169902
SB86246_component_1250a,186.202123,-1.249945,9.081999778747559,23.22762107849121,186.2021630421645,-1.249982793221485,6.664261928371494,1.362791540362951,1.362791540362951
SB86246_component_1252a,182.229066,-0.949841,8.494999885559082,47.99435043334961,182.2293096562742,-0.9495132877196752,6.981108840573075,1.2168553849479493,1.2168553849479493
SB86246_component_1260a,180.225,-2.962866,8.968999862670898,22.20049476623535,180.22528588208004,-2.96248225840517,7.2246524502840135,1.241443782159834,1.241443782159834
SB86246_component_1264a,180.614887,-1.055745,8.984999656677246,42.78571319580078,180.61532540691027,-1.0553637676914367,7.944719053807456,1.1309398854540038,1.1309398854540038
SB86246_component_1268a,185.018085,-2.667607,9.494999885559082,17.138988494873047,185.01823071551627,-2.667234409084255,7.472465681061688,1.270664903771098,1.270664903771098
SB86246_component_1269a,186.406475,-0.753949,9.390000343322754,24.07692527770996,186.40637984108227,-0.753869040118882,9.5475263618937,0.9835008553420006,0.9835008553420006
SB86246_component_1270a,180.858114,1.126455,8.428999900817871,39.387847900390625,180.85866253398004,1.1270372370082438,8.689555915901382,0.9700150367170424,0.9700150367170424
SB86246_component_1273a,184.30636,-0.492024,9.093000411987305,34.57414627075195,184.30670646243757,-0.49185998607459647,8.942681304207092,1.016809176427823,1.016809176427823
SB86246_component_1275a,179.935672,1.404404,8.621999740600586,29.12837791442871,179.9362190086515,1.4048159749828715,8.281675280099721,1.041093673561271,1.041093673561271
SB86246_component_1276a,184.09707,0.876453,8.144000053405762,41.9793815612793,184.09737627830827,0.8768433597259465,8.964676143522935,0.9084544631642807,0.9084544631642807
SB86246_component_1278a,183.207977,2.121027,9.175000190734863,49.59459686279297,183.2085873898671,2.121418171678102,9.146712609446672,1.0030926500586643,1.0030926500586643
SB86246_component_1281a,186.733703,-0.931536,8.569000244140625,16.137475967407227,186.73357628504849,-0.9315214917281011,12.36560286368579,0.6929706815431788,0.6929706815431788
SB86246_component_1285a,180.792322,-1.231372,9.217000007629395,39.38888931274414,180.79273737763833,-1.2311012222357602,8.112175721388548,1.1361933375441893,1.1361933375441893
SB86246_component_1286a,185.325524,-1.781908,8.812000274658203,25.394813537597656,185.32570169183643,-1.7817693970175206,8.332238069961178,1.0575790322682486,1.0575790322682486
SB86246_component_1293a,184.369749,1.82418,9.130000114440918,41.8807373046875,184.3701005038388,1.8246230721255516,7.819200292360625,1.1676386040860147,1.1676386040860147
SB86246_component_1298a,184.401785,1.562347,8.817000389099121,44.08500289916992,184.40227861626866,1.56293099352855,8.243832568005912,1.0695268634297181,1.0695268634297181
SB86246_component_1304a,186.141273,-1.303334,9.590999603271484,23.44987678527832,186.14116768514137,-1.303219795551816,8.804753848737693,1.0892978688605262,1.0892978688605262
SB86246_component_1306a,184.932051,0.60547,8.66100025177002,41.24285888671875,184.93273797971273,0.605821436859864,8.442723287215458,1.0258538574733453,1.0258538574733453
SB86246_component_1307a,183.494058,-3.223908,8.11299991607666,27.50169563293457,183.4942344467493,-3.2235022140110186,7.469063374095325,1.0862138275884332,1.0862138275884332
SB86246_component_1313a,185.127996,2.326872,9.20199966430664,31.84082794189453,185.1286341949856,2.327367271705291,7.809719166638689,1.1782753602223561,1.1782753602223561
SB86246_component_1314a,183.548246,1.867103,8.428000450134277,43.220516204833984,183.54854563770473,1.8677349056734212,8.3421155894852,1.0102953333273554,1.0102953333273554
SB86246_component_1316a,181.86307,-2.91555,8.623000144958496,34.91093444824219,181.8632494283046,-2.9152862564057225,8.48802756587988,1.0159015245922596,1.0159015245922596
SB86246_component_1317a,182.51189,1.793107,9.258000373840332,52.30508804321289,182.5123110877127,1.7934916688329898,12.139184945312975,0.7626541992355848,0.7626541992355848
SB86246_component_1322a,180.630916,-2.758028,8.032999992370605,22.37604522705078,180.63135840546084,-2.7578692184143465,7.8115565807489595,1.0283481799475636,1.0283481799475636
SB86246_component_1323a,180.444411,-0.707187,8.100000381469727,38.38862991333008,180.44479145405555,-0.7067966122450837,9.528472787398782,0.8500838027455794,0.8500838027455794
SB86246_component_1325a,180.581989,1.519009,8.595000267028809,37.369564056396484,180.5823457135252,1.5193892539525766,8.74365747397485,0.9829982810524642,0.9829982810524642
SB86246_component_1332a,179.707903,-0.962656,8.619999885559082,23.172042846679688,179.70839975692485,-0.9623533627653669,8.244202074559107,1.0455832847862445,1.0455832847862445
SB86246_component_1335a,183.686305,1.116779,8.020999908447266,41.345359802246094,183.6867323531656,1.117322969338524,6.464994951815971,1.2406815424030957,1.2406815424030957
SB86246_component_1340a,184.694386,-0.412264,8.91100025177002,35.36111068725586,184.6948412174173,-0.41195170449451457,8.413068426846463,1.0591855194395703,1.0591855194395703
SB86246_component_1342a,181.615511,1.675132,7.993000030517578,39.76616668701172,181.61608521988617,1.675592860122066,11.042633362387315,0.7238309711289341,0.7238309711289341
SB86246_component_1345a,180.211607,-0.50766,9.031000137329102,35.140079498291016,180.21195297304223,-0.5071388142215756,8.543497118933374,1.0570612960488235,1.0570612960488235
SB86246_component_1346a,184.272288,-1.90472,7.909999847412109,26.279069900512695,184.27236863249863,-1.9044507336732988,7.417916757630772,1.0663371005444533,1.0663371005444533
SB86246_component_1348a,179.661325,-2.69922,8.697999954223633,15.286467552185059,179.6616852646006,-2.6991176655414284,8.150845691766309,1.0671285266766908,1.0671285266766908
SB86246_component_1351a,185.744884,0.454056,8.70300006866455,33.99609375,185.7454766587836,0.45439739177357685,5.413075338689968,1.607773682080469,1.607773682080469
SB86246_component_1352a,179.526172,-1.901324,8.097999572753906,14.59099006652832,179.52653875563527,-1.9010555820655024,5.445114638576333,1.487204606379268,1.487204606379268
SB86246_component_1355a,179.750439,2.318576,8.944000244140625,19.614036560058594,179.7509914644661,2.3190975559220317,7.0755441721404715,1.2640724199499858,1.2640724199499858
SB86246_component_1356a,183.478512,2.798116,8.538999557495117,37.95111083984375,183.47899577308277,2.7985144163439215,8.643139910409346,0.9879510971714334,0.9879510971714334
SB86246_component_1358a,182.185106,-0.826898,8.741000175476074,50.235633850097656,182.18532347819533,-0.8264968044470763,7.850034220111442,1.1134983530494704,1.1134983530494704
SB86246_component_1360a,184.173538,-0.568535,8.326000213623047,31.41887092590332,184.17396489852584,-0.5680278305469653,4.981656909447687,1.6713315198067595,1.6713315198067595
SB86246_component_1365a,182.905722,-1.522104,7.942999839782715,33.94444274902344,182.9059750480546,-1.5218470861185838,7.646178971075147,1.0388195031571215,1.0388195031571215
SB86246_component_1370a,182.058432,-3.266898,8.420000076293945,27.161291122436523,182.05858123757446,-3.266366543974108,7.386122690921643,1.1399756582222837,1.1399756582222837
SB86246_component_1372a,182.761151,-2.052029,8.755000114440918,42.70731735229492,182.76111355473637,-2.051760863552472,7.127325682372312,1.2283709913936245,1.2283709913936245
SB86246_component_1373a,185.929208,-1.103498,8.010000228881836,27.716262817382812,185.92934266342334,-1.1034140782009525,7.115359124679317,1.1257337948128991,1.1257337948128991
SB86246_component_1375a,185.739127,0.136983,8.343000411987305,34.4752082824707,185.739632541417,0.13719536308635732,7.358119202698193,1.1338495860366002,1.1338495860366002
SB86246_component_1376a,183.476063,3.409459,8.984999656677246,30.050167083740234,183.47594390596498,3.4096144759386062,10.309841167718373,0.8714973888065899,0.8714973888065899
SB86246_component_1378a,181.211048,-2.833207,7.966000080108643,29.835206985473633,181.21141728213584,-2.8331287003679875,7.631821689902617,1.0437874997326215,1.0437874997326215
SB86246_component_1382a,185.794993,0.359247,8.02400016784668,32.35483932495117,185.79546290613095,0.35963824501925207,8.351978568665505,0.960730454691381,0.960730454691381
SB86246_component_1384a,185.536645,0.328931,7.98199987411499,31.800798416137695,185.53674602804765,0.32919531701211774,8.253901111363556,0.9670578513626453,0.9670578513626453
SB86246_component_1391a,183.89733,-0.215135,8.5600004196167,39.086761474609375,183.8980265438693,-0.21484330697235934,7.232190189562277,1.1835972499687244,1.1835972499687244
SB86246_component_1393a,185.327878,-2.989924,8.366999626159668,17.577730178833008,185.3284023397104,-2.9898198599256665,5.346899356080202,1.5648320772384041,1.5648320772384041
SB86246_component_1396a,184.501156,-1.244798,8.104000091552734,29.576642990112305,184.50132510102137,-1.2446231345652852,6.73996881223703,1.2023794645517025,1.2023794645517025
SB86246_component_1401a,179.946244,2.137734,8.008000373840332,27.331058502197266,179.94686750074612,2.138247710409784,7.660770632982158,1.045325693392155,1.045325693392155
SB86246_component_1403a,183.963744,1.653947,7.931000232696533,40.05555725097656,183.9641393527976,1.6545017616856692,7.000855501252981,1.1328615811706269,1.1328615811706269
SB86246_component_1405a,181.93961,-0.710053,8.473999977111816,46.56044006347656,181.9398135868468,-0.7096075449180621,7.67358412047716,1.104307953632609,1.104307953632609
SB86246_component_1406a,180.038539,0.547154,7.265999794006348,28.60629653930664,180.03920539230288,0.5478750167840323,6.301155521093276,1.153121799594254,1.153121799594254
SB86246_component_1407a,180.677153,-1.74575,8.01099967956543,34.9825325012207,180.67773436178376,-1.7453478166408056,7.587122627847157,1.055867958448768,1.055867958448768
SB86246_component_1411a,182.263732,3.569669,6.985000133514404,18.049097061157227,182.26382747316447,3.569468438108142,10.081359072047547,0.6928629447275242,0.6928629447275242
SB86246_component_1413a,184.595879,-0.982394,8.4399995803833,33.359683990478516,184.59630751646867,-0.9820621168868048,6.286092979621981,1.3426463158823412,1.3426463158823412
SB86246_component_1415a,184.257199,-2.141825,7.993000030517578,25.536741256713867,184.257272523413,-2.141834134410689,7.009908962340892,1.1402430578568303,1.1402430578568303
SB86246_component_1421a,182.873163,-0.910431,8.425999641418457,37.61606979370117,182.87358318101613,-0.910031111788511,6.408661371166644,1.3147830964088798,1.3147830964088798
SB86246_component_1426a,179.350941,2.202569,7.7210001945495605,10.267288208007812,179.3519135305542,2.2030171993661303,5.953094920081398,1.296972465280965,1.296972465280965
SB86246_component_1427a,185.63663,0.012695,7.705999851226807,32.79148864746094,185.63704524436707,0.013009247736541038,6.174955989808828,1.2479440928720495,1.2479440928720495
SB86246_component_1429a,180.315295,3.344903,6.739999771118164,12.741021156311035,180.31533318107878,3.3449309400385063,7.683145651624575,0.877244826107522,0.877244826107522
SB86246_component_1435a,185.574389,-0.128757,7.705999851226807,33.94713592529297,185.57444924825072,-0.12850904910597158,8.124626366673015,0.9484743671212498,0.9484743671212498
SB86246_component_1436a,179.471614,-2.371641,8.215999603271484,12.392156600952148,179.47202563623674,-2.371497878873901,7.864669307986242,1.044671973038775,1.044671973038775
SB86246_component_1437a,181.917642,-1.264905,8.112000465393066,41.387760162353516,181.91773449107296,-1.264334229823527,6.7424384103682575,1.2031256307686475,1.2031256307686475
SB86246_component_1438a,183.465882,0.222153,7.611000061035156,33.091304779052734,183.46640305297225,0.22245144851416018,6.9898164040759525,1.088869810170833,1.088869810170833
SB86246_component_1440a,181.6108,0.158652,7.942999839782715,39.51741027832031,181.61115116173565,0.15924665043165911,7.206375480036146,1.10221842614047,1.10221842614047
SB86246_component_1445a,184.289914,1.799891,8.03499984741211,39.58127975463867,184.29052950095874,1.8004330835182043,6.6950699408393435,1.2001368049046524,1.2001368049046524
SB86246_component_1449a,185.180821,3.614725,8.001999855041504,13.314475059509277,185.18093450673103,3.6145002208417947,8.104108431529841,0.9874003935965276,0.9874003935965276
SB86246_component_1452a,181.878617,0.96898,7.603000164031982,35.528038024902344,181.8790788004301,0.9693386100532777,7.013448840460933,1.084060116068702,1.084060116068702
SB86246_component_1455a,185.217708,-1.248198,7.998000144958496,24.090362548828125,185.21785395584183,-1.2480694804679509,4.859882244856143,1.6457189170424527,1.6457189170424527
SB86246_component_1456a,183.883403,-3.359926,7.702000141143799,16.599138259887695,183.88354587718396,-3.3596022127567675,4.850549840417991,1.587861251721534,1.587861251721534
SB86246_component_1462a,181.032142,-2.370678,7.693999767303467,30.5317440032959,181.03251359139512,-2.370382377140307,7.507963791239176,1.024778486049889,1.024778486049889
SB86246_component_1463a,180.350829,-2.023198,7.97599983215332,30.212120056152344,180.35105870110317,-2.022963298906136,8.150738763200028,0.9785615836645826,0.9785615836645826
SB86246_component_1464a,185.102545,-1.795529,7.716000080108643,20.19895362854004,185.10272076705564,-1.795497900520534,6.400716591186963,1.2054900369644035,1.2054900369644035
SB86246_component_1466a,181.317891,1.585585,8.043999671936035,44.19779968261719,181.31818730755975,1.5860509502485243,6.9653519503294525,1.1548590407632688,1.1548590407632688
SB86246_component_1468a,180.20461,0.437178,8.130000114440918,30.56390953063965,180.20520908582412,0.4376314972953074,7.673537362859712,1.059485310359015,1.059485310359015
SB86246_component_1472a,183.581381,3.998828,7.835000038146973,10.942737579345703,183.58117674439126,3.998774584626111,8.420667259350417,0.9304488346154384,0.9304488346154384
SB86246_component_1473a,184.051771,-1.657489,7.440000057220459,29.879518508911133,184.05176479573882,-1.657118456436743,6.649872089368534,1.1188185212036093,1.1188185212036093
SB86246_component_1477a,183.16626,-1.731518,8.01099967956543,33.24066162109375,183.16648276152986,-1.7313271506250338,5.659925632260668,1.4153895651744992,1.4153895651744992
SB86246_component_1478a,181.383641,0.095935,7.28000020980835,38.93048095703125,181.38400161398152,0.09656646006936195,7.567142862085331,0.962054019923994,0.962054019923994
SB86246_component_1479a,184.52451,-2.005771,7.558000087738037,13.167247772216797,184.52472445653675,-2.005587237076263,7.896727391034338,0.9571053568746872,0.9571053568746872
SB86246_component_1484a,185.062746,-1.589734,7.697000026702881,25.48675537109375,185.0629781416394,-1.5896170199351665,5.9980883218161765,1.2832421954687534,1.2832421954687534
SB86246_component_1489a,184.099938,1.168924,7.073999881744385,37.62765884399414,184.10052449410242,1.1691047032579998,6.281979263922927,1.126078196782659,1.126078196782659
SB86246_component_1490a,181.942245,2.680419,8.029999732971191,32.775508880615234,181.94243995310467,2.6808879396930236,7.097611125763553,1.1313665387813612,1.1313665387813612
SB86246_component_1491a,181.622891,-1.079685,7.4720001220703125,37.73737335205078,181.6229700015373,-1.079110627645894,7.763442855934298,0.9624596021027952,0.9624596021027952
SB86246_component_1492a,180.73138,1.270114,7.558000087738037,34.0450439453125,180.7317367375036,1.2705265904648035,6.987720428704656,1.0816116879391375,1.0816116879391375
SB86246_component_1499a,186.510317,-0.824227,6.685999870300293,15.37011432647705,186.51012246678775,-0.8239946443586313,6.007178817455263,1.1130016391176099,1.1130016391176099
SB86246_component_1505a,185.991229,-0.361209,7.663000106811523,32.88841247558594,185.9915266258687,-0.3610325829476173,6.9554486813873675,1.1017262088810387,1.1017262088810387
SB86246_component_1506a,186.129829,-1.490202,7.99399995803833,19.355932235717773,186.12973031907322,-1.4899628139250864,4.304919928360053,1.8569450979506654,1.8569450979506654
SB86246_component_1510a,182.557705,-3.423483,7.507999897003174,22.345237731933594,182.55788444871234,-3.4229394050591995,8.018944255089776,0.9362828395069218,0.9362828395069218
SB86246_component_1513a,180.201395,1.100972,7.136000156402588,30.109704971313477,180.20209313216492,1.101591207190279,5.164198249712986,1.381821497034741,1.381821497034741
SB86246_component_1518a,186.887109,-0.81285,7.684999942779541,13.025424003601074,186.88629539954806,-0.8129413868607575,7.740807705515818,0.9927904470877748,0.9927904470877748
SB86246_component_1520a,183.701868,2.236859,7.163000106811523,37.30729293823242,183.70244421396578,2.2373378448003263,7.5998680180808496,0.9425163818332143,0.9425163818332143
SB86246_component_1521a,181.717845,-3.517228,6.826000213623047,15.691954612731934,181.71814023173403,-3.5166997922816194,6.026180571657806,1.1327241413453382,1.1327241413453382
SB86246_component_1522a,180.582448,1.145807,7.107999801635742,32.45661926269531,180.5829974431857,1.1463031411764861,7.473818073956265,0.9510533613876319,0.9510533613876319
SB86246_component_1524a,182.762258,1.350904,7.5370001792907715,38.651283264160156,182.7627675169594,1.3514067507422376,7.413414112941931,1.0166706006795292,1.0166706006795292
SB86246_component_1528a,179.534829,-0.348545,7.230999946594238,17.382211685180664,179.53509450503972,-0.3480469370758619,6.244445897926108,1.1579890457527675,1.1579890457527675
SB86246_component_1537a,182.443219,-1.296291,7.840000152587891,38.431373596191406,182.44328447339652,-1.2959532139545458,6.440110027948121,1.2173705291624943,1.2173705291624943
SB86246_component_1541a,185.005596,-0.209873,7.013999938964844,29.9743595123291,185.00613765936717,-0.20951735511654282,6.390127476914784,1.0976306754918248,1.0976306754918248
SB86246_component_1543a,185.258859,2.718387,7.254000186920166,22.883281707763672,185.2596918360194,2.718753133615363,5.606001175823631,1.2939705075702934,1.2939705075702934
SB86246_component_1544a,184.145232,2.954053,7.110000133514404,30.64655303955078,184.14557489506836,2.954467167953097,6.261435446848193,1.1355223884154795,1.1355223884154795
SB86246_component_1551a,185.951559,-0.880591,7.572000026702881,24.584415435791016,185.95191368362268,-0.880406287233691,6.174218404575919,1.2263900514259456,1.2263900514259456
SB86246_component_1555a,185.366062,0.840632,7.309000015258789,27.896947860717773,185.36681744103262,0.8409320959309158,7.741340652177521,0.9441517101050034,0.9441517101050034
SB86246_component_1556a,183.965056,0.890792,7.159999847412109,37.291664123535156,183.96561572380264,0.8913593848512696,5.138641561963944,1.393364328115468,1.393364328115468
SB86246_component_1557a,184.484256,-2.694564,6.185999870300293,19.63809585571289,184.48434229912075,-2.6943703545370994,6.017392414990736,1.0280200199158553,1.0280200199158553
SB86246_component_1565a,180.316702,-0.306705,7.0370001792907715,31.137168884277344,180.3171129103178,-0.3062543315104988,7.319778114928337,0.9613679634549503,0.9613679634549503
SB86246_component_1567a,185.007831,0.464721,7.35699987411499,32.409690856933594,185.0083486189502,0.46489855605340286,6.725983205287398,1.0938177586187756,1.0938177586187756
SB86246_component_1574a,179.915168,-1.902381,7.079999923706055,21.651376724243164,179.91575697896968,-1.9020240111402194,6.440198523468504,1.0993449810446174,1.0993449810446174
SB86246_component_1575a,186.39478,-0.615593,7.4710001945495605,18.089590072631836,186.39495494268604,-0.6156057924693185,5.321015606377956,1.4040553058319465,1.4040553058319465
SB86246_component_1576a,182.12747,1.93557,7.164000034332275,36.365482330322266,182.12785734472095,1.9361146657195498,6.718819176146904,1.066258794367595,1.066258794367595
SB86246_component_1581a,180.124629,-2.511194,7.125,23.208467483520508,180.12502782501352,-2.5111993085530675,5.7038520687157925,1.2491558185877312,1.2491558185877312
SB86246_component_1584a,183.56836,-1.325407,7.460999965667725,25.121212005615234,183.56870489302258,-1.3249961380226858,4.357670004117715,1.7121535037342352,1.7121535037342352
SB86246_component_1586a,182.96343,-3.075909,6.940000057220459,29.65812110900879,182.96361578622938,-3.0758437689470495,5.711789374095638,1.2150308078051788,1.2150308078051788
SB86246_component_1587a,185.967787,0.197558,7.0980000495910645,25.350000381469727,185.96818861881462,0.19781847429191976,7.350133012393651,0.9656968163191816,0.9656968163191816
SB86246_component_1589a,182.61392,2.273719,6.955999851226807,38.64444351196289,182.61443879236674,2.2744726175921093,7.624056944818351,0.9123751175487237,0.9123751175487237
SB86246_component_1591a,182.996434,-1.081951,6.816999912261963,26.525291442871094,182.99669346331282,-1.0818759499158188,6.2851845869100575,1.084614114032466,1.084614114032466
SB86246_component_1595a,180.986871,-2.236185,6.710000038146973,27.613168716430664,180.98703645341303,-2.236031153986958,6.420589232103639,1.0450754277498782,1.0450754277498782
SB86246_component_1596a,184.700224,0.126018,6.926000118255615,32.980953216552734,184.7006896459463,0.12639897663556804,6.372698762397821,1.0868237110347276,1.0868237110347276
SB86246_component_1599a,179.855271,0.259645,6.840000152587891,24.872726440429688,179.8557798769068,0.26000505884181047,6.517822322347269,1.0494302873424441,1.0494302873424441
SB86246_component_1600a,180.733167,1.819416,6.7870001792907715,30.990869522094727,180.73361395082563,1.8198256921974785,7.642673375329745,0.8880400673930338,0.8880400673930338
SB86246_component_1603a,179.689427,-1.805796,6.578999996185303,16.697969436645508,179.68975071098728,-1.8055528352342747,6.083559054991049,1.0814393246972405,1.0814393246972405
SB86246_component_1604a,183.626603,-1.568045,6.650000095367432,24.448528289794922,183.62646716179773,-1.5681642802309428,5.579026904293674,1.1919641560160834,1.1919641560160834
SB86246_component_1605a,184.703087,-0.267099,7.060999870300293,31.950225830078125,184.70350554994573,-0.26670717460520904,4.880289083025669,1.4468404945230482,1.4468404945230482
SB86246_component_1606a,185.468241,-1.547001,7.177000045776367,26.193431854248047,185.46877573698603,-1.5468544967443751,7.770852375715724,0.9235795121015073,0.9235795121015073
SB86246_component_1607a,183.376915,-3.4264,6.978000164031982,18.961956024169922,183.37711007491995,-3.425877825306219,6.035575279701202,1.1561449970643787,1.1561449970643787
SB86246_component_1608a,179.99423,0.695609,7.2210001945495605,29.716049194335938,179.9943426786204,0.6958924876478645,7.669740403826307,0.9414921254632195,0.9414921254632195
SB86246_component_1609a,184.692385,3.262141,6.48799991607666,17.073684692382812,184.6923656766841,3.2625617698548512,6.607787816771518,0.9818717089566922,0.9818717089566922
SB86246_component_1614a,180.783916,-0.385561,6.435999870300293,30.79425621032715,180.78437634751398,-0.3851302335163676,5.823132297852251,1.105247063109675,1.105247063109675
SB86246_component_1615a,180.41299,2.180564,6.789000034332275,27.375,180.41319687056117,2.18111320987985,6.48646061491451,1.046641679858832,1.046641679858832
SB86246_component_1623a,183.287178,0.48371,6.336999893188477,30.466344833374023,183.28774405341974,0.48440359251130416,7.526832289472197,0.841921229207147,0.841921229207147
SB86246_component_1627a,181.907052,2.323404,7.104000091552734,33.82857131958008,181.90730024234296,2.3242112253257314,6.793197528432072,1.0457520279396908,1.0457520279396908
SB86246_component_1628a,183.243187,-0.237591,6.361999988555908,27.07234001159668,183.24386064885698,-0.23744632053357861,5.69473032664509,1.1171731800518678,1.1171731800518678
SB86246_component_1629a,185.524608,-0.323645,6.51800012588501,29.22869873046875,185.52494923182823,-0.32328848233414353,6.454391658528712,1.0098550677928333,1.0098550677928333
SB86246_component_1630a,182.889213,-0.41927,6.760000228881836,31.296297073364258,182.8899153116452,-0.41864476199279566,4.8383324958081255,1.3971756250192853,1.3971756250192853
SB86246_component_1634a,180.049366,1.557573,6.431000232696533,22.644367218017578,180.05007964320967,1.5580883192081352,7.048156806709724,0.9124371674838918,0.9124371674838918
SB86246_component_1636a,179.550234,-0.380728,6.794000148773193,16.410627365112305,179.55058796882244,-0.38033132631948646,6.038685556787307,1.125079304905508,1.125079304905508
SB86246_component_1639a,183.905939,-2.500746,6.886000156402588,22.35714340209961,183.90584566575956,-2.5007353344777163,5.5403800707832955,1.2428750498030452,1.2428750498030452
SB86246_component_1641a,182.642883,2.501737,7.302000045776367,38.03125,182.64324178232255,2.5021760522207606,7.301123736929775,1.0001200238316958,1.0001200238316958
SB86246_component_1649a,181.097879,-1.621119,6.6570000648498535,32.00480651855469,181.09823595832952,-1.6208324744252316,6.885710643704085,0.9667847531375208,0.9667847531375208
SB86246_component_1654a,184.122708,-1.862965,6.4730000495910645,22.63286590576172,184.12280856433435,-1.8630053187319526,6.053002138285786,1.0693867112071138,1.0693867112071138
SB86246_component_1657a,181.350812,-2.907263,7.007999897003174,27.69960594177246,181.35096096105661,-2.90694179280204,5.5266421936494625,1.2680393720903274,1.2680393720903274
SB86246_component_1666a,182.75322,3.172012,6.986000061035156,28.056224822998047,182.75328627743224,3.172297254849355,6.580968442156876,1.0615458989719047,1.0615458989719047
SB86246_component_1668a,181.643639,3.656656,5.964000225067139,11.360000610351562,181.6434620602987,3.656566624549349,5.3971809310189744,1.1050213623172256,1.1050213623172256
SB86246_component_1671a,182.6591,-2.780736,6.650000095367432,30.090497970581055,182.65892771463038,-2.780533414588172,6.14651919760173,1.0819131742014492,1.0819131742014492
SB86246_component_1676a,184.605427,-1.930609,6.835999965667725,17.21914291381836,184.60558683576917,-1.9303166396939524,5.5472259190050694,1.2323276653015431,1.2323276653015431
SB86246_component_1678a,184.284494,2.007147,5.953999996185303,28.08490562438965,184.28515124740682,2.007761031030553,6.060358404584121,0.9824501454702139,0.9824501454702139
SB86246_component_1684a,180.766703,1.677543,6.372000217437744,28.83258056640625,180.76709766928374,1.6780125459448605,5.708055327391435,1.1163171784373243,1.1163171784373243
SB86246_component_1690a,179.589269,0.306572,5.978000164031982,15.814815521240234,179.59037170319453,0.30713276707097636,5.817478507159465,1.0275929952598821,1.0275929952598821
SB86246_component_1692a,183.095382,1.236476,6.520999908447266,31.65534019470215,183.09559961647705,1.2368681529656569,6.777671205082385,0.9621298689669914,0.9621298689669914
SB86246_component_1694a,181.54086,-0.102879,6.51800012588501,34.855613708496094,181.54106306077972,-0.10233124590272123,5.440190443806992,1.1981198440038023,1.1981198440038023
SB86246_component_1695a,185.056524,2.296418,6.51800012588501,23.27857208251953,185.0568144712965,2.2968131233199642,8.833590371793045,0.7378653357866745,0.7378653357866745
SB86246_component_1698a,182.782011,2.005825,6.877999782562256,35.45360565185547,182.78241517169846,2.0063321202383126,6.824593863994804,1.0078255086869288,1.0078255086869288
SB86246_component_1701a,183.904804,-0.724312,6.054999828338623,23.468992233276367,183.90506923980632,-0.7239712438518627,6.61904354272122,0.914784710095636,0.914784710095636
SB86246_component_1703a,182.124086,-1.33984,6.46999979019165,34.414894104003906,182.1242039252095,-1.339507353834158,6.062218655675876,1.0672659891826866,1.0672659891826866
SB86246_component_1714a,181.773797,0.028933,6.556000232696533,34.87234115600586,181.77418030844274,0.02939833273511544,6.419212942693109,1.02130904383833,1.02130904383833
SB86246_component_1715a,185.177421,1.644783,6.050000190734863,21.684587478637695,185.17811281050248,1.645458499438557,6.909591190228627,0.8755945213214096,0.8755945213214096
SB86246_component_1720a,183.50291,2.905481,6.46999979019165,28.008655548095703,183.50325455739863,2.905752080570797,6.851848780142978,0.944270662969395,0.944270662969395
SB86246_component_1723a,183.144882,1.368343,6.119999885559082,30.753768920898438,183.14527382747866,1.3688894191669279,5.969577854707224,1.0251981018612975,1.0251981018612975
SB86246_component_1726a,184.13321,1.216544,6.611999988555908,34.984127044677734,184.13368962757934,1.217086615436815,6.334842794227309,1.043751234771155,1.043751234771155
SB86246_component_1727a,180.692355,2.292706,6.093999862670898,25.286306381225586,180.69278268855646,2.293216036421138,5.9416534817425255,1.0256404015139056,1.0256404015139056
SB86246_component_1728a,184.21684,-2.975348,5.947000026702881,12.626327514648438,184.21674550844222,-2.9751797288270474,5.676826354948046,1.0475923790621753,1.0475923790621753
SB86246_component_1738a,181.650175,2.194015,6.46999979019165,31.56097412109375,181.65053615756486,2.194648084442713,5.91245197037057,1.0943006087178644,1.0943006087178644
SB86246_component_1741a,182.145516,1.717435,6.291999816894531,33.82795333862305,182.14608097978453,1.7178938510154649,6.113872090543161,1.0291350103033552,1.0291350103033552
SB86246_component_1742a,181.428379,-1.763442,5.6579999923706055,26.94285774230957,181.4285094287523,-1.7629725227822939,7.915178312472369,0.7148291256376363,0.7148291256376363
SB86246_component_1747a,185.572575,-0.46593,5.709000110626221,25.950000762939453,185.57349568418917,-0.4657579464123833,6.713150094283165,0.8504204479932505,0.8504204479932505
SB86246_component_1748a,182.695053,1.927277,6.359000205993652,34.9395637512207,182.69536118653463,1.9276626209229921,6.856932678667888,0.9273826219377481,0.9273826219377481
SB86246_component_1754a,179.940186,2.282808,5.585000038146973,15.135501861572266,179.94071603461637,2.2833292519280657,5.230043314370238,1.0678687923676358,1.0678687923676358
SB86246_component_1757a,182.77346,2.086935,6.252999782562256,33.08465576171875,182.7738153248263,2.0876007502257057,5.831907183423384,1.0722049555822468,1.0722049555822468
SB86246_component_1764a,183.028799,-1.072364,6.2789998054504395,24.527341842651367,183.02924975215691,-1.072253626811892,6.3525000841022194,0.988429708354397,0.988429708354397
SB86246_component_1766a,184.062246,-0.517751,5.985000133514404,24.62963104248047,184.06295754026462,-0.5174760732035092,3.7911437709874996,1.5786792838920638,1.5786792838920638
SB86246_component_1769a,182.754931,3.610459,6.1579999923706055,15.830334663391113,182.75472816885025,3.610435531375126,7.087366657258522,0.8688699611814064,0.8688699611814064
SB86246_component_1773a,183.602935,-2.940153,6.324999809265137,22.4290771484375,183.60324207931944,-2.9398405079300125,6.146464136106426,1.029046890896171,1.029046890896171
SB86246_component_1776a,186.144193,0.395462,5.946000099182129,18.639497756958008,186.14440488845622,0.3957715623834948,5.326003025516436,1.1164094482664277,1.1164094482664277
SB86246_component_1779a,185.252464,-0.974108,5.6620001792907715,22.648000717163086,185.2527927939368,-0.9738267736374776,7.495604366048945,0.7553760714661764,0.7553760714661764
SB86246_component_1780a,185.02622,0.736864,6.033999919891357,26.34934425354004,185.02669869320042,0.7372686349327991,5.5108563978614535,1.0949296233218697,1.0949296233218697
SB86246_component_1782a,179.598848,-0.923269,5.775000095367432,15.157480239868164,179.5994472062441,-0.9229202818134241,6.200163333032451,0.9314270907348701,0.9314270907348701
SB86246_component_1788a,185.641263,-3.35533,6.255000114440918,10.565878868103027,185.64132286397603,-3.3548478698772985,5.905288038987599,1.0592201554173932,1.0592201554173932
SB86246_component_1794a,181.020392,1.767742,6.0370001792907715,29.593137741088867,181.0210020791466,1.7682075448220933,6.070416716104002,0.9944951823942201,0.9944951823942201
SB86246_component_1805a,184.732753,0.657676,6.103000164031982,27.367713928222656,184.73340102577774,0.6580697414835461,5.789126328516905,1.0542178245392493,1.0542178245392493
SB86246_component_1807a,181.372177,0.505232,5.558000087738037,28.070707321166992,181.3726115352707,0.5059175168869128,6.201148281981759,0.8962856288870769,0.8962856288870769
SB86246_component_1810a,183.637779,-0.460372,5.291999816894531,19.82022476196289,183.6380575315446,-0.4597989120529118,5.2030385343325465,1.0170979480499651,1.0170979480499651
SB86246_component_1812a,184.210055,3.319454,5.894000053405762,19.012903213500977,184.21000896755368,3.319331753129513,5.682093231770962,1.0372937952601589,1.0372937952601589
SB86246_component_1822a,181.823802,-0.662091,5.995999813079834,32.58695602416992,181.82397633457137,-0.6617017506177875,5.280191034148793,1.1355649396587475,1.1355649396587475
SB86246_component_1823a,180.227338,-2.35769,5.188000202178955,17.88965606689453,180.22785902975573,-2.3574967302816763,5.548118411313022,0.9350918307007003,0.9350918307007003
SB86246_component_1838a,179.933871,-1.35944,6.2220001220703125,18.740964889526367,179.93428008894458,-1.359242965203702,5.164512400678764,1.2047604186704177,1.2047604186704177
SB86246_component_1842a,180.635214,1.311339,5.86899995803833,26.799087524414062,180.63582465238622,1.31186253678161,5.153241771873393,1.1388947419605995,1.1388947419605995
SB86246_component_1858a,182.119707,-1.070907,5.51200008392334,28.559585571289062,182.11978926859098,-1.0704863035793002,5.2401802326480205,1.0518722332452983,1.0518722332452983
SB86246_component_1859a,182.524892,0.444497,6.064000129699707,33.31868362426758,182.5253251442895,0.44475427040270543,5.928164747489207,1.0229135639774571,1.0229135639774571
SB86246_component_1862a,181.738927,-1.275001,5.711999893188477,29.14285659790039,181.73910288983183,-1.274601092990835,3.8229998228740323,1.4941146109952845,1.4941146109952845
SB86246_component_1863a,180.486841,-2.440885,5.052000045776367,17.360824584960938,180.48744466770822,-2.4407119688623085,4.683885521376262,1.078591699715996,1.078591699715996
SB86246_component_1867a,180.494944,-2.904224,4.9670000076293945,12.968668937683105,180.4954546038123,-2.903637629691702,4.611645906854228,1.077055807829263,1.077055807829263
SB86246_component_1869a,184.941572,0.421185,6.176000118255615,29.69230842590332,184.942124953429,0.42158786860546954,5.577827534848291,1.1072411399725348,1.1072411399725348
SB86246_component_1873a,182.580178,2.744738,5.664000034332275,29.347150802612305,182.58071826984792,2.7450905183685936,5.651519107503859,1.0022084198232375,1.0022084198232375
SB86246_component_1876a,182.420553,1.172825,5.488999843597412,27.72222137451172,182.42108128903143,1.1731873627616067,4.686761110616049,1.1711712447140095,1.1711712447140095
SB86246_component_1881a,181.962533,1.17032,5.482999801635742,27.552762985229492,181.96286470520798,1.1708040441040901,4.61540339814332,1.1879784557599966,1.1879784557599966
SB86246_component_1882a,185.434742,0.805087,5.006999969482422,17.94623565673828,185.4355293003516,0.8056806777806861,4.026416607167824,1.2435374820799627,1.2435374820799627
SB86246_component_1886a,185.207202,0.593703,5.297999858856201,21.449392318725586,185.2078514868252,0.5940872782398507,5.6324477681758705,0.9406212142419949,0.9406212142419949
SB86246_component_1893a,182.871717,1.935165,5.8480000495910645,30.45833396911621,182.8722766844117,1.935509604471593,6.6464998068956405,0.8798616143077075,0.8798616143077075
SB86246_component_1894a,183.90659,-0.598728,5.245999813079834,22.22881317138672,183.90675723775328,-0.5986858843870114,4.299911556546815,1.2200250503042456,1.2200250503042456
SB86246_component_1903a,181.382372,2.555557,5.232999801635742,22.752172470092773,181.38282582212085,2.5563945797592935,2.9338007378470126,1.7836929870963256,1.7836929870963256
SB86246_component_1911a,184.838713,-2.469281,5.301000118255615,14.098404884338379,184.83902693129485,-2.4689241467610046,4.303080907183006,1.2319080753064189,1.2319080753064189
SB86246_component_1914a,182.923658,-0.936101,5.117000102996826,23.365297317504883,182.9239636802221,-0.9356380246626771,4.395649236217005,1.1641056481114112,1.1641056481114112
SB86246_component_1915a,180.032478,0.120486,5.434000015258789,21.563491821289062,180.03288378369763,0.12076761441056853,4.941085761766485,1.0997582874003957,1.0997582874003957
SB86246_component_1917a,180.596095,3.275741,5.452000141143799,13.137350082397461,180.5964971150302,3.276012209852529,6.8738623394023515,0.7931494510577911,0.7931494510577911
SB86246_component_1919a,183.825787,0.799702,5.607999801635742,25.724769592285156,183.8262320253649,0.8001087645890326,6.258827432323351,0.8960144471588325,0.8960144471588325
SB86246_component_1925a,182.739138,0.82809,5.085999965667725,27.792348861694336,182.73923701160885,0.8284079334965302,5.871263784490599,0.8662530167870826,0.8662530167870826
SB86246_component_1927a,181.32093,0.494527,5.559999942779541,29.263158798217773,181.3211815484011,0.4952009770525396,7.12325153220169,0.7805424134813654,0.7805424134813654
SB86246_component_1928a,182.161496,2.300431,5.349999904632568,26.09756088256836,182.16224400992164,2.3011445586621417,5.541954634376418,0.9653633523895765,0.9653633523895765
SB86246_component_1932a,183.012056,3.548467,5.751999855041504,17.975000381469727,183.01165303661259,3.5484444632831353,5.976761077669421,0.9623941429635396,0.9623941429635396
SB86246_component_1934a,183.074182,-0.762956,5.195000171661377,23.29596519470215,183.0747871213292,-0.7627808073699529,5.323985370601646,0.97577281116276,0.97577281116276
SB86246_component_1940a,180.50678,-0.921569,5.468999862670898,26.678049087524414,180.50709739447987,-0.9211892864105456,5.571145279127547,0.9816652750307303,0.9816652750307303
SB86246_component_1942a,184.133614,1.384854,5.374000072479248,26.47290802001953,184.13379485561293,1.3853894436815988,5.431591200963306,0.989397006079205,0.989397006079205
SB86246_component_1963a,186.096224,-0.14661,5.23799991607666,19.186813354492188,186.09648602846207,-0.14640427713171156,5.535688848770675,0.9462236876337219,0.9462236876337219
SB86246_component_1965a,181.678435,-0.251067,5.1479997634887695,28.92134666442871,181.678827587517,-0.2508708681189942,4.481391553616704,1.1487502714048898,1.1487502714048898
SB86246_component_1967a,182.372535,1.99984,5.1620001792907715,25.68159294128418,182.37306300906678,2.0004069951497434,5.651464764595888,0.9133915532179531,0.9133915532179531
SB86246_component_1969a,184.161973,0.020116,4.6479997634887695,21.32110023498535,184.1623478197466,0.020511715446736488,5.177434477063313,0.8977418804776756,0.8977418804776756
SB86246_component_1970a,185.222333,-0.016013,5.5929999351501465,25.30769157409668,185.22275869281677,-0.015621062725020571,5.04067562626498,1.1095734678913323,1.1095734678913323
SB86246_component_1973a,181.596816,3.324579,5.031000137329102,14.582609176635742,181.59704052433486,3.324737058221024,5.353002474295594,0.9398464061033589,0.9398464061033589
SB86246_component_1976a,182.527009,-1.913929,5.2179999351501465,25.086538314819336,182.5271074811816,-1.9138255299791922,5.824247187395911,0.8959097660625176,0.8959097660625176
SB86246_component_1977a,185.275769,0.145514,5.340000152587891,24.16289710998535,185.2763285069301,0.1457359212220738,5.286757787097394,1.0100708917704604,1.0100708917704604
SB86246_component_1984a,186.603911,0.151126,5.276000022888184,12.652277946472168,186.60392161942724,0.15114929957921988,5.124903990827795,1.0294827049113136,1.0294827049113136
SB86246_component_1988a,186.029073,1.844569,5.408999919891357,13.833759307861328,186.0291901323161,1.8450317324767245,5.562400394982886,0.9724218926724709,0.9724218926724709
SB86246_component_1989a,182.86233,0.466129,5.013000011444092,26.807485580444336,182.86301636277386,0.4663627179233874,4.505759641867403,1.1125759938154323,1.1125759938154323
SB86246_component_1991a,182.100329,3.382102,5.066999912261963,17.59375,182.10039662077526,3.3822386616497773,5.3486554606638705,0.9473408690327291,0.9473408690327291
SB86246_component_1992a,182.199052,-1.681742,5.294000148773193,27.8631591796875,182.19938852248066,-1.681457125514969,5.739281856826649,0.9224150827295909,0.9224150827295909
SB86246_component_1997a,185.750163,-2.745216,5.059999942779541,13.315789222717285,185.7501321793405,-2.7447810559942214,4.098896354505291,1.2344786267205454,1.2344786267205454
SB86246_component_1998a,181.852579,1.404663,5.48199987411499,26.611650466918945,181.8530065614867,1.4054510937485662,4.001619827757131,1.3699451997136864,1.3699451997136864
SB86246_component_1999a,183.724506,-2.604977,4.89900016784668,17.010417938232422,183.72452786480716,-2.605060030360814,5.120887299817441,0.9566701786273111,0.9566701786273111
SB86246_component_2000a,183.408819,-3.649671,5.309999942779541,12.320185661315918,183.40916294795076,-3.6491638673740585,4.390146383505274,1.2095268537583062,1.2095268537583062
SB86246_component_2002a,179.502438,1.255045,5.541999816894531,13.163894653320312,179.50280126246085,1.255590333347127,5.455371769039533,1.0158794031868978,1.0158794031868978
SB86246_component_2005a,182.255327,1.371296,5.519999980926514,28.75,182.25571836488953,1.3717054588947817,5.984644920238208,0.9223604832860828,0.9223604832860828
SB86246_component_2010a,181.262621,-2.963116,5.251999855041504,16.72611427307129,181.26263589098383,-2.962706528232568,5.137507698826975,1.0222855444558594,1.0222855444558594
SB86246_component_2014a,180.233148,2.352061,5.0279998779296875,17.76678466796875,180.23361667227314,2.352858835795206,4.455039464521216,1.1286095034558907,1.1286095034558907
SB86246_component_2015a,181.062773,-1.62525,5.53000020980835,27.92929458618164,181.0629363565814,-1.6248920441420562,5.736226501951111,0.9640484398458435,0.9640484398458435
SB86246_component_2024a,181.293953,0.248298,5.093999862670898,25.989795684814453,181.29434934372057,0.24884173620516747,5.708647399268245,0.8923304429914284,0.8923304429914284
SB86246_component_2038a,185.418196,-3.080384,5.322999954223633,11.422746658325195,185.41830631578378,-3.079823594801325,4.816986799853051,1.1050476522763188,1.1050476522763188
SB86246_component_2039a,182.667245,3.759299,4.927000045776367,10.179752349853516,182.6671544789514,3.7588778190774756,4.916545070942401,1.002126488150339,1.002126488150339
SB86246_component_2040a,181.186573,-3.362335,5.138999938964844,11.895833015441895,181.1870539582727,-3.361790723361176,4.091718924411188,1.2559513578280217,1.2559513578280217
SB86246_component_2041a,184.565714,1.363177,4.716000080108643,20.68421173095703,184.5662668743038,1.363564563199705,4.308655283574851,1.0945410504494621,1.0945410504494621
SB86246_component_2051a,180.530485,-1.454091,5.189000129699707,19.147602081298828,180.5309569932587,-1.4540318720038445,4.561130057969153,1.137656691160022,1.137656691160022
SB86246_component_2052a,180.204021,0.357439,4.801000118255615,18.185606002807617,180.20463053941748,0.35776077331309436,4.104133107808991,1.1697963960088638,1.1697963960088638
SB86246_component_2057a,182.593757,-1.341236,4.926000118255615,23.018692016601562,182.59377483585465,-1.3410683309611247,4.668793831194742,1.0550905215266388,1.0550905215266388
SB86246_component_2063a,180.934769,3.301711,4.841000080108643,12.509044647216797,180.93481249046334,3.3020661798319506,4.125411038617056,1.1734588468380767,1.1734588468380767
SB86246_component_2066a,183.191,2.546245,4.991000175476074,24.70792007446289,183.19157759787612,2.5467298837014454,5.349192996890278,0.9330379700970899,0.9330379700970899
SB86246_component_2067a,180.161175,-2.708363,5.191999912261963,14.962535858154297,180.16179525215958,-2.7079926260615497,2.3321412389008214,2.2262802207935923,2.2262802207935923
SB86246_component_2068a,180.014718,-1.247028,4.611999988555908,16.832117080688477,180.01512416734155,-1.2468279644839393,4.684654772326357,0.9844908990520194,0.9844908990520194
SB86246_component_2073a,183.589342,0.459235,4.827000141143799,20.89610481262207,183.58994385384023,0.45952948220988227,4.733069698082416,1.0198455651518163,1.0198455651518163
SB86246_component_2083a,184.038059,-2.26838,4.775000095367432,18.155893325805664,184.03817546786345,-2.2681082124635212,3.744980874961014,1.2750399147010705,1.2750399147010705
SB86246_component_2086a,181.9144,-0.689872,4.940999984741211,28.234285354614258,181.9144965079194,-0.6893945771711496,5.249719883324481,0.941193072117256,0.941193072117256
SB86246_component_2087a,183.992606,0.558798,4.985000133514404,25.050251007080078,183.9935736116708,0.5591450727036292,4.306051296058341,1.157673188444726,1.157673188444726
SB86246_component_2088a,182.090559,0.225038,4.925000190734863,27.513967514038086,182.0909580135497,0.22558175946237252,4.7860166706706515,1.029039497692501,1.029039497692501
SB86246_component_2089a,181.621737,0.362056,4.998000144958496,26.03125,181.6224846216392,0.36248756729744075,5.1669387174862536,0.967303933380122,0.967303933380122
SB86246_component_2094a,180.753991,1.069109,4.671000003814697,22.456729888916016,180.75418761906036,1.0696178475414173,3.601489388999818,1.2969634224333775,1.2969634224333775
SB86246_component_2102a,182.390932,-2.609519,5.090000152587891,25.19801902770996,182.39090840378714,-2.609575988272066,4.836958605887394,1.0523141848666024,1.0523141848666024
SB86246_component_2110a,181.827472,3.013255,4.784999847412109,20.44871711730957,181.82773896643366,3.0136536898785447,5.094709398610656,0.9392095746848671,0.9392095746848671
SB86246_component_2118a,179.893424,0.275759,4.296000003814697,14.813793182373047,179.89408748724634,0.27601426882215935,4.989033016935466,0.8610887098224763,0.8610887098224763
SB86246_component_2121a,185.549435,-1.493242,4.559000015258789,17.268939971923828,185.54970141666345,-1.4931109347117686,4.420669465710943,1.0312917648833082,1.0312917648833082
SB86246_component_2122a,183.201144,-2.724739,5.053999900817871,22.868778228759766,183.20125963629704,-2.724539928366256,3.6581125773741405,1.381586759269646,1.381586759269646
SB86246_component_2129a,182.540204,-0.693889,4.5980000495910645,25.403316497802734,182.5406545794724,-0.6934768875175916,4.260578093684888,1.0791962847497878,1.0791962847497878
SB86246_component_2133a,180.716808,-0.142843,4.808000087738037,22.362791061401367,180.71737432677867,-0.14235910904990973,4.630030182902879,1.0384381737925468,1.0384381737925468
SB86246_component_2138a,181.836295,-0.757307,5.068999767303467,25.7309627532959,181.83667437027387,-0.7567054404753133,4.566922808970341,1.1099376931326597,1.1099376931326597
SB86246_component_2144a,181.620341,-0.134924,4.701000213623047,23.984695434570312,181.62062345119972,-0.13453188557537232,4.3466988899882555,1.0815104364488768,1.0815104364488768
SB86246_component_2145a,180.391758,2.688854,4.4629998207092285,14.827241897583008,180.39221858997425,2.6893178829638287,3.778426026046975,1.1811796208111718,1.1811796208111718
SB86246_component_2147a,185.118016,-0.422125,4.585999965667725,20.2026424407959,185.11848102684533,-0.42190619470824586,3.87668098252281,1.18297068712714,1.18297068712714
SB86246_component_2148a,183.73503,0.895369,4.5269999504089355,21.66028594970703,183.73575617854897,0.895361623422984,3.826383530079134,1.1831014624703113,1.1831014624703113
SB86246_component_2154a,183.897011,-2.824631,4.546000003814697,15.255033493041992,183.89694471516043,-2.824601187299966,4.090016475266932,1.111486966202992,1.111486966202992
SB86246_component_2162a,181.326089,1.173195,4.690999984741211,23.691919326782227,181.32636008086692,1.1736240183117372,4.476190942240705,1.0479892491791194,1.0479892491791194
SB86246_component_2163a,184.5843,0.359461,4.4629998207092285,22.540403366088867,184.58481297693038,0.35991943936714743,3.539757159021106,1.2608209038677214,1.2608209038677214
SB86246_component_2164a,184.048744,-0.971999,4.374000072479248,17.152942657470703,184.04909134502634,-0.97155740308588,2.8532162794187252,1.53300684004591,1.53300684004591
SB86246_component_2165a,183.099718,-1.164479,5.045000076293945,23.142202377319336,183.09990076286698,-1.1641436903931826,3.9989786382022223,1.2615721494731393,1.2615721494731393
SB86246_component_2175a,186.005235,0.261533,4.646999835968018,16.362674713134766,186.0053272530411,0.2619005578415691,3.6682166114840897,1.2668280879105258,1.2668280879105258
SB86246_component_2178a,184.833226,-2.554452,4.564000129699707,11.947644233703613,184.83335123007825,-2.554172198700976,3.2697674876718503,1.3958179432964453,1.3958179432964453
SB86246_component_2184a,183.765626,2.291577,4.769999980926514,23.382352828979492,183.7660212255724,2.2923231481521826,3.587708859815364,1.3295393152865795,1.3295393152865795
SB86246_component_2185a,184.582973,2.172055,4.565000057220459,19.18067169189453,184.58374436418518,2.172781195826493,4.548094636227454,1.0037170336910641,1.0037170336910641
SB86246_component_2187a,180.619699,2.387091,4.1529998779296875,16.54581642150879,180.62011929283435,2.3876678308111963,3.7922125528618364,1.0951390039557722,1.0951390039557722
SB86246_component_2190a,181.143825,-1.47115,4.290999889373779,20.629806518554688,181.1440065370171,-1.4707441660145422,6.112773824170186,0.7019726253255061,0.7019726253255061
SB86246_component_2193a,185.188769,-1.240925,4.36299991607666,14.074193000793457,185.18866954578877,-1.2405259130156712,2.8913587609350544,1.5089790914309378,1.5089790914309378
SB86246_component_2203a,180.784343,0.677748,4.363999843597412,21.49753761291504,180.78502312510886,0.6781484112937991,4.723033957025717,0.9239823137637564,0.9239823137637564
SB86246_component_2204a,182.023367,-1.592219,4.616000175476074,22.965173721313477,182.0231607581249,-1.5919317831956354,5.479229405634231,0.8424542638659174,0.8424542638659174
SB86246_component_2209a,182.303696,3.557043,3.941999912261963,10.654053688049316,182.30370942511564,3.5569870302335627,4.004691244843779,0.984345526596455,0.984345526596455
SB86246_component_2210a,183.672068,0.646309,4.328000068664551,21.11219596862793,183.6724549627988,0.646611132235282,4.030839172113843,1.0737218439789231,1.0737218439789231
SB86246_component_2211a,182.820732,2.082338,4.468999862670898,23.036081314086914,182.82103791137837,2.082842814742834,4.315514589211542,1.035565926214931,1.035565926214931
SB86246_component_2213a,181.236797,0.617238,4.11899995803833,21.231958389282227,181.23706766563814,0.6177163316986218,3.891473164628556,1.058468036084091,1.058468036084091
SB86246_component_2216a,182.769138,-2.841903,4.348999977111816,18.826839447021484,182.76919726613357,-2.8419710351997005,4.155683426648182,1.046518594083466,1.046518594083466
SB86246_component_2218a,183.414991,2.394778,4.297999858856201,20.36966896057129,183.41548878351622,2.3951752453711004,3.6764013397896935,1.169077981867471,1.169077981867471
SB86246_component_2220a,186.239415,-1.125858,4.224999904632568,11.236701965332031,186.23965921135743,-1.1258972827475175,3.262115733507265,1.295171676846075,1.295171676846075
SB86246_component_2235a,180.530797,0.327286,3.8329999446868896,17.502283096313477,180.531315500855,0.3279381581389233,3.6337009907580025,1.0548473730876005,1.0548473730876005
SB86246_component_2239a,184.81234,-0.089132,4.4070000648498535,21.28985595703125,184.813177880249,-0.08886181915712152,2.807448641682291,1.5697526926829455,1.5697526926829455
SB86246_component_2251a,182.419385,-0.757919,4.080999851226807,21.592592239379883,182.41968934624677,-0.7574827054285013,3.812904938054795,1.0703125091046157,1.0703125091046157
SB86246_component_2253a,183.864053,-0.674162,3.819000005722046,14.357142448425293,183.86475612308055,-0.6741007701615991,4.5623803203647,0.8370630542735571,0.8370630542735571
SB86246_component_2257a,180.26395,1.003276,4.638000011444092,18.70161247253418,180.2645982137556,1.003767524941598,4.309518805729367,1.0762222467339089,1.0762222467339089
SB86246_component_2259a,181.449696,-0.860119,4.190999984741211,22.05789566040039,181.44999717684453,-0.8597118569547568,4.18673307659296,1.001019149792975,1.001019149792975
SB86246_component_2267a,184.341058,0.209428,4.291999816894531,21.676767349243164,184.3414606242961,0.20999308146201273,3.6143528587068,1.1874877701980073,1.1874877701980073
SB86246_component_2274a,183.674276,1.20941,3.8570001125335693,19.88144302368164,183.67469227320242,1.2098696485937437,3.6072023039921137,1.0692497363580087,1.0692497363580087
SB86246_component_2275a,183.119875,-0.425943,3.86299991607666,17.40089988708496,183.1203485508988,-0.42580586253542685,2.9783546044112392,1.297024843970954,1.297024843970954
SB86246_component_2276a,180.298507,1.84908,4.201000213623047,16.539369583129883,180.29897468940962,1.8495403621462183,3.501258527691726,1.1998543324913056,1.1998543324913056
SB86246_component_2279a,182.241334,-2.616616,4.2779998779296875,18.76315689086914,182.24151768788164,-2.6164931517806225,4.4264427700872115,0.966464517928332,0.966464517928332
SB86246_component_2280a,179.601893,0.562796,4.571000099182129,12.0925931930542,179.60281738209176,0.5632959418953942,3.9536090632544343,1.1561588477894387,1.1561588477894387
SB86246_component_2288a,182.428688,3.562846,4.086999893188477,11.610795021057129,182.42852914278942,3.5626726192289877,4.547418896943365,0.8987515744229395,0.8987515744229395
SB86246_component_2289a,183.328629,-3.255897,4.480000019073486,15.186441421508789,183.328691458078,-3.2553485760141556,4.14416161996034,1.0810389241325873,1.0810389241325873
SB86246_component_2290a,181.226729,-0.470288,4.591000080108643,25.22527503967285,181.2270799231503,-0.46988991487121473,4.530984012462588,1.013245702805611,1.013245702805611
SB86246_component_2292a,179.685629,0.826218,4.2769999504089355,13.079510688781738,179.68621673534037,0.8268418361847292,4.542609725991398,0.9415292548548192,0.9415292548548192
SB86246_component_2304a,184.232851,1.837276,4.340000152587891,20.76555061340332,184.23321564669948,1.8376953251039,3.585804945527259,1.2103280068262983,1.2103280068262983
SB86246_component_2306a,185.406442,2.944678,4.172999858856201,11.623954772949219,185.4068007128311,2.9449825054552745,3.150252868342661,1.3246555223522753,1.3246555223522753
SB86246_component_2307a,185.461281,-0.638379,3.7260000705718994,16.060344696044922,185.46157689601526,-0.6380575966079419,3.5128151613861003,1.060687767329517,1.060687767329517
SB86246_component_2314a,182.747444,0.508651,4.035999774932861,20.69743537902832,182.74829500470605,0.5089698172137649,4.8274941706258385,0.8360444637076864,0.8360444637076864
SB86246_component_2318a,185.612767,-0.378794,4.494999885559082,20.43181800842285,185.61350049134137,-0.3786854477992259,4.359762534907171,1.031019430432073,1.031019430432073
SB86246_component_2325a,185.629833,0.309634,4.510000228881836,18.713693618774414,185.63041919205892,0.3100643561605496,4.652033398331536,0.9694685834584419,0.9694685834584419
SB86246_component_2327a,183.023258,1.009932,4.072000026702881,22.497238159179688,183.02395623353243,1.0102737856014368,4.483344518775065,0.9082505280712686,0.9082505280712686
SB86246_component_2339a,183.896687,3.438968,3.890000104904175,11.577381134033203,183.89712924583182,3.4387704988155403,4.803862887684929,0.8097650153330747,0.8097650153330747
SB86246_component_2341a,182.018402,0.564879,4.245999813079834,24.125,182.01884459921536,0.5653901569050628,4.278153604814549,0.9924841895114449,0.9924841895114449
SB86246_component_2345a,179.919601,2.616199,4.348999977111816,10.685503959655762,179.92021757386368,2.616882857273359,4.494453626631168,0.967637078585595,0.967637078585595
SB86246_component_2352a,180.731484,2.784344,4.013000011444092,13.511784553527832,180.73192037393414,2.78483277963223,3.151504647080908,1.2733600171464594,1.2733600171464594
SB86246_component_2363a,185.107373,0.22137,3.9619998931884766,17.077587127685547,185.108001952898,0.22202450770935955,5.702314195880985,0.6948056099838188,0.6948056099838188
SB86246_component_2364a,180.210853,0.70977,3.927999973297119,15.96747875213623,180.2114319163801,0.7103370048782341,2.557339949525434,1.5359709897098501,1.5359709897098501
SB86246_component_2369a,183.620516,2.102946,4.447000026702881,22.34673309326172,183.62119940333793,2.1033917245408773,4.50614034177339,0.9868756162513939,0.9868756162513939
SB86246_component_2378a,185.537424,-1.747709,4.10699987411499,14.162069320678711,185.5377516710837,-1.747428266916037,3.489125238030681,1.1770858292358253,1.1770858292358253
SB86246_component_2379a,182.91502,-3.459022,4.203000068664551,11.421195983886719,182.9153406325933,-3.4584714074840286,4.0074220722155856,1.048803942515802,1.048803942515802
SB86246_component_2383a,180.169811,-0.298585,4.064000129699707,16.933334350585938,180.17007283467126,-0.29793612285026255,3.5238459886520603,1.1532853997555852,1.1532853997555852
SB86246_component_2387a,183.433489,-2.699499,3.950000047683716,17.025863647460938,183.4340888999241,-2.699005724486348,3.6899064991109363,1.0704878426148325,1.0704878426148325
SB86246_component_2388a,181.229184,1.296163,3.694000005722046,16.639638900756836,181.22956331607062,1.2966065059842946,4.143537448693534,0.8915087775752507,0.8915087775752507
SB86246_component_2395a,180.457462,-1.891294,4.145999908447266,17.94805145263672,180.45798836300406,-1.89099639750481,4.844492497987229,0.8558171800595893,0.8558171800595893
SB86246_component_2398a,185.572976,-0.239567,3.7850000858306885,16.747787475585938,185.57352323523352,-0.23917515068432774,3.962834389340162,0.9551244674801855,0.9551244674801855
SB86246_component_2399a,181.328892,-0.085725,4.159999847412109,22.48648452758789,181.32928862210213,-0.08546760184091876,3.9592997151306886,1.0506908157304773,1.0506908157304773
SB86246_component_2403a,179.727006,-0.778401,3.9719998836517334,11.188732147216797,179.72751981738793,-0.7779617189889124,4.783058568912334,0.8304309525850037,0.8304309525850037
SB86246_component_2404a,181.28232,-2.607409,3.5769999027252197,14.027450561523438,181.28251418853168,-2.6071873105423014,4.007188156455853,0.8926458561628631,0.8926458561628631
SB86246_component_2407a,185.337003,-1.666418,4.254000186920166,13.76699161529541,185.3373194196128,-1.6660223080636,4.072836461849455,1.044480972110637,1.044480972110637
SB86246_component_2414a,181.885773,1.309941,3.802000045776367,18.367149353027344,181.88600946650325,1.3103938054124042,4.324573428096488,0.8791618662490516,0.8791618662490516
SB86246_component_2417a,182.284105,1.06422,3.8450000286102295,19.81958770751953,182.2849099485125,1.0648122749625386,3.366248026344856,1.1422212500441367,1.1422212500441367
SB86246_component_2420a,181.938429,2.402155,3.9609999656677246,20.209184646606445,181.93883179363124,2.4027985813687116,4.1644786021878275,0.9511394688369381,0.9511394688369381
SB86246_component_2422a,183.585981,2.573526,3.7109999656677246,18.014562606811523,183.58671008925236,2.57379430415285,3.501525435460911,1.0598237922493459,1.0598237922493459
SB86246_component_2428a,182.168881,-3.168906,4.251999855041504,16.106060028076172,182.16897643778665,-3.168450215909884,4.190075365146033,1.014778848707728,1.014778848707728
SB86246_component_2431a,180.5207,-0.42418,3.743000030517578,16.48898696899414,180.5219084588908,-0.42362031885609924,3.6798850322573253,1.0171513505739977,1.0171513505739977
SB86246_component_2432a,182.510359,-3.291251,4.3420000076293945,14.52173900604248,182.51082103302826,-3.2907817278733105,3.3423798788320673,1.2990743616930298,1.2990743616930298
SB86246_component_2438a,185.450064,-0.797986,3.431999921798706,13.727999687194824,185.4503563768951,-0.7978882817506229,3.6181674391468603,0.9485464615777839,0.9485464615777839
SB86246_component_2441a,181.389089,-2.052219,3.5420000553131104,15.8125,181.38952199708172,-2.0520354620375976,3.728614127893246,0.9499508218927505,0.9499508218927505
SB86246_component_2442a,182.130595,0.845149,3.9159998893737793,22.505746841430664,182.13116136713163,0.8454285833928383,2.4520359456334484,1.5970401642550704,1.5970401642550704
SB86246_component_2444a,184.38058,-1.264482,3.864000082015991,14.364313125610352,184.38062530424907,-1.2638673464801478,2.020816682562478,1.9120982696541684,1.9120982696541684
SB86246_component_2446a,182.824366,3.140095,4.136000156402588,16.950820922851562,182.8243956995877,3.1405718299058023,4.579566223553388,0.90314234023531,0.90314234023531
SB86246_component_2447a,183.795094,-3.104127,4.216000080108643,12.114943504333496,183.7952389079765,-3.103552590647057,2.9182733383936226,1.4446899214825983,1.4446899214825983
SB86246_component_2449a,180.653442,-2.447066,4.270999908447266,13.733119010925293,180.6539143454378,-2.446729069551393,3.727422968138977,1.1458318374261895,1.1458318374261895
SB86246_component_2451a,184.965042,1.070974,4.034999847412109,17.392240524291992,184.9659165784968,1.0713426193967281,3.368364018028861,1.1979108629041104,1.1979108629041104
SB86246_component_2462a,183.273403,-2.435957,3.867000102996826,17.110620498657227,183.2734846863506,-2.435927254167045,5.749957638767997,0.6725267116620673,0.6725267116620673
SB86246_component_2463a,182.516964,-1.845335,3.736999988555908,17.38139533996582,182.516968746293,-1.8451941722663698,4.934084058173983,0.757384743449001,0.757384743449001
SB86246_component_2474a,182.843045,3.217379,3.815999984741211,16.44827651977539,182.8438644767287,3.2177726475711306,3.924049259794989,0.9724648525285273,0.9724648525285273
SB86246_component_2479a,181.442821,1.398798,3.7850000858306885,18.463415145874023,181.4435343345078,1.3992020112839774,3.2205139574348047,1.1752782741688557,1.1752782741688557
SB86246_component_2483a,180.012964,2.130112,3.805999994277954,12.082539558410645,180.01344947659794,2.130460368139171,2.647822188752581,1.4374076969537761,1.4374076969537761
SB86246_component_2485a,182.189866,-2.216495,3.7019999027252197,18.326730728149414,182.1898858638505,-2.2166698846826707,3.2706472550976793,1.1318860194890255,1.1318860194890255
SB86246_component_2486a,183.707872,1.706728,3.759999990463257,20.106950759887695,183.70822789676942,1.7077394969751905,2.691409963396853,1.3970372561591198,1.3970372561591198
SB86246_component_2491a,183.499721,1.912733,3.994999885559082,18.93364906311035,183.5000791454917,1.9134348672441321,4.525275298105683,0.8828191927309752,0.8828191927309752
SB86246_component_2492a,180.077086,-1.579313,3.865999937057495,14.109489440917969,180.07737948796446,-1.5786143390452445,3.4507732831786773,1.120328581394467,1.120328581394467
SB86246_component_2499a,185.082525,0.104374,3.796999931335449,17.026905059814453,185.08308129542627,0.10487701265727907,3.3301159866537264,1.1402005054937656,1.1402005054937656
SB86246_component_2503a,181.784121,2.359634,3.3959999084472656,14.57510757446289,181.78464945751054,2.3601432595019225,3.6321812493684837,0.934975342719397,0.934975342719397
SB86246_component_2514a,181.267986,1.165559,3.617000102996826,18.267677307128906,181.2686760322128,1.1664193864362422,3.34777520457693,1.0804190490603502,1.0804190490603502
SB86246_component_2524a,182.220384,-2.257039,3.9200000762939453,20.740741729736328,182.22014188310231,-2.256989719410922,2.307795274823899,1.6985909101460783,1.6985909101460783
SB86246_component_2526a,183.416262,2.363342,3.930000066757202,18.625593185424805,183.41661841142482,2.363685637995152,3.9391337641581865,0.9976812929065545,0.9976812929065545
SB86246_component_2529a,182.249665,1.168934,3.747999906539917,18.463054656982422,182.25018664709378,1.16924748214458,3.2383885784463526,1.1573657131467698,1.1573657131467698
SB86246_component_2539a,182.088062,-1.158901,3.690999984741211,18.831632614135742,182.08832094661864,-1.1586785170898948,3.629516633507617,1.0169398180093683,1.0169398180093683
SB86246_component_2541a,184.244434,-1.891218,4.025000095367432,13.416666030883789,184.2438558316579,-1.8915837925943615,3.7217903762078173,1.0814687794073343,1.0814687794073343
SB86246_component_2543a,181.612349,-1.959471,3.703000068664551,17.064516067504883,181.61246130391302,-1.9592926511715807,2.973103932909532,1.245499704088962,1.245499704088962
SB86246_component_2546a,184.835571,-2.283523,3.3519999980926514,11.026315689086914,184.83631125352252,-2.2830129747033356,3.026198542777857,1.1076603040776465,1.1076603040776465
SB86246_component_2555a,181.424351,0.297156,3.993000030517578,20.476924896240234,181.4249647557919,0.29778456960834365,3.7987215521406266,1.0511431216292948,1.0511431216292948
SB86246_component_2556a,182.592336,3.438706,3.6059999465942383,12.787233352661133,182.59259432027605,3.4388399319125087,3.6932459626870524,0.9763768736297928,0.9763768736297928
SB86246_component_2557a,182.096046,-1.126348,3.6029999256134033,18.765625,182.09632932494048,-1.1258776469086196,3.3410259847691317,1.0784112251860785,1.0784112251860785
SB86246_component_2561a,181.986731,2.835764,3.8540000915527344,16.47008514404297,181.98727123767236,2.836479470786361,3.539856119755482,1.088744841928477,1.088744841928477
SB86246_component_2563a,182.393261,1.643814,3.9700000286102295,19.556650161743164,182.39389113480266,1.644272396435342,4.233015115089458,0.9378657814044516,0.9378657814044516
SB86246_component_2565a,180.173231,0.888709,3.385999917984009,13.653225898742676,180.1735025886502,0.8894661887287443,2.231586312368549,1.5173062763546863,1.5173062763546863
SB86246_component_2567a,183.464063,0.429025,3.2290000915527344,16.3908634185791,183.46469931812052,0.42930756013748245,2.916027098205507,1.107328561363448,1.107328561363448
SB86246_component_2568a,184.706908,0.187585,3.621999979019165,17.413461685180664,184.70703881991946,0.1884986383488536,3.7005347871280896,0.9787774436327151,0.9787774436327151
SB86246_component_2573a,183.37581,2.504828,3.8350000381469727,16.60173225402832,183.37676960399844,2.5055963082097077,3.440255595341018,1.114742766014403,1.114742766014403
SB86246_component_2575a,181.888565,0.658991,3.61899995803833,19.884614944458008,181.8892095192863,0.6598536988654959,2.5131485376360394,1.4400262872812506,1.4400262872812506
SB86246_component_2579a,184.912613,-0.53808,3.9830000400543213,17.09442138671875,184.91295042849347,-0.5374120837936525,3.1073705046067808,1.2817911588429478,1.2817911588429478
SB86246_component_2596a,183.468262,1.734137,3.374000072479248,17.21428680419922,183.46874680233935,1.7344389941363336,3.7023806443781173,0.9113055616262744,0.9113055616262744
SB86246_component_2598a,183.520673,2.571111,3.4639999866485596,17.40703582763672,183.52127162228257,2.5717671401674482,3.7380873513818416,0.926677110787162,0.926677110787162
SB86246_component_2601a,184.357907,1.321931,3.1689999103546143,16.591623306274414,184.3585301003561,1.3223453727011187,3.588918035108185,0.8829958999771605,0.8829958999771605
SB86246_component_2609a,185.096502,0.994154,3.7330000400543213,16.59111213684082,185.0970064739717,0.9948047815682733,3.264780832934495,1.1434152033718523,1.1434152033718523
SB86246_component_2611a,183.859916,-2.918415,3.8889999389648438,12.07763957977295,183.86010399035703,-2.917747197491879,3.2347562296776076,1.2022544089365403,1.2022544089365403
SB86246_component_2619a,180.804476,-0.009577,3.8580000400543213,18.911766052246094,180.8050278853526,-0.009210729641788207,2.926030150566955,1.318510008964462,1.318510008964462
SB86246_component_2621a,184.645856,-1.51484,3.1579999923706055,10.815068244934082,184.645994542568,-1.5142539447275318,2.7550932648461206,1.1462406854480798,1.1462406854480798
SB86246_component_2628a,182.944325,-3.484333,3.811000108718872,10.675070762634277,182.94470317558194,-3.4833675894643656,3.260785144101449,1.1687369576044366,1.1687369576044366
SB86246_component_2635a,180.094614,0.743484,3.046999931335449,12.695833206176758,180.09464062741333,0.7437626213389709,3.5622150421606285,0.8553666455485291,0.8553666455485291
SB86246_component_2644a,182.113841,0.951182,3.6429998874664307,18.398988723754883,182.11433692577506,0.9518580063664749,3.2817999438693617,1.1100615362834094,1.1100615362834094
SB86246_component_2645a,180.425254,1.460511,3.3559999465942383,14.982142448425293,180.4257568204177,1.461147470947571,2.1444573591538596,1.564964643511689,1.564964643511689
SB86246_component_2647a,180.445663,-1.922309,3.4709999561309814,14.052631378173828,180.44629594323192,-1.9216906412116086,3.0224459273210593,1.1484076273309867,1.1484076273309867
SB86246_component_2653a,181.83931,2.282675,3.4590001106262207,14.97402572631836,181.83933339746696,2.283372478031389,3.7241343667668803,0.9288064741952807,0.9288064741952807
SB86246_component_2661a,183.130177,-2.667037,3.506999969482422,15.940909385681152,183.13021792246107,-2.6669427159838457,3.57619486765824,0.9806512506346925,0.9806512506346925
SB86246_component_2668a,184.393007,1.807626,3.3970000743865967,15.800000190734863,184.3932630978302,1.8082945969843918,2.7872775944376667,1.218751975463693,1.218751975463693
SB86246_component_2669a,185.331824,-0.066247,3.703000068664551,16.60538101196289,185.3324965630706,-0.06597586432270351,2.737157834448734,1.3528631860611495,1.3528631860611495
SB86246_component_2672a,185.021176,0.388664,3.184999942779541,13.787878036499023,185.02199572522747,0.3890905589259111,3.4284270195184816,0.9289974453727384,0.9289974453727384
SB86246_component_2674a,182.455414,-1.471792,3.378999948501587,15.289592742919922,182.45557666520162,-1.471425944552978,3.5912208093593523,0.9409056496039785,0.9409056496039785
SB86246_component_2676a,180.730267,-0.11523,3.309000015258789,16.141464233398438,180.73058133501766,-0.11471879622997332,2.7719945299241657,1.1937253048436984,1.1937253048436984
SB86246_component_2680a,182.552138,-2.641682,3.562999963760376,17.3804874420166,182.5520581651609,-2.6417696748417026,3.1813279429274823,1.1199725484703336,1.1199725484703336
SB86246_component_2681a,181.010694,-2.454148,3.562000036239624,14.841667175292969,181.01107580839977,-2.4539364988157604,3.1108783863477645,1.1450142351663852,1.1450142351663852
SB86246_component_2699a,185.627118,-0.471829,3.3480000495910645,15.149321556091309,185.62750576081294,-0.4715623625832855,2.7763592996211948,1.2058958111249736,1.2058958111249736
SB86246_component_2705a,184.106881,2.849696,3.63100004196167,16.209821701049805,184.1072741839986,2.8502990750656894,3.422938043119473,1.0607846230989857,1.0607846230989857
SB86246_component_2707a,183.325282,-1.141891,3.0,10.563380241394043,183.3256664080317,-1.1412334397209984,3.6538113929742435,0.8210604427389357,0.8210604427389357
SB86246_component_2709a,183.07128,-2.107023,3.2230000495910645,15.421051979064941,183.071371432961,-2.106834339277512,2.447345228988118,1.316937231174226,1.316937231174226
SB86246_component_2711a,185.84815,-1.362937,3.6700000762939453,12.787456512451172,185.84856516217047,-1.362710616453871,4.089393589299567,0.8974435930786855,0.8974435930786855
SB86246_component_2717a,181.329458,-2.400931,3.328000068664551,14.92376708984375,181.32973289875315,-2.4006821089760773,2.7833770792111805,1.1956698549833997,1.1956698549833997
SB86246_component_2721a,182.198571,-0.91268,3.2300000190734863,17.45945930480957,182.19893392208556,-0.9121474513022918,3.6189779723404074,0.8925171813037128,0.8925171813037128
SB86246_component_2744a,182.478002,3.222432,3.569999933242798,13.574143409729004,182.47799360343816,3.222661118268535,3.9950772556194334,0.8935997240657296,0.8935997240657296
SB86246_component_2746a,181.785426,3.226943,2.877000093460083,10.130281448364258,181.78531730254073,3.2274617812869946,4.51699837212668,0.6369274142787752,0.6369274142787752
SB86246_component_2753a,183.587847,-2.602518,3.36299991607666,13.240157127380371,183.58780385718364,-2.6021788093571576,2.372521196156786,1.4174793976653768,1.4174793976653768
SB86246_component_2756a,184.728159,-1.201983,3.558000087738037,12.752687454223633,184.72823351747238,-1.2016605187333982,3.2132665342140547,1.10728445644124,1.10728445644124
SB86246_component_2759a,182.687394,3.015866,3.171999931335449,14.484018325805664,182.68772038798667,3.0163147320919457,3.5778178384825843,0.8865739046906732,0.8865739046906732
SB86246_component_2761a,185.787444,-1.105765,3.558000087738037,13.276119232177734,185.78765137239748,-1.1055292257893625,3.357305113448253,1.0597785925044068,1.0597785925044068
SB86246_component_2764a,180.080184,-0.28651,3.4059998989105225,13.51587200164795,180.08074034443845,-0.2858238171129948,3.9170806168993275,0.8695250958624985,0.8695250958624985
SB86246_component_2773a,181.335514,0.33817,3.1389999389648438,15.237863540649414,181.33598929872377,0.33894091601463877,2.8925862923060923,1.0851880019324505,1.0851880019324505
SB86246_component_2780a,180.891213,2.018391,3.447999954223633,15.744292259216309,180.89170239086766,2.0191397563075237,3.305673817758415,1.0430551059516604,1.0430551059516604
SB86246_component_2782a,182.734156,-1.625579,3.066999912261963,13.51101303100586,182.7341874428427,-1.6249539634595331,2.8899974467179512,1.061246581980557,1.061246581980557
SB86246_component_2787a,185.425356,-0.221024,3.2960000038146973,13.96610164642334,185.42614924911248,-0.22059594807013622,2.4875558110060805,1.3249953987893222,1.3249953987893222
SB86246_component_2790a,182.825313,0.40446,3.571000099182129,18.219388961791992,182.82638217595522,0.4048228349841706,3.2261789483884216,1.1068822146291533,1.1068822146291533
SB86246_component_2795a,182.239132,2.222786,3.4690001010894775,18.55080223083496,182.23975908524233,2.223218890559775,2.6214230038052913,1.3233270998437996,1.3233270998437996
SB86246_component_2797a,183.954031,3.142203,3.046999931335449,10.882143020629883,183.95439584278233,3.142332131508983,3.868369260037293,0.7876703919692699,0.7876703919692699
SB86246_component_2798a,183.076174,1.322027,3.260999917984009,16.984375,183.07681553165304,1.3225485948219087,2.804143651408291,1.1629218482962798,1.1629218482962798
SB86246_component_2803a,182.34471,2.028349,2.8519999980926514,14.854166984558105,182.34528670228934,2.02884833576123,3.089626923311258,0.9230887964415024,0.9230887964415024
SB86246_component_2832a,179.935124,1.715396,2.9549999237060547,10.016949653625488,179.93561464591966,1.7162551165099043,2.4426621775578394,1.2097456418064523,1.2097456418064523
SB86246_component_2834a,184.619745,0.134111,2.8320000171661377,13.950739860534668,184.6201908236769,0.13448240037112014,2.829936881265858,1.0007290395464075,1.0007290395464075
SB86246_component_2835a,181.337996,-0.130952,3.0360000133514404,15.569231033325195,181.3381500386924,-0.13021550671886273,3.3228107784065144,0.9136842919497761,0.9136842919497761
SB86246_component_2836a,181.846133,0.445275,3.0239999294281006,16.9887638092041,181.84629038354134,0.4459505632456253,3.347906329172029,0.9032510566614229,0.9032510566614229
SB86246_component_2846a,182.575266,0.455188,3.2170000076293945,17.11170196533203,182.57551725580015,0.45563658956542563,2.018135000377232,1.5940459914862333,1.5940459914862333
SB86246_component_2849a,182.137184,2.400422,3.3540000915527344,17.84042739868164,182.13759544970694,2.4007614670673996,3.497367975576977,0.9590069203396904,0.9590069203396904
SB86246_component_2866a,184.270048,-0.918949,2.9110000133514404,11.930327415466309,184.26995532277988,-0.9184790632737728,3.0123735943081527,0.9663476067018193,0.9663476067018193
SB86246_component_2889a,183.068417,0.199446,3.003999948501587,14.871286392211914,183.06894257160667,0.1997895814535934,3.1799168456696774,0.944678774412718,0.944678774412718
SB86246_component_2908a,182.750186,0.303126,3.1519999504089355,17.130434036254883,182.75085365538723,0.3033188353337009,2.7261711228009498,1.1562003294827936,1.1562003294827936
SB86246_component_2916a,180.17201,-0.094241,2.990000009536743,12.304526329040527,180.1728159154589,-0.09378274078365945,2.0158439259271024,1.4832497551424368,1.4832497551424368
SB86246_component_2940a,184.806753,2.263745,2.9260001182556152,11.12547492980957,184.80730616488376,2.264382891331471,3.421622104673018,0.8551499928234284,0.8551499928234284
SB86246_component_2954a,183.183561,-2.165137,2.989000082015991,14.032864570617676,183.18327820733978,-2.1649081344083725,2.7531571762661358,1.085662710354121,1.085662710354121
SB86246_component_2958a,181.310332,2.366313,2.8989999294281006,13.17727279663086,181.31109413419358,2.3669357325692,2.759133023427797,1.0506923387936333,1.0506923387936333
SB86246_component_2959a,185.052448,-1.091932,2.7139999866485596,10.438462257385254,185.05282332207315,-1.0916544912736104,2.002436954416599,1.3553485320287006,1.3553485320287006
SB86246_component_2968a,182.911501,-0.494272,2.8310000896453857,12.582222938537598,182.91163425306996,-0.4941917068199406,2.6490107942343215,1.0687008508259654,1.0687008508259654
SB86246_component_2969a,184.85803,-2.205138,3.1689999103546143,10.458745002746582,184.85825728103907,-2.204731795550186,2.4683110252976865,1.2838738221705355,1.2838738221705355
SB86246_component_2974a,184.258114,-0.088633,3.005000114440918,14.587379455566406,184.25833786706409,-0.08826607747788104,2.8777729503671927,1.0442102856159974,1.0442102856159974
SB86246_component_2978a,183.009497,1.428823,2.8959999084472656,15.16230297088623,183.00973781845326,1.4290653806921179,2.8430278456081672,1.018632270141472,1.018632270141472
SB86246_component_2980a,181.359521,-1.224797,3.010999917984009,14.406697273254395,181.35962606051314,-1.2244561027500138,2.7973061241270876,1.0763927094048762,1.0763927094048762
SB86246_component_2983a,181.157868,0.829869,2.940999984741211,15.643617630004883,181.1583150197004,0.8303758467029815,3.245383263633524,0.9062103751186767,0.9062103751186767
SB86246_component_2987a,184.881703,2.619669,2.8570001125335693,11.953975677490234,184.88219675517465,2.6203188132925264,3.2578341818675747,0.8769630229908679,0.8769630229908679
SB86246_component_2995a,181.475557,2.440384,2.750999927520752,11.857758522033691,181.47568357591305,2.4411754497966967,1.8784956713479966,1.4644696655311704,1.4644696655311704
SB86246_component_3005a,185.346015,0.221411,2.8450000286102295,12.588496208190918,185.34688536957572,0.22185087913691692,2.9694283526587113,0.9580968761421459,0.9580968761421459
SB86246_component_3008a,183.037128,3.348771,3.1440000534057617,11.109540939331055,183.0371265147886,3.34855561754853,3.5025673445674674,0.8976272956698895,0.8976272956698895
SB86246_component_3015a,182.110302,2.678622,3.0759999752044678,14.175115585327148,182.11062145207762,2.6796675620105987,1.8345756150688315,1.6766820347653315,1.6766820347653315
SB86246_component_3023a,183.394231,2.894146,2.8940000534057617,12.862222671508789,183.39460071761485,2.8942601650609814,3.670287936111029,0.7884940102198608,0.7884940102198608
SB86246_component_3030a,180.287471,0.412712,2.821000099182129,10.645283699035645,180.28771999481046,0.4126958716354596,3.0847644162594836,0.9144945021775149,0.9144945021775149
SB86246_component_3034a,183.20785,3.01318,2.75600004196167,13.061612129211426,183.2078768218968,3.0134148189840078,3.420075565451719,0.8058301605384737,0.8058301605384737
SB86246_component_3043a,181.674879,-2.198117,2.515000104904175,11.536698341369629,181.67537307243902,-2.197872477432772,2.8832225052154317,0.8722879002070831,0.8722879002070831
SB86246_component_3045a,181.718982,0.973118,2.9860000610351562,15.005024909973145,181.7191877841317,0.973473843743945,2.133911521151282,1.399308280328398,1.399308280328398
SB86246_component_3051a,182.740554,2.151703,2.9539999961853027,13.868544578552246,182.74074358411366,2.1523274841129867,2.6511688778362443,1.1142255104458734,1.1142255104458734
SB86246_component_3080a,183.648815,1.1472,2.3389999866485596,12.441490173339844,183.6490243482456,1.1475712255706028,2.717458116348684,0.860730832455795,0.860730832455795
SB86246_component_3082a,181.036248,0.760764,2.9709999561309814,16.23497200012207,181.03689074228132,0.7615283984106649,2.6777530413524175,1.1095123076138707,1.1095123076138707
SB86246_component_3085a,182.280239,2.897713,2.7090001106262207,11.576923370361328,182.28068440695162,2.898129574197817,2.5831641403986176,1.0487138886219538,1.0487138886219538
SB86246_component_3094a,182.15854,0.949629,2.828000068664551,13.728156089782715,182.15896281082576,0.9500160783957775,2.7217902378705134,1.0390220485459358,1.0390220485459358
SB86246_component_3105a,183.177289,0.939848,2.640000104904175,15.172414779663086,183.17780792732995,0.9403212285399347,2.7076105049303307,0.975029495600256,0.975029495600256
SB86246_component_3115a,182.198782,-0.193186,2.694000005722046,16.22891616821289,182.19874750319275,-0.1928141324046526,2.7624873546269684,0.9752080860061817,0.9752080860061817
SB86246_component_3122a,180.737019,0.658367,2.4690001010894775,12.661539077758789,180.73754751932154,0.6589384534601249,2.636597386950909,0.9364342517022481,0.9364342517022481
SB86246_component_3124a,180.482375,1.838647,2.6649999618530273,10.65999984741211,180.4826772269633,1.8392444527227199,1.583952417709643,1.6825000120310136,1.6825000120310136
SB86246_component_3135a,183.549407,2.272108,2.9210000038146973,14.827411651611328,183.54996897668374,2.2724858570691753,2.4329577463284022,1.200596273495832,1.200596273495832
SB86246_component_3141a,181.012005,-1.412652,2.7829999923706055,12.7660551071167,181.01222498858874,-1.4121296978178086,2.357260808750373,1.1806075857367369,1.1806075857367369
SB86246_component_3161a,182.187138,0.304283,2.9189999103546143,15.609624862670898,182.18769677158252,0.3047888607090962,2.7763684372871724,1.0513733952424589,1.0513733952424589
SB86246_component_3170a,184.832419,2.789448,2.694000005722046,10.776000022888184,184.83304260333497,2.7899823916685023,2.154608016013977,1.2503434433080518,1.2503434433080518
SB86246_component_3172a,183.186233,1.900175,2.809999942779541,14.484535217285156,183.18677588893817,1.9007276232968862,2.1946006343099156,1.2804151693244796,1.2804151693244796
SB86246_component_3181a,180.899685,-0.357166,2.571000099182129,12.541463851928711,180.89988783055276,-0.356637097443552,3.1164152648949965,0.8249863643472929,0.8249863643472929
SB86246_component_3194a,180.598321,1.872649,2.683000087738037,11.665217399597168,180.59879561976038,1.8733479691858212,2.393488809570567,1.1209578574212817,1.1209578574212817
SB86246_component_3198a,182.653177,1.612998,2.559999942779541,13.403141021728516,182.65315702452006,1.6134980880368874,2.325100195617842,1.1010277955351855,1.1010277955351855
SB86246_component_3207a,184.412789,2.803559,2.671999931335449,12.256880760192871,184.4134309498577,2.804102704731167,2.44742905891796,1.0917578679550266,1.0917578679550266
SB86246_component_3215a,181.284054,0.514448,2.802000045776367,14.295919418334961,181.28452963144932,0.5150352279013162,2.982470146946686,0.9394897208426124,0.9394897208426124
SB86246_component_3216a,183.368456,-1.725268,2.6640000343322754,11.433476448059082,183.3686015790816,-1.7250512745458693,2.9384247530084813,0.9066082197969376,0.9066082197969376
SB86246_component_3239a,181.542477,0.255923,2.2960000038146973,11.89637279510498,181.54266116920775,0.2565363894163613,2.5401998177052616,0.9038659037023445,0.9038659037023445
SB86246_component_3254a,179.906221,0.314936,2.819999933242798,10.641510009765625,179.90667103584104,0.31605785530086006,1.9189568580044476,1.4695483754519414,1.4695483754519414
SB86246_component_3271a,182.970107,0.812156,2.5899999141693115,13.214285850524902,182.97071688604055,0.8124942169415218,2.4582911492752273,1.0535773661036512,1.0535773661036512
SB86246_component_3283a,181.844664,0.739103,2.3369998931884766,12.770491600036621,181.84523375423737,0.7396726339482236,2.6167216782411704,0.89310220212617,0.89310220212617
SB86246_component_3290a,184.748497,0.534665,2.4549999237060547,10.959820747375488,184.74926360208548,0.5348587886035192,2.7449905216667694,0.8943564301327237,0.8943564301327237
SB86246_component_3300a,180.99391,-1.363208,2.4600000381469727,12.0,180.9943994539921,-1.3628361445758526,2.7917596042338975,0.8811647086003436,0.8811647086003436
SB86246_component_3307a,182.958506,-2.233202,2.421999931335449,11.700482368469238,182.95810696582393,-2.2333338401065115,2.6080498042455966,0.9286632208452154,0.9286632208452154
SB86246_component_3310a,184.710058,0.061318,2.253999948501587,10.435184478759766,184.71077209571467,0.06165042200526327,2.4062613110437474,0.9367228480783265,0.9367228480783265
SB86246_component_3352a,181.928741,0.184354,2.374000072479248,13.116023063659668,181.92919095991235,0.1847853340503003,2.0526502711504895,1.15655360576775,1.15655360576775
SB86246_component_3367a,181.615381,-0.069388,2.497999906539917,13.216931343078613,181.61573080591643,-0.06882648819071872,2.4960861087840733,1.0007667194449377,1.0007667194449377
SB86246_component_3372a,182.36816,1.556272,2.5999999046325684,14.444443702697754,182.36840437006927,1.556865794290265,2.0748040807912087,1.2531303214138083,1.2531303214138083
SB86246_component_3391a,184.967493,2.783085,2.6010000705718994,10.003847122192383,184.96830314308758,2.783473164825692,2.5923548433474557,1.003334893464384,1.003334893464384
SB86246_component_3406a,182.912384,-0.994929,2.367000102996826,10.85779857635498,182.91258495097117,-0.9947152774840855,2.346987180790036,1.008527069244602,1.008527069244602
SB86246_component_3407a,180.798441,1.103793,2.3380000591278076,11.460784912109375,180.7986711951372,1.1038858534243854,2.473365090188354,0.9452709057803359,0.9452709057803359
SB86246_component_3409a,180.638193,1.551977,2.51200008392334,12.076923370361328,180.63895562896246,1.5525643464838896,2.571329235429629,0.9769266608535346,0.9769266608535346
SB86246_component_3419a,181.951901,0.330528,2.2780001163482666,11.926702499389648,181.95248437023724,0.3311511334493107,2.033748056269379,1.1200994682335104,1.1200994682335104
SB86246_component_3435a,182.980436,-0.338657,2.265000104904175,10.584112167358398,182.98127725087522,-0.3383661005973085,2.5833396933014767,0.8767720756109826,0.8767720756109826
SB86246_component_3464a,182.141776,-0.247378,2.4600000381469727,14.057143211364746,182.1416262558076,-0.24739964487941773,2.1813604948117704,1.127736586409229,1.127736586409229
SB86246_component_3468a,182.997081,2.409568,2.2950000762939453,11.649746894836426,182.99751177375288,2.4097654538073265,2.2530773328779223,1.0186068817098586,1.0186068817098586
SB86246_component_3470a,180.583555,0.378057,2.4040000438690186,11.960199356079102,180.58405630512243,0.3786618781129029,2.1523381558233954,1.116924883464396,1.116924883464396
SB86246_component_3474a,180.970758,-0.562034,2.4549999237060547,10.862832069396973,180.97126155711146,-0.5617693018406232,2.3322515441182503,1.0526308493169898,1.0526308493169898
SB86246_component_3481a,184.034074,0.124267,2.2920000553131104,11.180488586425781,184.03463518894912,0.12407596062665523,2.6470369081141825,0.8658738562682115,0.8658738562682115
SB86246_component_3482a,182.931672,-0.426949,2.188999891281128,10.730391502380371,182.93249216231746,-0.4263983371000413,2.255651880000207,0.9704511191154758,0.9704511191154758
SB86246_component_3484a,182.273273,-2.544597,2.118000030517578,10.133971214294434,182.27354341831563,-2.543922648557085,1.9369025921572363,1.093498474881302,1.093498474881302
SB86246_component_3493a,184.118276,0.102721,2.246000051498413,10.956097602844238,184.1185234744826,0.10320598424016238,2.272939063113146,0.9881479393566163,0.9881479393566163
SB86246_component_3523a,182.474539,-0.600731,2.0269999504089355,11.387639999389648,182.47500988074987,-0.6003253612449125,2.235549676909368,0.9067121036698451,0.9067121036698451
SB86246_component_3556a,181.846757,0.239552,2.078000068664551,11.112299919128418,181.84714074218445,0.23998727812908036,2.3231277305862137,0.8944837777560307,0.8944837777560307
SB86246_component_3558a,183.094359,-1.774301,2.4130001068115234,11.328639030456543,183.09427581364505,-1.77425218963797,1.9921233813289347,1.2112704109731518,1.2112704109731518
SB86246_component_3569a,180.714057,0.276042,2.444999933242798,12.538461685180664,180.714873839765,0.27635959244539693,2.1811226411123137,1.120982326787417,1.120982326787417
SB86246_component_3590a,180.876685,0.501711,2.0899999141693115,10.885416030883789,180.8770748622497,0.5025478346418002,2.019634478486441,1.0348406785645707,1.0348406785645707
SB86246_component_3604a,183.029484,0.454911,2.117000102996826,10.37745189666748,183.03022462952504,0.4550768477149845,1.9979525200740227,1.0595847907929228,1.0595847907929228
SB86246_component_3617a,180.512088,1.791275,2.4110000133514404,11.059633255004883,180.51259485946684,1.792172140342884,1.8982953874019635,1.270086852316052,1.270086852316052
SB86246_component_3685a,183.471468,2.696055,2.1449999809265137,11.056700706481934,183.471922594595,2.6968278381759005,2.549274130832747,0.8414159760158187,0.8414159760158187
SB86246_component_3756a,181.867206,0.532154,2.2209999561309814,10.88725471496582,181.8680292842548,0.5323234746119739,1.648926588684572,1.3469368323442341,1.3469368323442341
SB86246_component_3761a,183.181199,1.766475,2.1440000534057617,11.166666984558105,183.18167094557597,1.7669284524160933,2.329417525931024,0.9204017869440755,0.9204017869440755
SB86246_component_3789a,183.555784,1.712405,2.052999973297119,10.80526351928711,183.5562317118227,1.7130653499460882,2.0693576007907732,0.9920953113722812,0.9920953113722812
SB86246_component_3790a,181.138976,0.739208,2.0239999294281006,10.487046241760254,181.13903635341174,0.7400960114024181,2.40347029724196,0.842115640767722,0.842115640767722
SB86246_component_3794a,183.743408,2.000926,2.01200008392334,10.317949295043945,183.74431028962564,2.0016182090693007,1.8287259271332712,1.1002195868012716,1.1002195868012716
SB86246_component_3843a,182.477152,0.479574,1.8940000534057617,10.182795524597168,182.47732281070506,0.48045268320595114,2.266330903308105,0.8357120536286816,0.8357120536286816
SB86246_component_3860a,181.408564,-0.992923,2.0360000133514404,11.125682830810547,181.40895684178176,-0.9926484508493324,1.7499995777430495,1.1634288597813502,1.1634288597813502
SB86246_component_3886a,181.674459,-0.302226,2.0,11.049724578857422,181.6742748709302,-0.3014784751856113,2.0053670806676904,0.9973236417813822,0.9973236417813822
