Component_ID,RA,DEC,ASKAP_flux,ASKAP_flux_SNR,RA_comp,DEC_comp,Comp_flux,Flux_Ratio_AlphaCorr,Flux_Ratio_NOAlphaCorr
SB86142_component_3a,116.832023,-33.179809,793.5989990234375,414.4120178222656,116.83195850220856,-33.17960319362918,811.1325982515599,0.36927247868352714,0.9783838064628188
SB86142_component_16a,120.417882,-24.64172,344.9259948730469,177.33984375,120.41791804497583,-24.64176238855636,155.00457592789,0.8398835823143804,2.225263304700828
SB86142_component_23a,115.483519,-29.676823,285.6090087890625,612.8948974609375,115.4835793340996,-29.67679767356379,85.08621295943001,1.266923503878243,3.3567013838686632
SB86142_component_43a,120.065163,-28.395771,209.95399475097656,897.2393188476562,120.06527639582394,-28.3956238186342,49.92406294695,1.587274012231823,4.205466910296876
SB86142_component_46a,117.772809,-33.526709,204.50999450683594,311.7530212402344,117.77280236211378,-33.52661214388391,130.25369707389,0.5926007047853541,1.5700897487064953
SB86142_component_47a,121.051744,-27.313388,202.5919952392578,655.6375732421875,121.05175277906584,-27.31327450867715,79.17430779221998,0.9657744063833323,2.558809806975861
SB86142_component_54a,120.872904,-29.929567,173.05599975585938,670.7597045898438,120.8729112204332,-29.92945777707576,62.75888020685,1.04075656794027,2.7574743077868153
SB86142_component_66a,116.40274,-29.885444,162.7480010986328,591.8109130859375,116.4032318013314,-29.88542790475352,27.36616393742,2.2446024081112443,5.947052041009449
SB86142_component_77a,122.306018,-25.690192,145.38099670410156,127.08128356933594,122.30606221962272,-25.69022044500722,55.70788340656,0.9849828517002263,2.609702394239267
SB86142_component_90a,121.416714,-27.860403,123.68599700927734,440.1636962890625,121.41677193424252,-27.86032454548162,29.130119479060006,1.602566108294328,4.2459831686645915
SB86142_component_98a,123.718383,-29.417479,115.39900207519531,297.42010498046875,123.71841992660124,-29.41747771755342,50.50190555078,0.8624461215630514,2.285042530903331
SB86142_component_106a,123.594827,-27.287977,115.48400115966797,133.81692504882812,123.5950690945152,-27.28784878772172,22.01983867895,1.97945382377575,5.244543470251016
SB86142_component_109a,121.1159,-25.841105,112.36599731445312,303.69189453125,121.11551484528792,-25.840815304027032,18.70780570406,2.2669907371367737,6.006369698936272
SB86142_component_116a,122.555427,-26.874323,106.2030029296875,278.0183410644531,122.5554926965942,-26.874317424115983,33.436024696930005,1.1988361906539726,3.176304716016038
SB86142_component_118a,117.371555,-32.833704,110.6989974975586,259.8568115234375,117.3711416437528,-32.83383772802041,11.11536528384,3.758872839324743,9.959096680205157
SB86142_component_119a,123.986162,-28.894332,100.46600341796875,203.78500366210938,123.98621156144736,-28.89430008492808,23.53053101926,1.6114806077615518,4.269602047473396
SB86142_component_135a,117.316991,-33.05643,90.95800018310547,148.1400604248047,117.31689123263168,-33.05626873885039,27.81372723308,1.2342962162975808,3.270255705784207
SB86142_component_139a,122.059067,-30.596088,85.61199951171875,285.3733215332031,122.0591794317955,-30.59601123176657,15.27165120857,2.115857081632389,5.605942562627138
SB86142_component_150a,118.761044,-29.594044,87.927001953125,470.1978454589844,118.7608025883075,-29.59399166698878,12.9015064534,2.572287616283763,6.815250782590056
SB86142_component_154a,117.252182,-30.716507,81.71700286865234,381.85516357421875,117.25226428994806,-30.7165088105984,26.27883228054,1.1736647257236106,3.10961316683639
SB86142_component_160a,116.983918,-33.305579,78.70899963378906,64.46273803710938,116.98383412669808,-33.30551390535664,22.32846764343,1.3304640953512918,3.525051557084736
SB86142_component_161a,124.510716,-30.955061,77.10299682617188,103.49395751953125,124.51086828554796,-30.95505876881092,39.79282063733,0.7313145594483108,1.9376107446336905
SB86142_component_187a,114.940531,-29.49232,70.45800018310547,118.81619262695312,114.94056200744512,-29.492332958248657,24.16862291892,1.1003126150008529,2.915267469705467
SB86142_component_203a,119.936805,-24.778546,66.28900146484375,53.6753044128418,119.93676921821732,-24.77850245000297,21.490344102650003,1.1642219772317766,3.0845946974236473
SB86142_component_211a,122.662858,-27.99685,63.2599983215332,268.05084228515625,122.66292978461428,-27.99683317808132,34.20298394088,0.6980762540535128,1.8495461808501377
SB86142_component_214a,118.008683,-33.313877,62.25400161743164,153.33497619628906,118.00865874324327,-33.31383556966889,23.75112740584,0.9892834163334769,2.6210966980087202
SB86142_component_226a,119.533675,-29.437791,59.63800048828125,236.65872192382812,119.53366907986178,-29.43772522605461,18.95558327225,1.1874726273715732,3.1461970666757706
SB86142_component_229a,117.250627,-32.682752,60.814998626708984,128.57293701171875,117.25061778442635,-32.68264700718643,21.64540414892,1.0604316657105344,2.809603286143463
SB86142_component_243a,119.330077,-29.552906,60.00299835205078,283.03302001953125,119.33011648304178,-29.55272603885872,22.33303114614,1.0140583993984489,2.6867377723789896
SB86142_component_244a,116.811951,-32.869502,55.46099853515625,65.55673217773438,116.81194954930656,-32.86935904969626,12.62813341325,1.6576246967449928,4.39186035815587
SB86142_component_247a,124.849612,-29.839805,58.89500045776367,70.61750793457031,124.8497013107864,-29.83983122407377,7.41281005611,2.9987015427038304,7.945030293770921
SB86142_component_251a,117.783729,-33.114847,54.516998291015625,146.15817260742188,117.78366409625325,-33.11477802862773,15.26097019356,1.3483029260765145,3.572315363935468
SB86142_component_253a,115.376296,-30.503764,59.03200149536133,91.23957061767578,115.37630938490884,-30.50363336300414,11.50949073425,1.9358383370848096,5.128984666514705
SB86142_component_256a,121.639342,-29.193031,53.95500183105469,245.25001525878906,121.6393340368718,-29.1929783777782,206.73233079143,0.09850561712012927,0.26098966535374335
SB86142_component_258a,122.973741,-27.713636,54.30099868774414,178.62171936035156,122.97382823337804,-27.71361915812394,14.49318133306,1.4141053870349054,3.7466583381441323
SB86142_component_261a,118.503257,-30.743285,54.0,251.16278076171875,118.50331679206836,-30.74324325796691,10.66681165518,1.910718984328165,5.062431188027643
SB86142_component_262a,118.36813,-33.484325,52.433998107910156,126.34698486328125,118.36811618964936,-33.48428356093236,14.415188475010002,1.372872907319772,3.637413287991975
SB86142_component_282a,124.287343,-31.297896,50.775001525878906,59.17832565307617,124.28745545635738,-31.29776967427064,15.75452609985,1.2164164558736092,3.22288345609852
SB86142_component_286a,120.653561,-26.454907,50.08700180053711,211.33755493164062,120.65367326765217,-26.45491964488522,19.95783525594,0.9472165725942945,2.5096410085672916
SB86142_component_287a,120.20875,-30.354359,47.375,206.8777313232422,120.20880845874778,-30.354350577284368,13.21840674399,1.3527196449953882,3.584017417344185
SB86142_component_298a,122.139231,-28.383993,50.2760009765625,239.40953063964844,122.13987785110557,-28.38396100298992,8.42317758784,2.2527990508350166,5.968768965424964
SB86142_component_301a,120.110061,-27.510478,48.60100173950195,184.09471130371094,120.11008767474378,-27.51045656651646,13.304969714889998,1.3786975888972228,3.652845724640101
SB86142_component_306a,117.425484,-30.227464,50.39899826049805,229.0863494873047,117.42517945903064,-30.2275182735397,21.25671307081,0.8948772753345025,2.3709685543860783
SB86142_component_310a,116.903519,-29.415413,46.691001892089844,213.200927734375,116.9035196540575,-29.41541843078349,11.805369333080002,1.4927645057929841,3.955064900956236
SB86142_component_327a,122.779256,-27.41128,47.22600173950195,156.37750244140625,122.77919872604213,-27.4111011471563,10.1928561127,1.748730846715708,4.633245207951061
SB86142_component_331a,120.463813,-27.854459,45.45500183105469,237.9842987060547,120.46385042304664,-27.85437273250641,12.3770031027,1.386129688276706,3.672536998971814
SB86142_component_338a,120.69652,-31.342101,42.78799819946289,160.8571319580078,120.69660038425144,-31.342030439096646,9.652550294189998,1.673083365479129,4.432817949181531
SB86142_component_343a,123.557634,-28.408992,42.57600021362305,115.07026672363281,123.55762085150008,-28.40899322907175,18.54781187995,0.8663828812885559,2.295472937141835
SB86142_component_344a,118.828398,-33.427366,44.762001037597656,126.09014892578125,118.82824784970784,-33.42731788866937,9.431168133260002,1.7913551280565168,4.746177822844635
SB86142_component_357a,118.519008,-30.868302,40.27799987792969,171.395751953125,118.51900040197658,-30.86828362735706,7.453974538239999,2.0394716697849757,5.403560163949789
SB86142_component_359a,122.938778,-29.119126,40.79199981689453,167.86831665039062,122.938721146224,-29.119150002573463,21.61035906469,0.7124439448492756,1.8876132365401623
SB86142_component_361a,121.721,-25.175568,40.388999938964844,37.88836669921875,121.72111548986194,-25.175631392734488,18.33009650824,0.8316412718609418,2.2034253840839635
SB86142_component_370a,117.949556,-32.817241,38.66600036621094,134.2569580078125,117.94951817689268,-32.81711835119948,12.54302093765,1.1634957174783394,3.0826704793379074
SB86142_component_376a,124.205004,-30.153806,39.44599914550781,99.6111068725586,124.20513210321012,-30.15389206389436,17.736040887650002,0.839428993126442,2.224058875110901
SB86142_component_388a,121.816354,-27.109926,36.861000061035156,162.3832550048828,121.81638339993988,-27.109919090312665,24.86818734324,0.5594492150989142,1.4822552022898123
SB86142_component_401a,122.256711,-28.259114,35.46500015258789,134.847900390625,122.25675291586904,-28.25906706864902,15.714372019650002,0.8518058557426171,2.2568512510866334
SB86142_component_403a,117.27951,-32.521622,36.707000732421875,98.67472839355469,117.27944195808196,-32.52161860643434,13.23609831151,1.0467105507736425,2.773249326842924
SB86142_component_405a,120.265023,-27.004314,36.08000183105469,150.33334350585938,120.26506583717745,-27.00429758322401,13.106600833760002,1.038996688758993,2.752811525175907
SB86142_component_406a,116.135683,-29.124348,35.80500030517578,143.79518127441406,116.13562701159454,-29.12436004134204,8.16731186026,1.654635083035375,4.38393940598663
SB86142_component_407a,114.79678,-29.196748,38.97100067138672,67.42387390136719,114.79668649354343,-29.19713016349809,4.85839148548,3.027518015084574,8.021379254400792
SB86142_component_419a,123.993081,-30.715444,35.566001892089844,86.5352783203125,123.993082195178,-30.71547334288799,11.868758963539998,1.1310125468704177,2.9966066377576737
SB86142_component_436a,120.911991,-27.486843,33.555999755859375,118.15492248535156,120.9120911478405,-27.48678487509348,8.411620382639999,1.505664474290459,3.989243240828205
SB86142_component_437a,115.602063,-29.586273,34.67300033569336,107.01543426513672,115.60207631334268,-29.58618769990606,6.65715822364,1.9658040716473817,5.208378586010963
SB86142_component_440a,123.898256,-29.367042,33.25299835205078,90.85518646240234,123.89829826714896,-29.3671805211173,13.09885081987,0.9581539632804615,2.538619517798341
SB86142_component_442a,121.901258,-25.576172,29.75200080871582,42.201419830322266,121.90141429355148,-25.57620827989265,10.74779361007,1.0448033217285833,2.7681961422147228
SB86142_component_448a,120.326935,-26.17848,31.836999893188477,129.94692993164062,120.32691905322424,-26.1784562594505,21.33754322926,0.56315171053138,1.4920649275841025
SB86142_component_452a,121.779214,-27.845343,31.499000549316406,152.90777587890625,121.77931599920494,-27.8452769174764,9.65135234953,1.2318172700110852,3.2636877619383915
SB86142_component_457a,117.938016,-32.432811,31.06399917602539,122.78260803222656,117.93798796497452,-32.43274594848175,7.760087463810001,1.51087465314111,4.003047558535349
SB86142_component_460a,120.330086,-27.576549,31.785999298095703,164.6942901611328,120.33008670395584,-27.57650731324902,13.30056067755,0.9019939119945367,2.3898240133400734
SB86142_component_463a,121.387743,-26.127073,30.104999542236328,94.96845245361328,121.38772820411675,-26.1270333997441,9.22119735998,1.232222098999938,3.2647603523694264
SB86142_component_464a,123.155087,-28.464467,31.399999618530273,115.86715698242188,123.15515928029616,-28.46440715596153,10.93620931136,1.083678643600324,2.87119592580525
SB86142_component_466a,115.363134,-30.206914,32.34400177001953,59.3467903137207,115.36304015896334,-30.206951484454606,11.46909020426,1.0643941261245493,2.8201017861038267
SB86142_component_473a,117.289195,-29.269628,31.746000289916992,150.45498657226562,117.28916466544166,-29.269635521525608,10.66086152216,1.123917411609239,2.9778081465488286
SB86142_component_474a,117.247578,-33.22013,30.329999923706055,41.32152557373047,117.24743693756284,-33.220073135654175,8.83827603011,1.2952169935896987,3.4316647070513104
SB86142_component_483a,122.134049,-26.194676,31.093000411987305,63.32586669921875,122.1337580659192,-26.19434656182929,4.29932539085,2.729606242101554,7.23206493701563
SB86142_component_484a,122.306042,-27.999188,29.02199935913086,148.07142639160156,122.30613528749107,-27.99917931736363,7.457745350090001,1.4687824133096636,3.891524582396826
SB86142_component_494a,120.952344,-25.616922,28.538000106811523,79.0526351928711,120.95240645778276,-25.61691280193809,12.80440928581,0.8412046664040472,2.228763504024952
SB86142_component_498a,124.967919,-29.423592,30.402999877929688,25.147228240966797,124.9681008746178,-29.42376585737184,11.53928331458,0.9944324485851649,2.6347390084022977
SB86142_component_502a,115.22289,-29.726843,28.134000778198242,59.605934143066406,115.22300180801383,-29.72685184839684,9.04409872615,1.1740967509658184,3.1107578134736547
SB86142_component_506a,121.484446,-28.497766,27.427000045776367,128.7652587890625,121.48446273998827,-28.49772803612912,7.2051524874,1.4367222459240168,3.8065814837006284
SB86142_component_514a,120.755776,-28.005073,26.826000213623047,123.05504608154297,120.7557941089202,-28.00502477459803,9.8772103456,1.0250836501843181,2.71594906608152
SB86142_component_516a,122.452851,-26.123105,26.226999282836914,36.68111801147461,122.452782851673,-26.12309477277304,11.89027942175,0.8325191445819992,2.2057512992387567
SB86142_component_519a,121.595612,-28.691974,29.08099937438965,146.8737335205078,121.59563013918728,-28.692006701740866,10.80750170867,1.0155976792631023,2.690816079266522
SB86142_component_523a,116.368924,-29.767024,26.45199966430664,116.52863311767578,116.369008710876,-29.7669914926275,7.79413744673,1.280938072147118,3.3938328448909347
SB86142_component_525a,123.254067,-28.884209,26.70599937438965,99.27880859375,123.2540309308178,-28.884160719493128,10.56298610826,0.9542448207688361,2.5282622830968413
SB86142_component_528a,120.198174,-29.906302,25.621000289916992,148.9593048095703,120.19818493844886,-29.90613333032064,12.55026338399,0.7705146967191456,2.0414711234348233
SB86142_component_531a,116.672373,-32.704488,26.958999633789062,33.40644454956055,116.67231464508076,-32.704314739532215,9.63922739007,1.0555996389259696,2.796800878622419
SB86142_component_533a,121.184371,-27.805799,25.374000549316406,65.5658950805664,121.184387138038,-27.805745029576613,8.44286898881,1.1343225878970813,3.0053765589572183
SB86142_component_534a,122.522433,-25.861767,27.72100067138672,24.72881317138672,122.5224840488304,-25.861498378025622,8.65225105767,1.2092538432399946,3.203906184253953
SB86142_component_541a,120.194902,-27.960112,25.687999725341797,138.8540496826172,120.19495468481,-27.96007571880696,10.85005017444,0.8935857346241405,2.3675466299553425
SB86142_component_544a,118.085562,-31.287617,26.51099967956543,110.4625015258789,118.08555779777186,-31.287518228762607,13.16723186703,0.7599225058777754,2.013407217803118
SB86142_component_546a,121.254139,-26.127147,24.969999313354492,87.6140365600586,121.25415822611065,-26.127137733409327,11.33402323792,0.8315188853023707,2.2031011220987176
SB86142_component_555a,120.248238,-26.459018,24.356000900268555,110.70909881591797,120.248263465477,-26.45894001751595,11.58026152156,0.7938259644416117,2.103234098377038
SB86142_component_558a,123.696662,-27.790113,24.966999053955078,37.886192321777344,123.6967190370026,-27.79011204887316,18.512392023520004,0.5090277888239045,1.3486641284516065
SB86142_component_564a,118.036569,-29.151835,24.590999603271484,128.078125,118.0364493769534,-29.15185003111028,7.297173013839999,1.2719183268344696,3.3699351182480646
SB86142_component_567a,119.61737,-32.116136,24.440000534057617,116.3809585571289,119.61739152473244,-32.11616048028519,6.36867154206,1.448405100546349,3.837535092310993
SB86142_component_569a,120.757034,-25.328927,22.889999389648438,51.32286834716797,120.75699530232124,-25.32888328549712,8.51470971334,1.0146438334791164,2.6882888742274633
SB86142_component_576a,116.141941,-27.050124,24.18199920654297,39.70771408081055,116.14203340561777,-27.05016983131249,9.11126111306,1.0017316490542036,2.654078168375694
SB86142_component_578a,122.21209,-29.176247,23.73699951171875,129.00543212890625,122.21203176008105,-29.1762549436472,7.067592634339999,1.2676285063198647,3.3585692809154684
SB86142_component_584a,122.586168,-28.230781,23.21299934387207,103.16889190673828,122.5862429502082,-28.23074922462638,18.544959094200003,0.47243608836302364,1.2517147773667514
SB86142_component_589a,120.019489,-25.059749,22.768999099731445,30.768917083740234,120.019627163799,-25.059770817418016,8.46987939538,1.0146222904158104,2.688231796092761
SB86142_component_590a,117.775986,-33.427567,24.926000595092773,43.806678771972656,117.77602639925507,-33.4275628437439,6.23511516625,1.5088490963199137,3.997680865626108
SB86142_component_594a,118.093904,-31.544977,23.167999267578125,104.83257293701172,118.0938756467747,-31.54489740458694,6.74523805255,1.2963698889181299,3.4347192919039515
SB86142_component_598a,115.588726,-29.038193,23.413999557495117,81.86712646484375,115.58863399016909,-29.03831009624284,6.492222259,1.361193642636615,3.6064691908902065
SB86142_component_608a,118.134914,-32.78493,23.024999618530273,84.96309661865234,118.13489692520244,-32.78480510803525,9.04474088841,0.960818125907585,2.545678190520049
SB86142_component_621a,121.343239,-25.418441,20.763999938964844,40.1624755859375,121.34321434147144,-25.41849099990716,17.076973059860002,0.45892087318835906,1.215906347464547
SB86142_component_623a,117.098144,-33.20421,23.670000076293945,27.523256301879883,117.09799851054962,-33.2040894342969,6.213014234249999,1.4379162652359236,3.8097450261437005
SB86142_component_626a,120.730187,-30.585162,22.510000228881836,102.31818389892578,120.7302656215965,-30.58505704900241,7.533802023450002,1.127714024855649,2.9878672360670406
SB86142_component_635a,117.018339,-29.039602,21.320999145507812,93.10479736328125,117.01831158455144,-29.03963470216747,6.63279053541,1.2132462452520056,3.214484014184216
SB86142_component_642a,123.870542,-27.925157,22.92799949645996,33.61876678466797,123.87067582486227,-27.925287712399307,14.37488528129,0.6020041174154902,1.5950039981399007
SB86142_component_647a,123.475603,-29.946695,21.589000701904297,81.16165924072266,123.47566728942664,-29.94678485903875,7.370648589419999,1.1055146961167235,2.9290503325438215
SB86142_component_648a,124.930416,-29.048337,22.496999740600586,15.028056144714355,124.9299818708925,-29.04856049362535,10.79841639776,0.7863252444559871,2.0833610144231254
SB86142_component_651a,116.701515,-32.353565,21.944000244140625,40.04379653930664,116.70141328717756,-32.3535334505721,8.269578040999999,1.0015442339433458,2.653581613879666
SB86142_component_655a,121.73728,-30.451736,21.115999221801758,84.12749481201172,121.73742257450463,-30.451688054459748,4.646799415469999,1.7151234974532361,4.54420286606367
SB86142_component_660a,121.735068,-26.208359,19.993999481201172,54.778079986572266,121.73504790989595,-26.20832621634684,12.11194858275,0.6230506358934653,1.650766542195935
SB86142_component_661a,120.412091,-25.502958,20.849000930786133,60.60755920410156,120.41214648443068,-25.50294629456883,6.20162027936,1.2688718514879451,3.3618635117301516
SB86142_component_664a,123.1988,-27.235874,21.3799991607666,39.08592224121094,123.19873434184368,-27.23592565487554,15.520246067370008,0.5199322625688106,1.3775554245699895
SB86142_component_677a,115.53576,-29.96563,20.930999755859375,54.5078125,115.53573432284855,-29.965575223338,9.90274703374,0.7977594788725343,2.1136559062394125
SB86142_component_686a,118.220997,-33.138735,19.246999740600586,59.03987503051758,118.22092842103775,-33.13868705971371,6.04578667739,1.2015667635017404,3.183539341965275
SB86142_component_690a,116.503492,-29.870809,19.97800064086914,82.55371856689453,116.50353936582692,-29.8707897998825,6.70507120391,1.124569535078163,2.9795359412766795
SB86142_component_696a,118.598241,-33.337364,20.059999465942383,60.421688079833984,118.59786698027476,-33.33749183487678,3.97574824135,1.9043629661073325,5.04559098015996
SB86142_component_703a,120.906511,-25.807994,19.17300033569336,67.27368927001953,120.90643978588793,-25.8079866433672,7.89925335541,0.91609755102275,2.4271914664646443
SB86142_component_704a,116.835764,-29.378397,19.406999588012695,90.6869125366211,116.83582772742778,-29.37848610984683,5.59566280077,1.3090147691824137,3.468221778006739
SB86142_component_719a,121.84589,-27.699404,19.393999099731445,92.35237884521484,121.84594341576816,-27.69938811224442,13.20823839635,0.5541918794387524,1.468325943078892
SB86142_component_733a,120.728483,-29.726418,17.548999786376953,91.40103912353516,120.72855967269732,-29.72632705775247,5.9932420016300005,1.1051678430980922,2.9281313488766343
SB86142_component_741a,116.098092,-29.503583,19.20599937438965,75.31764221191406,116.09831018388032,-29.50358816054123,10.83565195438,0.668989881538581,1.7724821224648304
SB86142_component_752a,120.519377,-30.456823,17.292999267578125,76.85777282714844,120.51947820022292,-30.456791666386145,9.766740105379997,0.6682798669409978,1.7706009457600185
SB86142_component_761a,122.677921,-27.556698,17.540000915527344,68.515625,122.67802442335022,-27.55667496336783,5.493654767509999,1.2050524036408299,3.1927745112890222
SB86142_component_768a,116.621715,-29.971743,17.63800048828125,82.8075180053711,116.62177523077592,-29.97163730034886,3.20066135326,2.0799232516003348,5.510736232783968
SB86142_component_769a,122.346,-28.025675,17.284000396728516,88.63590240478516,122.34607221343796,-28.02569235914217,7.10353586097,0.9183481933509042,2.433154521214503
SB86142_component_771a,116.869297,-32.57448,17.799999237060547,33.08550262451172,116.8693251637578,-32.574445700814174,5.79095106541,1.1601329832708955,3.073760948073269
SB86142_component_774a,118.16178,-32.415799,17.141000747680664,71.1244888305664,118.1617498292459,-32.41580325598829,6.911806899760001,0.9360138243099672,2.479959436985407
SB86142_component_777a,121.61443,-27.139172,17.599000930786133,64.46520233154297,121.6144962194938,-27.139156133688505,33.85894035054,0.1961789191981622,0.5197741201757796
SB86142_component_779a,116.852349,-32.119457,17.79400062561035,51.8775520324707,116.85230368968809,-32.119455928597176,4.0718246747999975,1.649385670881567,4.3700311400279945
SB86142_component_782a,121.397293,-25.210729,15.286999702453613,21.745376586914062,121.39720159827463,-25.21065845893796,4.39714018343,1.3121685709390147,3.4765777447943336
SB86142_component_788a,117.293818,-29.102472,17.66200065612793,84.91345977783203,117.29384294535404,-29.10255427071381,6.190998693150001,1.0767549323389414,2.8528516208006893
SB86142_component_795a,118.104388,-31.611424,16.797000885009766,79.23114013671875,118.10449011837991,-31.611319245152,4.28977842206,1.4778643412273496,3.9155870612411854
SB86142_component_799a,115.875694,-30.685568,17.726999282836914,51.682212829589844,115.87579221826178,-30.68558050534914,4.93123763005,1.3568035824347968,3.5948377694905713
SB86142_component_818a,122.040441,-30.719467,15.449000358581543,61.5498046875,122.04064975387648,-30.71940269574268,4.4086289992,1.3226182647726674,3.504264106003239
SB86142_component_823a,122.852023,-27.162898,16.648000717163086,42.578006744384766,122.85202987906696,-27.16285090051969,6.141602529599999,1.0230999537711862,2.710693281912427
SB86142_component_826a,122.780957,-28.518014,15.718000411987305,72.43318176269531,122.78106168206008,-28.51793812395206,14.3192328411,0.4143002833667321,1.0976845328523794
SB86142_component_829a,122.293159,-27.508289,15.414999961853027,70.06818389892578,122.29313383624311,-27.508253713016487,5.66560147584,1.0269166397491953,2.720805553935922
SB86142_component_838a,124.596668,-28.547868,16.78499984741211,22.409879684448242,124.59672503758922,-28.548145028110213,7.78504329724,0.8137631038126751,2.1560573533820717
SB86142_component_854a,116.435319,-29.135129,16.257999420166016,81.698486328125,116.4353834250244,-29.13531358895946,4.41479431274,1.3899344363401105,3.6826176416077794
SB86142_component_858a,121.934723,-26.835688,15.213000297546387,55.31999969482422,121.9346371657274,-26.83568529704356,15.910627721970002,0.360882020123391,0.9561533688918945
SB86142_component_859a,118.040891,-32.656065,15.279999732971191,58.098854064941406,118.0409230830998,-32.65599898564633,5.26107554191,1.0961916624404393,2.9043490463594224
SB86142_component_864a,123.143562,-29.207903,15.468999862670898,58.37358856201172,123.14356713330044,-29.207897440619305,5.25397439177,1.1112505003775184,2.9442472896141356
SB86142_component_869a,120.835937,-29.046297,15.234000205993652,86.55681610107422,120.83600109211416,-29.046280834528343,6.12656249745,0.9385010753951087,2.486549384313692
SB86142_component_875a,123.221939,-27.904819,15.378000259399414,46.741641998291016,123.22198588571584,-27.90481450989662,4.620287209780001,1.256228309563685,3.3283645715461163
SB86142_component_877a,115.013212,-30.103165,15.965999603271484,19.711111068725586,115.01331536423298,-30.10337416548251,5.08346434119,1.185424825941066,3.140771436892575
SB86142_component_878a,117.584241,-30.632059,14.788000106811523,73.57213592529297,117.58423029233607,-30.63208592590168,7.02172384156,0.7948833234046864,2.106035560567718
SB86142_component_882a,122.515306,-26.434332,15.414999961853027,30.344486236572266,122.51563769620893,-26.43434545967042,6.912038077149999,0.84173442981475,2.2301671069799727
SB86142_component_904a,118.505315,-32.670439,14.204000473022461,62.572689056396484,118.50522963282988,-32.670387113264326,6.3026511026400005,0.850599449390035,2.2536548893009183
SB86142_component_905a,124.152168,-28.91027,14.9350004196167,25.18549919128418,124.152185917941,-28.910291498850217,4.34976712378,1.2959161980220624,3.4335172423295166
SB86142_component_906a,123.507443,-28.673279,14.734000205993652,45.05810546875,123.50745720506724,-28.67328994298219,6.29371275351,0.8835913170664395,2.341066518769308
SB86142_component_908a,121.573563,-28.594434,13.225000381469727,66.125,121.57361667506706,-28.59440178803679,5.61413175674,0.8891003435689077,2.355662630395619
SB86142_component_919a,120.290508,-26.947682,14.729999542236328,68.51162719726562,120.29048170671774,-26.947599789605352,4.8123151776,1.1552776077630045,3.0608966783390272
SB86142_component_931a,114.230899,-28.784218,14.687999725341797,11.807074546813965,114.23088094778456,-28.784334572496327,4.70956546937,1.1771166501541581,3.1187590067214024
SB86142_component_935a,123.020462,-30.75411,13.267999649047852,46.554386138916016,123.02050906071544,-30.75407221901168,7.29731999089,0.6862458739614693,1.8182017049562949
SB86142_component_942a,122.660079,-28.742803,12.987000465393066,64.29207611083984,122.66010113141164,-28.74279692881064,5.30327468331,0.9242775823924793,2.4488643792607263
SB86142_component_943a,124.52913,-30.657634,14.892999649047852,27.579627990722656,124.52926720960711,-30.65761783534213,2.33080032889,2.4116528586848576,6.389650569570823
SB86142_component_954a,116.805975,-30.250004,13.949000358581543,67.71359252929688,116.80600448652488,-30.24993131428008,2.8657191718299995,1.8371606803066827,4.8675391837763184
SB86142_component_980a,124.250594,-28.926873,13.447999954223633,24.450908660888672,124.25066638340624,-28.92700358071609,8.71738717187,0.5822493997657541,1.542664067694363
SB86142_component_981a,115.288237,-30.843718,12.28499984741211,13.741610527038574,115.28816146820505,-30.8435591775386,2.77624268422,1.67014975392795,4.4250453741812
SB86142_component_988a,122.897325,-26.281808,13.873000144958496,13.57436466217041,122.89753910740583,-26.28204061474771,3.75038877179,1.3961490548017272,3.6990832122017947
SB86142_component_996a,119.754304,-32.466849,13.184000015258789,64.31219482421875,119.7542782028682,-32.4668718986386,5.429736861269999,0.9164443484974505,2.4281103029687316
SB86142_component_1003a,121.305661,-28.298316,12.96399974822998,64.81999969482422,121.30568916233808,-28.29834395495771,9.5570421949,0.5119802358545946,1.3564866078699604
SB86142_component_1005a,115.559546,-30.576398,12.967000007629395,28.37417984008789,115.55970967971884,-30.57637135970509,8.799124452989998,0.5562086471645348,1.4736693493661321
SB86142_component_1017a,115.593255,-29.07491,12.800000190734863,43.686004638671875,115.59328297636112,-29.07499601689452,7.589268063260001,0.6365723470250958,1.6865921830723385
SB86142_component_1025a,116.60582,-29.325097,12.61299991607666,58.12442398071289,116.60592321651468,-29.32501970132616,3.5278780110000003,1.3494056338024087,3.575236977227969
SB86142_component_1027a,121.600339,-25.925559,12.508000373840332,32.15424346923828,121.60039289671282,-25.92556054773005,3.705914173480002,1.2738849712744085,3.3751457233816127
SB86142_component_1033a,117.073553,-29.271965,12.395999908447266,60.764705657958984,117.073542748083,-29.27199545052664,4.3658043195900005,1.0716549732446967,2.839339329255919
SB86142_component_1038a,121.815877,-29.276687,12.54800033569336,61.50980758666992,121.8158647226398,-29.27671702244673,4.516154513380001,1.0486810373952935,2.7784701117991926
SB86142_component_1058a,124.422249,-28.925178,12.083000183105469,16.175369262695312,124.4221536214902,-28.92529547185843,2.98608306741,1.5272515790587,4.0464380629523955
SB86142_component_1061a,116.583364,-29.129651,12.517999649047852,55.88392639160156,116.58330830411931,-29.129690871981698,3.7489487702699993,1.2602685972563736,3.339069274117156
SB86142_component_1075a,119.804306,-29.328712,11.63599967956543,52.17937088012695,119.80420679052745,-29.32876785658149,5.39831587766,0.8135478335445875,2.1554869969204673
SB86142_component_1077a,122.554697,-27.594248,11.47700023651123,48.4261589050293,122.55480268954445,-27.5942497665222,4.33944726119,0.9982323994859011,2.6448069410028756
SB86142_component_1078a,114.882192,-29.631254,11.364999771118164,16.189456939697266,114.8825244863179,-29.63117888223859,7.56625045519,0.5669260379704557,1.5020649710746024
SB86142_component_1089a,122.664162,-28.797741,11.163000106811523,56.664974212646484,122.66410052829188,-28.79772669316247,5.04161868449,0.8356965690052566,2.2141698540497115
SB86142_component_1091a,118.287528,-32.583146,11.251999855041504,48.291847229003906,118.28740873017094,-32.58310013532216,3.14259468295,1.3513848072720285,3.580480777902636
SB86142_component_1109a,114.595302,-29.226513,11.47700023651123,14.770914077758789,114.59581462616872,-29.22635992999086,11.17564015504,0.38760883420415676,1.0269658003738893
SB86142_component_1111a,123.875746,-29.661276,12.373000144958496,36.606510162353516,123.8758741909258,-29.66126395254313,3.0848575766,1.5138316662124112,4.0108821356334685
SB86142_component_1116a,117.2903,-29.741896,11.663000106811523,59.505104064941406,117.29032052233028,-29.74187662741308,2.9995422409500003,1.467550257497736,3.888259997671403
SB86142_component_1129a,121.277469,-25.724494,11.192999839782715,28.265151977539062,121.2776247269874,-25.72448670995802,3.50503831953,1.205289609990861,3.1934029871843497
SB86142_component_1150a,120.825291,-25.957417,11.51200008392334,40.11149978637695,120.82534816878956,-25.95735878660945,4.29748655115,1.0110530495578907,2.678775127485332
SB86142_component_1165a,115.499356,-31.249822,10.447999954223633,11.393674850463867,115.49891972942856,-31.24979244289023,4.0524008272600005,0.9731021952462614,2.5782247116181662
SB86142_component_1171a,120.641714,-25.027918,10.446999549865723,15.363234519958496,120.6418164080669,-25.02805661256847,6.61123063483,0.5964127974195487,1.5801898507106544
SB86142_component_1172a,123.041478,-29.458634,10.649999618530273,44.93670654296875,123.0414923276049,-29.45871454386842,6.404784651519999,0.6275997267234358,1.662819313683371
SB86142_component_1177a,120.505116,-26.89638,11.07699966430664,47.33760452270508,120.50507189936096,-26.89629780210401,2.7946859069200003,1.4959835682013007,3.9635937751997714
SB86142_component_1194a,119.78804,-29.816242,10.782999992370605,59.24725341796875,119.78802093390344,-29.81613523980466,2.84720641577,1.4294150055992192,3.7872210222083407
SB86142_component_1197a,122.682493,-28.105246,10.616000175476074,47.819820404052734,122.6826105156465,-28.1052543723932,4.3352941659300015,0.9242299360515369,2.4487381407482287
SB86142_component_1202a,117.080817,-32.668551,11.243000030517578,22.9918212890625,117.08094837766214,-32.66849484982753,4.40896871171,0.9624604241327992,2.5500294435423716
SB86142_component_1218a,122.735919,-27.090298,10.522000312805176,28.133689880371094,122.73561062721171,-27.09034218371952,13.80054350938,0.28776621552953147,0.7624337625292472
SB86142_component_1225a,120.363306,-29.032956,10.20199966430664,56.677772521972656,120.36322728004843,-29.03298838346696,5.69908835973,0.6756434954770133,1.790110807264264
SB86142_component_1231a,122.552466,-29.635156,9.842000007629395,46.424530029296875,122.55252970344272,-29.63514002443592,4.15966702755,0.8930226598666537,2.3660547689140947
SB86142_component_1241a,120.054036,-27.593309,9.871000289916992,49.10945129394531,120.05419419027676,-27.59317824049612,7.26837304445,0.512579981631796,1.3580756284178772
SB86142_component_1246a,123.373824,-29.114454,9.649999618530273,35.09090805053711,123.37360890104998,-29.114484503813987,3.898646136690002,0.9342243093823969,2.4752181347556825
SB86142_component_1262a,118.174643,-30.499383,9.312999725341797,46.10395812988281,118.17479594380607,-30.49929508803209,1.955723575,1.7972968155108502,4.761920265414706
SB86142_component_1263a,117.919065,-29.028183,9.848999977111816,54.115386962890625,117.91892654483168,-29.0282380002876,8.67163045425,0.42867589191133587,1.1357725665402154
SB86142_component_1266a,118.97394,-29.044874,9.942000389099121,56.48863983154297,118.97374924636436,-29.04487994813189,4.53953416434,0.8266090817868101,2.190092645892573
SB86142_component_1272a,117.839084,-31.912298,9.460000038146973,41.31004333496094,117.8390634175452,-31.91235374935288,4.06427738879,0.8785075185410007,2.327597044492912
SB86142_component_1282a,116.717856,-31.047843,9.696999549865723,36.59245300292969,116.71772789543972,-31.047691767162966,4.097081526,0.893306420008531,2.3668065886238168
SB86142_component_1284a,117.965912,-29.971856,10.54800033569336,54.9375,117.96594577541764,-29.9718386250887,4.178108572539999,0.9528578126027102,2.5245874185794337
SB86142_component_1291a,117.753607,-29.482989,9.654999732971191,53.638885498046875,117.7537141186762,-29.4829380187305,5.46423258994,0.6669000876701969,1.7669452341297953
SB86142_component_1299a,118.97073,-29.620301,9.8149995803833,49.82233428955078,118.97081926979294,-29.62015922280654,3.3181258217900003,1.1164393127449355,2.957994997033744
SB86142_component_1301a,123.989041,-29.319444,9.444000244140625,25.803279876708984,123.98898783719628,-29.31945546423344,8.58188504424,0.41534690865964896,1.100457556289368
SB86142_component_1303a,116.464318,-29.515505,9.494999885559082,44.16278839111328,116.46439012648344,-29.51559157193769,2.91475106043,1.2295074948711147,3.257568035384239
SB86142_component_1329a,120.399793,-29.706736,9.121999740600586,49.30810546875,120.39981344409236,-29.70660331653094,3.33805530954,1.0314168278518991,2.73272875812763
SB86142_component_1337a,122.132126,-30.471836,9.644000053405762,43.83636474609375,122.132221168917,-30.472072151946712,3.32079783639,1.0961057406774868,2.904121397492128
SB86142_component_1349a,119.625315,-32.935406,8.67199993133545,32.1185188293457,119.62531626326437,-32.93533568775173,3.3422324265,0.9793102563720901,2.5946729086153963
SB86142_component_1350a,118.589391,-28.776011,9.163999557495117,39.5,118.5892801301104,-28.7759644048248,3.4696144453300004,0.9968768894215803,2.641215530396927
SB86142_component_1364a,123.574274,-27.930929,8.307000160217285,18.2973575592041,123.57446394746157,-27.93101748491373,2.7046471632,1.1592344728387767,3.0713803535056554
SB86142_component_1365a,124.160481,-29.506959,8.800000190734863,21.052631378173828,124.16070005988372,-29.50713436097583,4.31256753895,0.770166204580146,2.040547796934315
SB86142_component_1367a,123.179513,-26.888731,8.510000228881836,12.758621215820312,123.17953588477616,-26.88905003766493,1.5750660913,2.039240629901225,5.4029480260463245
SB86142_component_1370a,121.873681,-27.469795,8.699000358581543,37.49569320678711,121.87375896555872,-27.46966542112339,1.7084069674000002,1.9218332388736747,5.091878296317431
SB86142_component_1381a,121.80885,-28.833367,8.552000045776367,42.7599983215332,121.80874054468808,-28.83332605167904,4.71509129651,0.6845659187427874,1.8137506800995258
SB86142_component_1388a,121.298239,-29.228281,8.454000473022461,43.57732009887695,121.29828429804743,-29.22823387390498,2.4156409178,1.3208928094636743,3.499692529103947
SB86142_component_1390a,120.07841,-28.469154,8.567999839782715,45.33333206176758,120.07843223918528,-28.46905604235355,3.08658259617,1.0477055204208185,2.7758854891537186
SB86142_component_1397a,116.196905,-29.57386,8.569000244140625,39.12785720825195,116.19692392673316,-29.57383294247662,4.66901697439,0.6926955345636472,1.8352900173938973
SB86142_component_1402a,120.977566,-25.244266,8.720999717712402,15.741876602172852,120.97738466537584,-25.24433644245205,3.7333780390800007,0.8816617292401427,2.335954094769754
SB86142_component_1410a,115.564753,-29.892992,8.675000190734863,23.31989288330078,115.5648760068474,-29.89287220588393,2.37689997635,1.3775147958440752,3.6497119260593847
SB86142_component_1418a,118.950946,-30.076321,8.407999992370605,47.23595428466797,118.95086477460904,-30.07629918170052,3.91159280305,0.8112911711997666,2.1495079921955593
SB86142_component_1427a,123.82217,-28.918293,8.232000350952148,21.107694625854492,123.82200640782406,-28.91834280729753,2.20447642712,1.4094108376619634,3.73422017567532
SB86142_component_1430a,120.453218,-30.019909,7.859000205993652,40.30256652832031,120.4531675155552,-30.01978908109504,3.2561269522000003,0.9109691223270152,2.413603744990263
SB86142_component_1435a,115.596602,-30.252438,8.220000267028809,19.524940490722656,115.59691341333856,-30.25250640286044,3.01906572477,1.0276304147320403,2.722696693744562
SB86142_component_1440a,120.239592,-27.628465,8.230999946594238,41.36180877685547,120.23955167537744,-27.62837800361564,4.30679925074,0.7213327585444742,1.9111640611481895
SB86142_component_1445a,119.774133,-29.054525,7.855000019073486,38.317073822021484,119.77406327318728,-29.054571858259287,2.87427441832,1.0314677325085024,2.7328636295154785
SB86142_component_1448a,118.947792,-30.755506,8.211999893188477,38.73584747314453,118.9479004181274,-30.75553659301321,3.5991827347500003,0.8611577686803603,2.281629052590708
SB86142_component_1454a,123.595104,-29.855024,8.071000099182129,29.242753982543945,123.59519045019834,-29.85500136528041,2.73579118741,1.1134791570545088,2.950152093597108
SB86142_component_1459a,121.851791,-28.006106,7.894999980926514,36.89252471923828,121.85179642455658,-28.00611629499134,5.25872964995,0.5666422776838961,1.5013131509815454
SB86142_component_1461a,121.557643,-30.321773,7.671000003814697,36.35544967651367,121.55762575974212,-30.32164809307867,21.94579453934,0.13192841950075698,0.34954305208971465
SB86142_component_1465a,118.990028,-28.322332,8.178000450134277,36.50893020629883,118.989778946517,-28.32242567340627,2.63520989702,1.1713039364136997,3.1033582787398775
SB86142_component_1482a,122.60938,-29.350409,7.083000183105469,32.64055633544922,122.60939332371032,-29.35048302833173,5.511578120680001,0.48504158140615095,1.285112907413819
SB86142_component_1485a,115.729748,-31.189472,7.764999866485596,12.423999786376953,115.72955378755572,-31.18947034425552,2.93246643353,0.9994155181284368,2.6479416022294795
SB86142_component_1490a,120.236893,-26.844948,7.724999904632568,38.24257278442383,120.23692057139624,-26.84481331793337,4.37235148273,0.6668391692381472,1.766783831342225
SB86142_component_1493a,119.509294,-31.137578,7.75600004196167,42.850830078125,119.50929239408568,-31.13747733221271,18.19871404488,0.16085508235085286,0.42618396128619496
SB86142_component_1494a,120.195144,-26.613248,7.875999927520752,35.31838607788086,120.19533275991228,-26.613167768303327,5.120047613490001,0.5805897835082582,1.5382669307155523
SB86142_component_1495a,115.733106,-29.317341,8.097000122070312,29.021503448486328,115.7329896365138,-29.31740767872701,2.7941322690700003,1.0937419521495286,2.8978585629968476
SB86142_component_1496a,122.30005,-27.647124,8.164999961853027,36.614349365234375,122.30008222270985,-27.64706619071971,4.04910792571,0.7610873786455649,2.0164935367637344
SB86142_component_1511a,120.48752,-26.485117,7.564000129699707,34.85714340209961,120.48745322701336,-26.48498738677437,2.51980926928,1.1329781752215562,3.0018145507739216
SB86142_component_1512a,115.308634,-29.34185,8.128000259399414,19.824390411376953,115.30860265817589,-29.3417884168581,2.04468324234,1.5003595838315344,3.9751879856448933
SB86142_component_1534a,116.825907,-29.644414,7.716000080108643,35.5576057434082,116.82602698533071,-29.64443845846921,3.38410522626,0.8605696992133859,2.28007096831209
SB86142_component_1551a,115.008797,-29.561931,7.0970001220703125,13.069982528686523,115.00864844802535,-29.56188754995616,1.82778896493,1.4655021074593035,3.882833444254934
SB86142_component_1575a,118.367399,-29.287811,7.48799991607666,40.47567367553711,118.36750848022102,-29.28779332123209,3.8228317574,0.7392959572261953,1.9587573796785211
SB86142_component_1581a,118.743645,-33.34588,7.24399995803833,21.688623428344727,118.74363856212726,-33.345831693205554,2.25030803986,1.2149940549534297,3.2191148188267618
SB86142_component_1583a,118.114313,-29.919776,7.214000225067139,39.4207649230957,118.11443681393568,-29.91975192223633,1.7761688231,1.5329556642050477,4.061550980540426
SB86142_component_1595a,121.643833,-26.558279,6.710999965667725,24.227436065673828,121.64408400167324,-26.55814891585317,4.48981367638,0.5641526125789348,1.4947168077314512
SB86142_component_1608a,120.193373,-27.512867,7.2210001945495605,27.988374710083008,120.19354865873446,-27.51282849385788,3.21868435482,0.8467528231132738,2.2434632907498577
SB86142_component_1615a,117.458798,-32.037782,6.84499979019165,25.258302688598633,117.45870012302376,-32.03772235224537,3.47186248949,0.7441296493856413,1.9715641995939617
SB86142_component_1620a,117.463177,-30.177782,7.000999927520752,35.902565002441406,117.4632526012977,-30.177770478323414,3.78764944462,0.6976345513140538,1.8483758937789279
SB86142_component_1633a,116.136434,-29.509648,6.9679999351501465,28.09677505493164,116.13658343077944,-29.50959923546269,2.64189600262,0.995474422431193,2.637499707876426
SB86142_component_1635a,115.746019,-30.599827,7.245999813079834,16.773147583007812,115.74599392262618,-30.60008544573437,3.66670409214,0.7458648500159423,1.9761615966263721
SB86142_component_1667a,114.917319,-29.188575,7.704999923706055,15.660568237304688,114.91743025549732,-29.18871149551256,15.14669444204,0.1919961234207939,0.5086918438336387
SB86142_component_1681a,120.108042,-26.667743,6.926000118255615,33.95098114013672,120.10807647423265,-26.66776793226326,3.0130947444700005,0.8675757258998572,2.298633367227186
SB86142_component_1682a,122.429279,-27.487275,7.035999774932861,29.563024520874023,122.42911313315486,-27.48732880704902,4.7859820259,0.5548715263566055,1.4701266609144332
SB86142_component_1688a,118.204931,-29.793744,7.300000190734863,41.47727584838867,118.2048565578092,-29.79361560157357,2.38779122988,1.1538894545424179,3.057218780011069
SB86142_component_1728a,120.873425,-26.075904,6.448999881744385,23.97397804260254,120.8730895818715,-26.07584338001748,3.85212378651,0.6318730315810716,1.674141392944991
SB86142_component_1742a,116.64522,-29.417896,6.4079999923706055,31.411766052246094,116.64536580961877,-29.41784384936836,4.63988085967,0.5212587509700298,1.3810699425645077
SB86142_component_1748a,116.934613,-29.683574,6.26200008392334,29.125581741333008,116.93479872869732,-29.683529076783447,3.06814225178,0.7703272538255476,2.040974495328698
SB86142_component_1756a,118.28089,-28.404802,6.769999980926514,28.808509826660156,118.2808275825368,-28.40487182476833,3.74238672444,0.6827751230621186,1.8090059845270419
SB86142_component_1767a,118.455829,-33.278518,5.71999979019165,16.20396614074707,118.45564674518096,-33.27865323263917,2.75217221501,0.7844370403127423,2.0783582360854793
SB86142_component_1777a,117.273322,-32.336691,6.242000102996826,18.358823776245117,117.27360972463684,-32.336607898527,1.59042554153,1.481317369968489,3.924735826986267
SB86142_component_1789a,120.320201,-27.889307,6.328999996185303,31.96464729309082,120.32023827335738,-27.889190285292567,3.44352096391,0.693697372818063,1.837944378012132
SB86142_component_1802a,122.342548,-27.126671,6.557000160217285,24.0183162689209,122.34251426762457,-27.12663165204063,2.28075398425,1.0850866933767036,2.8749265398624217
SB86142_component_1807a,120.68085,-25.368378,6.85699987411499,16.021028518676758,120.68112284112408,-25.36856813425043,5.134184083969999,0.5040810729799,1.335557853393684
SB86142_component_1808a,119.564846,-30.704549,5.959000110626221,33.29050064086914,119.56482376414031,-30.704365440334787,1.6764559103,1.3415873136778562,3.554522414824416
SB86142_component_1810a,118.825408,-32.696701,6.071000099182129,27.72146224975586,118.82555094392998,-32.69657453783469,2.31751149271,0.9887261692382429,2.61962027730139
SB86142_component_1830a,115.810196,-29.670389,6.1020002365112305,22.10869789123535,115.8105003028435,-29.67046826554557,2.31442807204,0.9950988342146657,2.636504590584559
SB86142_component_1850a,123.001004,-27.469959,6.566999912261963,20.914011001586914,123.00074781852037,-27.47005253698584,2.76832187337,0.8953402566575959,2.3721952188556976
SB86142_component_1856a,118.603723,-32.92589,5.627999782562256,23.352697372436523,118.60345706061844,-32.92575570510228,4.0009296266000005,0.5309221507788466,1.4066730254750677
SB86142_component_1861a,118.351283,-30.153991,6.593999862670898,34.70526123046875,118.3512486502788,-30.15381066067037,2.8601568966000004,0.8701552843556075,2.305467882027552
SB86142_component_1871a,117.482376,-30.917457,5.769000053405762,27.869565963745117,117.48241256071128,-30.917528580979013,2.53367558845,0.8593839164193262,2.276929248442182
SB86142_component_1875a,120.974342,-27.720747,6.669000148773193,30.176471710205078,120.97455489468769,-27.72057495880449,4.2437301972300014,0.5931310336299336,1.5714948497730208
SB86142_component_1881a,116.433958,-30.963742,5.796000003814697,22.465118408203125,116.4338500597035,-30.96368196284069,2.3836155414,0.9177615404798158,2.431600190192776
SB86142_component_1883a,117.789365,-29.092179,6.23799991607666,31.82653045654297,117.78942069089264,-29.092329711453143,1.82740608039,1.2883918963694203,3.4135816789803846
SB86142_component_1919a,123.212862,-28.719124,5.840000152587891,24.957265853881836,123.21276167875769,-28.71920920428909,2.41344139137,0.9133006932456311,2.4197812192459294
SB86142_component_1924a,115.874179,-28.906522,5.614999771118164,21.02996253967285,115.87433332149112,-28.906680016844373,3.3797804353900003,0.6270453345510432,1.6613504570660778
SB86142_component_1932a,117.532967,-31.222141,5.974999904632568,27.283105850219727,117.53299932545514,-31.22211020880868,2.94564344225,0.7655885192156218,2.0284192645083428
SB86142_component_1950a,115.218055,-29.829982,5.834000110626221,11.39453125,115.2181258929669,-29.83030436994648,3.29371372152,0.6685259496011929,1.7712529393519714
SB86142_component_1960a,118.787542,-32.532687,5.451000213623047,25.35348892211914,118.7874404393072,-32.532685176770464,2.49145136143,0.8257745071339236,2.187881448544264
SB86142_component_1967a,121.317881,-28.339152,5.560999870300293,28.8134708404541,121.31789854316575,-28.33899737210942,4.450027835679999,0.4716586927596332,1.249655075348653
SB86142_component_1976a,117.448782,-29.544024,6.125999927520752,33.659339904785156,117.44884741277454,-29.54399574755416,4.30796243621,0.5367138039000193,1.4220179535525848
SB86142_component_2014a,118.671799,-29.922025,5.814000129699707,32.66292190551758,118.67182050107644,-29.92205884564081,2.92790825021,0.7494717357985377,1.9857180050921017
SB86142_component_2018a,123.540904,-27.820225,5.288000106811523,11.803571701049805,123.54093722510768,-27.820121019559213,2.7627830123400003,0.7224076958294018,1.9140120969300207
SB86142_component_2021a,117.90409,-32.786719,5.297999858856201,17.313724517822266,117.9041456459712,-32.78644746905983,2.1271543532700004,0.9400492843340444,2.490651348695862
SB86142_component_2030a,121.547584,-25.631277,5.541999816894531,11.569936752319336,121.54797683453933,-25.63110566732432,2.1956078207300003,0.9526852112969684,2.524130113114607
SB86142_component_2063a,122.932236,-28.706916,5.248000144958496,24.4093017578125,122.93226252946094,-28.70697449062529,3.10989139402,0.636922075198564,1.6875187844340347
SB86142_component_2083a,117.71588,-31.93764,4.840000152587891,20.683761596679688,117.7159886031892,-31.93774683559731,4.80342052277,0.38030536463454084,1.0076153294604313
SB86142_component_2087a,122.339599,-27.057782,5.724999904632568,20.818180084228516,122.33930577221342,-27.057686213727283,6.444392338609999,0.3352981804868261,0.888369236977183
SB86142_component_2097a,118.002624,-30.961244,5.316999912261963,23.218339920043945,118.00236881893048,-30.96115131983922,20.63242983516,0.09726441115253745,0.2577011023297504
SB86142_component_2110a,120.086299,-26.167604,4.8420000076293945,20.781116485595703,120.0862239472628,-26.16750664129819,2.97336299352,0.614631111263888,1.6284590943594206
SB86142_component_2134a,118.782086,-31.955808,4.968999862670898,23.775117874145508,118.78206066728804,-31.955860871551927,3.95237214627,0.47451379242367053,1.257219633874894
SB86142_component_2167a,118.912684,-32.79963,4.86899995803833,21.169565200805664,118.91265894821824,-32.79944291627174,2.0094667739500003,0.9145271998374116,2.4230308364180404
SB86142_component_2251a,121.341827,-26.19028,4.289000034332275,14.062294960021973,121.34173101376074,-26.190247747268963,2.00711191309,0.8065330093301297,2.136901289041352
SB86142_component_2252a,121.356097,-25.987468,4.751999855041504,15.735099792480469,121.35602378751592,-25.987269431751923,1.36141561257,1.317417346714031,3.4904843246736084
SB86142_component_2257a,119.297616,-31.021406,4.745999813079834,25.51612663269043,119.29770064498788,-31.02137879680133,2.50825099701,0.7141581698841445,1.8921550589384304
SB86142_component_2258a,120.152754,-30.605673,4.453999996185303,24.882680892944336,120.15280286120895,-30.60535907333789,2.3061389603,0.7289578632386613,1.931366701166131
SB86142_component_2264a,121.084747,-27.513953,4.514999866485596,20.52272605895996,121.08474408498157,-27.51398657713933,1.81170974838,0.9406039674134791,2.4921209760685077
SB86142_component_2282a,122.086951,-27.176914,4.936999797821045,22.440908432006836,122.087158756107,-27.17663724017181,3.13472462922,0.5944309299364064,1.5749389122736108
SB86142_component_2312a,118.660111,-33.039409,4.4770002365112305,17.2192325592041,118.66016259678456,-33.03934282485795,2.27054550647,0.7442084424554833,1.9717729610588555
SB86142_component_2329a,119.709418,-29.210174,4.498000144958496,22.049020767211914,119.70929720271472,-29.21036015741285,2.38652638755,0.7113624061930367,1.884747710489859
SB86142_component_2333a,120.713774,-27.819488,4.354000091552734,22.21428680419922,120.71393586612446,-27.8193251987836,2.6220529472900003,0.6267360299801427,1.6605309576424736
SB86142_component_2334a,121.274559,-27.54313,4.171999931335449,18.96363639831543,121.27463079547044,-27.5431693996574,11.32027866235,0.13909927312161802,0.36854215834907506
SB86142_component_2336a,116.573504,-29.406172,4.247000217437744,21.02475357055664,116.5739205007412,-29.406280152503392,2.69765485946,0.5942012813510487,1.5743304606015769
SB86142_component_2357a,121.328838,-27.149702,3.8589999675750732,16.491453170776367,121.32898307025664,-27.149595682083174,2.388160225,0.6098864711144019,1.6158882168699855
SB86142_component_2364a,118.913252,-31.895591,4.107999801635742,19.561904907226562,118.9133545986916,-31.895650380768927,1.87715610507,0.8259765342746025,2.188416717469831
SB86142_component_2380a,120.408687,-26.536837,4.138999938964844,17.763948440551758,120.4086695653413,-26.536857165312945,2.2164291502,0.7048216767159493,1.8674181119623696
SB86142_component_2387a,121.184318,-26.657879,4.025000095367432,15.90909194946289,121.18395494907088,-26.657784033553853,2.17005918617,0.700054741824911,1.8547881647741
SB86142_component_2420a,119.802936,-28.436689,3.8580000400543213,21.674158096313477,119.80288581462092,-28.43666607284816,3.26273437183,0.44629106828509446,1.1824438033827587
SB86142_component_2440a,116.32077,-29.096708,4.052999973297119,18.17488670349121,116.32079035307814,-29.09676726886841,3.32009434385,0.46074842751014883,1.2207484346957556
SB86142_component_2457a,119.831373,-29.090976,4.232999801635742,20.25358772277832,119.83126657083444,-29.09101040802216,3.27906881087,0.4872315507582605,1.2909152097093826
SB86142_component_2461a,123.341479,-29.451961,4.146999835968018,17.207468032836914,123.34167393759044,-29.45191434701264,1.6050527088000002,0.9751746539723303,2.5837156706638473
SB86142_component_2485a,122.372553,-27.637348,4.10699987411499,18.839448928833008,122.37266521615986,-27.63740583357211,1.49943961651,1.033792540322196,2.739023184991058
SB86142_component_2493a,118.8278,-32.865425,3.8289999961853027,15.377510070800781,118.82766494999052,-32.86543578454182,2.89605235633,0.49901849552112004,1.322144604125035
SB86142_component_2504a,120.327962,-25.792544,3.9100000858306885,13.25423812866211,120.3281041073074,-25.79264194304645,6.28606941699,0.23476604298230955,0.6220103257629852
SB86142_component_2546a,119.907989,-33.13732,4.0279998779296875,11.917159080505371,119.90793477571852,-33.13747173674209,2.94505972203,0.5162178624719532,1.3677141579842829
SB86142_component_2579a,120.355878,-25.774654,4.211999893188477,14.181818008422852,120.35589829986108,-25.77442763702012,1.97411059745,0.8052941741057099,2.1336190072781154
SB86142_component_2582a,118.911983,-33.400183,3.5190000534057617,10.504477500915527,118.91180537421042,-33.40009087992825,3.61225778048,0.36768695656870365,0.9741829811875038
SB86142_component_2587a,120.389887,-26.805645,3.809000015258789,17.3926944732666,120.38969297670504,-26.80560949258476,2.47863230626,0.580011432645911,1.5367345957844696
SB86142_component_2595a,121.164585,-29.205965,3.430999994277954,19.06110954284668,121.16475032159435,-29.2060132801002,2.8138756215100003,0.4602073028444416,1.219314730207154
SB86142_component_2605a,119.560851,-31.278787,3.872999906539917,19.760204315185547,119.56102244646108,-31.2784238648458,2.39249300561,0.6109905529717221,1.6188134709102069
SB86142_component_2610a,122.912272,-27.920124,4.078000068664551,16.182538986206055,122.91211507049282,-27.92011124693929,3.55731081556,0.43267629438997557,1.1463715936282566
SB86142_component_2618a,118.470444,-29.298209,3.493000030517578,19.298343658447266,118.47049630828762,-29.297969217355327,2.17882392917,0.6050818676506621,1.6031584671682029
SB86142_component_2658a,115.584695,-29.82219,3.878000020980835,11.61077880859375,115.58452414702496,-29.82182986350358,1.99884226426,0.7322627949966186,1.9401230854084057
SB86142_component_2687a,119.494031,-28.482901,3.6010000705718994,20.344633102416992,119.49387913897851,-28.48285852302984,4.82905712479,0.2814481981479146,0.7456942375119439
SB86142_component_2720a,120.036091,-27.277453,3.441999912261963,17.56122398376465,120.03617687277338,-27.27742626720856,5.53304484855,0.23479257028374828,0.6220806095876811
SB86142_component_2726a,116.27176,-30.838237,3.4059998989105225,12.296028137207031,116.27130991935924,-30.83820506719436,3.76394856869,0.3415376892906384,0.9049007542884525
SB86142_component_2733a,119.670067,-30.576031,3.2119998931884766,17.944133758544922,119.67027654770806,-30.57593083802446,2.8131771647700003,0.4309393222396298,1.1417695029708814
SB86142_component_2813a,121.432823,-27.447005,3.0910000801086426,13.32327651977539,121.4331904725938,-27.4469954324997,5.693840257330001,0.20489502956782976,0.5428673690185503
SB86142_component_2823a,115.820488,-29.800132,3.2209999561309814,11.381625175476074,115.82050111503814,-29.800046806381,2.34250201935,0.5189773816040292,1.3750254768295773
SB86142_component_2840a,117.437502,-30.076703,3.6510000228881836,19.215789794921875,117.43757056629003,-30.07672019316128,2.44905459182,0.56266649516627,1.4907793542384717
SB86142_component_2876a,119.675819,-31.075954,3.3299999237060547,16.165048599243164,119.67583657480984,-31.07609254750812,2.4718456418000003,0.5084644126147996,1.347171468717256
SB86142_component_2909a,120.367923,-27.468506,3.3010001182556152,16.42288589477539,120.3680562803425,-27.4687061265007,1.40980000167,0.8837424544720601,2.341466955841513
SB86142_component_2966a,120.149844,-25.822666,3.121999979019165,10.87804889678955,120.1498567014933,-25.82268722802484,2.9055678787300003,0.40554547099981214,1.0744887434478954
SB86142_component_2983a,116.314406,-28.477326,2.8989999294281006,12.442060470581055,116.31448131464543,-28.477400075247267,3.87581107796,0.28230806851294565,0.7479724556012065
SB86142_component_3052a,119.310426,-29.020105,2.937000036239624,13.853774070739746,119.31028918081344,-29.020281390027627,2.09369576722,0.5294537911869546,1.4027826211538652
SB86142_component_3165a,121.417329,-29.540624,2.9170000553131104,15.93989086151123,121.41694353275238,-29.540499163344048,1.94155506803,0.5670539892612549,1.502403976763248
SB86142_component_3191a,122.811623,-28.181735,2.9140000343322754,12.780701637268066,122.81188364111068,-28.18165810635091,2.05552396491,0.5350627208663228,1.4176434252664447
SB86142_component_3249a,123.673438,-30.061779,3.010999917984009,11.19330883026123,123.67336254226124,-30.06188696478941,5.38321894751,0.21110882347069396,0.559330754952247
SB86142_component_3276a,119.383269,-28.900437,2.315999984741211,11.696969985961914,119.38298375600056,-28.90048038159729,2.06135564865,0.42405609534983424,1.1235324609113326
SB86142_component_3321a,122.102707,-27.426651,2.628999948501587,11.789237022399902,122.10261293707842,-27.42677881304594,2.68852191063,0.36907504638760724,0.9778607115333252
SB86142_component_3517a,122.414184,-30.013368,2.556999921798706,10.880850791931152,122.414493572405,-30.01340613623304,2.86174111017,0.3372392058792127,0.8935119646957893
SB86142_component_3605a,119.607131,-32.504675,2.2850000858306885,10.292793273925781,119.60747218031727,-32.50440744303698,2.59374310335,0.33250405576350345,0.8809662309576656
SB86142_component_4291a,119.098942,-30.879129,1.843000054359436,10.126374244689941,119.09895703849024,-30.879233029529672,2.01364652055,0.34544570520024287,0.9152550040689593
