Component_ID,RA,DEC,ASKAP_flux,ASKAP_flux_SNR,RA_comp,DEC_comp,Comp_flux,Flux_Ratio_AlphaCorr,Flux_Ratio_NOAlphaCorr
SB83962_component_32a,246.292707,-3.644172,234.00399780273438,715.6085815429688,246.29258926290387,-3.644138639937341,130.4725910899452,1.101428036945984,1.7935107737794267
SB83962_component_42a,243.659079,-3.520894,199.13900756835938,533.884765625,243.65914647119496,-3.5209789105390876,115.96338771926936,1.0545995499260121,1.717257588666228
SB83962_component_43a,241.686643,-3.894274,191.40699768066406,291.7789611816406,241.68666152670787,-3.8945358661523164,187.71332781344142,0.6262025612264235,1.0196771849407176
SB83962_component_47a,246.894934,-3.350772,185.73300170898438,535.2536010742188,246.89485072337143,-3.3507670347795293,150.06721633667132,0.7600731451397891,1.2376654024973577
SB83962_component_52a,248.529944,-6.12006,180.32899475097656,436.6319580078125,248.5300046264359,-6.120036141771849,106.49480352964503,1.0398945029697224,1.693312619716494
SB83962_component_55a,244.222386,-4.818792,172.97500610351562,578.51171875,244.22221969393854,-4.818748207145642,99.17930615538602,1.0710615437193538,1.7440634826837016
SB83962_component_61a,243.038647,-4.230773,159.197998046875,480.9607238769531,243.03861111052794,-4.2308089710564785,97.77224125374636,0.9999405231851466,1.6282535411427421
SB83962_component_66a,243.792624,-7.975085,147.8209991455078,527.93212890625,243.79252335248947,-7.9750295201528365,87.7997962174047,1.033938632844275,1.683614376273518
SB83962_component_68a,246.522553,-3.01665,153.83599853515625,384.5899963378906,246.52246690419707,-3.016634295891343,141.00018360473229,0.6700241154747187,1.0910340299017396
SB83962_component_69a,246.113421,-5.819365,146.92100524902344,619.9198608398438,246.11332946937407,-5.819517926348157,92.47727883766758,0.9756655856676012,1.588725437163058
SB83962_component_75a,241.302386,-3.668189,141.85400390625,108.4510726928711,241.30245441731088,-3.6685079828165654,111.81587526543154,0.77909473279745,1.2686392121826453
SB83962_component_77a,242.411495,-5.790227,131.94700622558594,453.4261169433594,242.41136803930507,-5.7902351477680565,149.9795920138536,0.5402807703523582,0.8797664032410357
SB83962_component_84a,244.031238,-4.18952,127.81300354003906,392.0644226074219,244.03115263943818,-4.189365257769921,58.762561884147644,1.3357539174099295,2.1750754126756195
SB83962_component_88a,248.396586,-7.659093,125.60399627685547,369.42352294921875,248.39658765386724,-7.659072522314507,106.07265055175336,0.7271971591176394,1.1841317778287503
SB83962_component_89a,246.517939,-5.147323,122.24700164794922,457.85394287109375,246.51790614133742,-5.1474580006909285,75.32239432218847,0.9967040813723222,1.6229834798538487
SB83962_component_91a,242.845841,-7.081985,116.85600280761719,414.38299560546875,242.84583978331366,-7.082035125865158,63.96572913298161,1.1219042918642042,1.8268532914661115
SB83962_component_93a,241.417445,-8.967478,125.56800079345703,113.3285140991211,241.417391329337,-8.967629648898626,78.88403536113265,0.9775567933131882,1.5918049858707695
SB83962_component_94a,241.736129,-7.109908,118.54199981689453,231.52732849121094,241.73597467386566,-7.109922109200528,67.08842156371955,1.085117613462967,1.7669516893359187
SB83962_component_95a,244.5706,-7.788891,127.87100219726562,526.2181396484375,244.56924026543555,-7.78888851106145,11.599316755058524,6.7700487827780425,11.024011577362986
SB83962_component_99a,241.158391,-8.206589,125.66000366210938,83.94122314453125,241.15848103798024,-8.20676986785846,97.23306788215314,0.7936613231504245,1.2923587252683397
SB83962_component_102a,243.818006,-3.524064,115.51699829101562,347.9427795410156,243.81783593138536,-3.524170305595459,45.09834480713146,1.5730315377690205,2.5614465183819513
SB83962_component_114a,247.182185,-5.405736,102.34600067138672,433.66949462890625,247.18204788774366,-5.40585484324644,55.11346909804994,1.1404211567793947,1.8570052356767357
SB83962_component_116a,247.846752,-7.178949,102.5459976196289,379.79998779296875,247.84671579425296,-7.178932061826951,52.90535562140026,1.1903405100850328,1.9382914341123711
SB83962_component_121a,245.04342,-5.087265,98.78900146484375,365.8851623535156,245.04334817800145,-5.087316218518309,63.712140056099,0.9522227212712735,1.5505522397750149
SB83962_component_128a,248.4176,-8.780282,94.64700317382812,209.86032104492188,248.41754250332912,-8.780335323469625,38.15538502596779,1.5233621628334466,2.480567372322761
SB83962_component_130a,246.964373,-3.130195,89.48999786376953,241.2129364013672,246.96427999436608,-3.1302070089144807,45.315879671024874,1.212763786211402,1.9748043845431458
SB83962_component_132a,247.717637,-5.082486,88.48100280761719,332.6353454589844,247.71745936721317,-5.082636737100354,44.854270756692486,1.2114301362988176,1.972632735187549
SB83962_component_135a,244.974591,-2.188439,90.09700012207031,73.30919647216797,244.97479193203839,-2.188776186131585,57.162662732740294,0.9679435218656155,1.5761512115576564
SB83962_component_137a,244.285427,-5.844771,86.30899810791016,355.1810607910156,244.28524739063292,-5.8447835811825195,65.41917524373214,0.8102203521052145,1.3193226265288247
SB83962_component_141a,241.531234,-8.628885,89.2959976196289,125.06442260742188,241.5312708533438,-8.629074895451238,45.58870909328831,1.2028925531976624,1.9587305584130985
SB83962_component_143a,241.345189,-5.030961,82.73500061035156,122.7522201538086,241.34512766971628,-5.0312173709942325,57.830047534352346,0.878593250430806,1.4306576621989653
SB83962_component_153a,246.001964,-4.902647,79.59500122070312,317.111572265625,246.0019046930127,-4.902677710995386,115.98285224007714,0.4214481448565563,0.6862652511420095
SB83962_component_154a,244.799124,-7.900801,81.56900024414062,356.1965026855469,244.7990693230408,-7.900803176815917,55.66233494006815,0.8999447681236193,1.4654254143662189
SB83962_component_168a,246.523426,-5.599392,73.64299774169922,328.76336669921875,246.5233708230319,-5.5995182993532016,42.816692739849586,1.0562591347339867,1.7199599742359253
SB83962_component_169a,247.80746,-5.33062,71.20700073242188,279.2431335449219,247.80731164002052,-5.330700091755941,41.63291318286361,1.0503596506072765,1.7103535469559972
SB83962_component_177a,242.602012,-6.931086,66.57499694824219,232.77969360351562,242.60201358045035,-6.931096935434564,38.54568507055715,1.060687678418958,1.727171195073532
SB83962_component_182a,243.498063,-7.832914,67.39099884033203,243.28880310058594,243.4980758942166,-7.832955476628027,41.202800046329074,1.004447633954855,1.6355926967234395
SB83962_component_184a,242.393618,-5.946076,65.0009994506836,257.9404602050781,242.39347609010764,-5.946086003399102,33.73395167844254,1.1833274887175729,1.9268717780319244
SB83962_component_185a,245.562649,-5.583325,67.7770004272461,299.8982238769531,245.56265262952124,-5.583390249766408,43.730191746893325,0.9518162177704688,1.5498903096408467
SB83962_component_186a,243.355266,-2.649342,72.12899780273438,114.85508728027344,243.35524354268568,-2.649665576723619,43.301594679121045,1.022958804969173,1.665735369268356
SB83962_component_187a,242.19802,-8.719081,65.47000122070312,175.053466796875,242.1979785862839,-8.71910988607914,25.735616165595573,1.562283751063701,2.543945355706156
SB83962_component_189a,242.235166,-8.520423,65.8030014038086,182.78610229492188,242.23516802487578,-8.520473277768325,37.71444215061611,1.071495008474862,1.744769315187488
SB83962_component_190a,241.864267,-4.305591,63.26300048828125,135.46681213378906,241.8641549800522,-4.305734960173592,41.28186653859695,0.9411147889317716,1.532464633815256
SB83962_component_195a,248.012736,-9.069712,65.4739990234375,165.33837890625,248.01259008161628,-9.069773021718037,36.478068744673685,1.1022729949037802,1.7948866613997385
SB83962_component_196a,247.901785,-9.853644,66.69999694824219,84.96814727783203,247.9017421149497,-9.853565512154201,53.39856060922608,0.7670936734645019,1.2490972825345767
SB83962_component_197a,247.951929,-5.671911,60.38399887084961,261.402587890625,247.95185670817818,-5.671973011494484,33.25719740814486,1.1150346398571174,1.8156670909395767
SB83962_component_204a,243.323692,-8.319479,58.04800033569336,213.41175842285156,243.32360382598054,-8.319407348797071,35.94441194375392,0.9917632653505063,1.6149381001566334
SB83962_component_207a,242.010021,-5.951852,57.07699966430664,182.35462951660156,242.00985285188824,-5.951930898894236,38.923773271031614,0.9005303185708208,1.466378895665423
SB83962_component_209a,242.507534,-4.89067,55.805999755859375,197.89361572265625,242.50738025605105,-4.890739688526691,36.69646302907296,0.9339181663553243,1.520746010634507
SB83962_component_211a,246.187535,-9.565158,56.19200134277344,149.05039978027344,246.1873037022052,-9.565176667624016,27.68878485708355,1.2463004185272035,2.02941377286183
SB83962_component_212a,245.168872,-6.274731,61.01100158691406,272.37054443359375,245.16890620453782,-6.274695580188277,27.184931378810674,1.3782628523818348,2.244294853525698
SB83962_component_213a,241.763129,-7.18646,57.52899932861328,139.29539489746094,241.76303773231257,-7.186467993728213,30.235415032662328,1.1684846804286877,1.9027024853624992
SB83962_component_216a,242.506727,-9.73568,57.805999755859375,81.87818908691406,242.50669302491602,-9.735759069650326,30.48238987027286,1.1645980020978106,1.8963736111856877
SB83962_component_220a,244.562121,-3.942882,54.553001403808594,171.55032348632812,244.56207276859965,-3.942783248180237,38.21598724899731,0.8766489232207411,1.4274916162277065
SB83962_component_223a,244.631831,-10.379571,60.516998291015625,52.669273376464844,244.6317016820071,-10.379660892819434,36.42500972317575,1.0203045877931043,1.66141337369393
SB83962_component_225a,243.914703,-5.515509,53.34299850463867,269.4090881347656,243.91454623820832,-5.5155198097041875,44.07998119858343,0.7431699853113761,1.210141135594516
SB83962_component_227a,242.434713,-7.402212,51.66699981689453,198.71923828125,242.43477305347,-7.402297035213652,31.01334951797085,1.0230967559114927,1.665960001739116
SB83962_component_231a,245.045525,-3.661,51.49700164794922,164.00318908691406,245.04545690734147,-3.6609631556736058,40.614674155628805,0.7786658130122064,1.2679407804829632
SB83962_component_242a,245.159927,-7.0531,52.66600036621094,251.99041748046875,245.1598780306112,-7.05312712239038,23.68017610134494,1.365832830017626,2.2240544217582787
SB83962_component_249a,243.127137,-7.329857,50.165000915527344,203.09716796875,243.12722683547477,-7.3300521487644765,29.031263808598993,1.0611750237268764,1.727964763995861
SB83962_component_251a,246.023858,-4.01883,47.944000244140625,180.92076110839844,246.02367489683417,-4.018862711406897,27.857842665840092,1.0569122292951025,1.7210234410193803
SB83962_component_255a,246.684525,-9.627505,49.10599899291992,114.46620178222656,246.68428323582012,-9.627578887983079,21.16116473843828,1.4251058401521421,2.320571650941365
SB83962_component_262a,246.900833,-8.373647,44.749000549316406,133.5791015625,246.90083484842253,-8.373663412176832,18.89615666994334,1.4543267633586838,2.368153552647835
SB83962_component_265a,243.827629,-5.672666,45.94300079345703,184.51004028320312,243.82737564334192,-5.672619102611001,46.826842045365765,0.6025271554427872,0.9811253286939045
SB83962_component_270a,246.240609,-8.464296,44.37900161743164,156.2640838623047,246.2406256462982,-8.464315287680174,20.742083498670883,1.313945303755863,2.139563348121483
SB83962_component_271a,247.115208,-4.501728,45.1609992980957,164.22181701660156,247.1150430725557,-4.501769210183354,23.727729004683482,1.1688519534576824,1.9033005345425864
SB83962_component_277a,242.330867,-3.754183,43.4739990234375,124.92528533935547,242.33086033367368,-3.75433129328177,31.572597889500702,0.8456125313540267,1.3769534954199807
SB83962_component_279a,248.313277,-7.652403,43.89699935913086,141.14791870117188,248.3132521169966,-7.65236379297188,35.92077062621034,0.7504838080783851,1.2220506017513024
SB83962_component_281a,245.26327,-6.413436,43.14899826049805,185.1888427734375,245.26320972364488,-6.413579189416987,26.188549676019864,1.0118389826595457,1.647628402271104
SB83962_component_285a,243.128442,-9.368431,42.4640007019043,112.33863067626953,243.12839787954388,-9.368494279765873,24.178826563418284,1.078543897141823,1.7562473757990738
SB83962_component_286a,241.07431,-6.037054,43.231998443603516,37.20481872558594,241.07416402399716,-6.0370698573008905,28.0185465630914,0.947571186272103,1.5429779109439128
SB83962_component_288a,243.68393,-2.777182,42.888999938964844,80.16635131835938,243.6840230623092,-2.7774523581632846,23.74545193519904,1.1092198105976896,1.806198511445823
SB83962_component_292a,246.948643,-6.673229,40.47100067138672,135.80873107910156,246.9485977078554,-6.6732378779130785,30.272357980538704,0.821012614150747,1.336896210642212
SB83962_component_294a,243.397411,-4.062396,41.79499816894531,145.12152099609375,243.3973766012907,-4.062442251357454,27.198374796865227,0.9436989978413238,1.5366726314015804
SB83962_component_295a,242.870555,-3.773073,41.36600112915039,142.1511993408203,242.8704810113687,-3.7731771635766767,26.203025401380863,0.9694920207537526,1.5786727103264366
SB83962_component_297a,244.890707,-4.550417,43.141998291015625,135.6666717529297,244.89056909015608,-4.550405514932658,24.645047287186937,1.0750353343795347,1.750534206255929
SB83962_component_299a,247.775044,-5.259296,40.78499984741211,181.2666778564453,247.77488136386606,-5.259390558882018,23.1630307851892,1.0813274255108123,1.7607799353049545
SB83962_component_306a,245.213163,-6.746688,41.409000396728516,186.5270233154297,245.21306649898824,-6.746733249058119,24.50900619753998,1.0375790223549608,1.6895422059538598
SB83962_component_307a,248.123758,-4.271877,39.757999420166016,136.15753173828125,248.1235244103132,-4.271865572692021,25.92787362988133,0.9416939042188532,1.533407636418968
SB83962_component_311a,241.683898,-8.685212,41.6619987487793,66.5527114868164,241.68391146926177,-8.685345996080112,23.237634521120185,1.101032965259163,1.79286745864402
SB83962_component_312a,242.510488,-9.918785,40.382999420166016,45.8897705078125,242.51047692159582,-9.918886835994071,28.695285828179763,0.8642515261762705,1.4073043099124147
SB83962_component_313a,242.749904,-10.220144,37.65700149536133,27.367006301879883,242.74998615596493,-10.220332581883687,24.46796321307832,0.9451485102801961,1.539032945547072
SB83962_component_317a,241.357342,-6.375661,38.70600128173828,44.08428192138672,241.35710914049318,-6.3757845562767645,19.158691670990894,1.2406937540455614,2.0202841585652176
SB83962_component_318a,244.94464,-4.238507,42.87699890136719,108.82487487792969,244.94464954270742,-4.238663763972514,20.05508610702968,1.3129614851372278,2.1379613466899055
SB83962_component_319a,245.048439,-5.399589,38.60599899291992,173.12106323242188,245.04837375641796,-5.399659663303974,20.923015579760243,1.1331376087727796,1.8451450674378511
SB83962_component_321a,241.996856,-8.973361,40.80799865722656,88.5206069946289,241.99673946567947,-8.973351289700105,56.921634005251924,0.4402709949761636,0.7169154464796527
SB83962_component_326a,247.828046,-2.894443,38.73899841308594,65.77079772949219,247.8280300147944,-2.8944063944023104,23.709391630944502,1.0034139048777522,1.63390942357734
SB83962_component_327a,247.739408,-8.014456,36.78499984741211,158.55604553222656,247.7393723148549,-8.014438483616134,46.29924039038402,0.48792046044390563,0.7945054721686547
SB83962_component_329a,246.660482,-8.004569,39.73099899291992,110.05816650390625,246.66048903645537,-8.004698994712513,17.567294506303128,1.3889184289376721,2.261645865768601
SB83962_component_330a,243.282255,-7.152777,35.970001220703125,141.61416625976562,243.28233288329588,-7.153012258271435,18.329023235779108,1.2051837526091354,1.9624614338688822
SB83962_component_332a,246.149598,-3.995404,36.92300033569336,152.5743865966797,246.14942239244434,-3.9954129637129676,25.25037301973677,0.8980103112226141,1.4622754407165695
SB83962_component_337a,242.689464,-4.68487,36.29199981689453,130.07884216308594,242.6893322991269,-4.684868280936913,22.565983598210213,0.9876629655096124,1.6082613753106236
SB83962_component_338a,249.114619,-7.261291,38.09000015258789,53.95184326171875,249.11472199779055,-7.261346330863612,42.82478679029602,0.5462203829407274,0.8894381737171657
SB83962_component_339a,243.835903,-3.889037,36.60499954223633,129.80496215820312,243.83583596513128,-3.889014495442575,25.891324999657034,0.8682369551701421,1.413793984769849
SB83962_component_344a,243.321809,-3.709019,36.1150016784668,134.2565155029297,243.3217577310542,-3.7090971422667183,22.241047332039177,0.9972052182902735,1.623799506349757
SB83962_component_345a,245.441923,-9.219497,37.19499969482422,147.01580810546875,245.4417731504447,-9.219355706303654,15.511089821750442,1.4726325112103182,2.3979617243056315
SB83962_component_346a,244.376005,-9.440173,34.277000427246094,107.78931427001953,244.37599011841914,-9.440250297297018,22.86556854249608,0.9206041809596927,1.4990661773199148
SB83962_component_347a,246.920193,-3.415429,35.52799987792969,96.80653381347656,246.92011400366454,-3.4154205183781188,24.423608284139434,0.8933323682729633,1.4546581104889973
SB83962_component_352a,241.913177,-9.241065,35.270999908447266,54.0137825012207,241.91312575548756,-9.241074193658752,19.42511069424774,1.1150809769409527,1.8157425439481223
SB83962_component_353a,248.063753,-8.836858,35.18199920654297,84.36930084228516,248.063576413675,-8.836861122189138,25.386503938913474,0.8510787657088559,1.3858544402647959
SB83962_component_354a,248.484253,-5.146154,34.17399978637695,102.9337387084961,248.48411799136215,-5.146161362304858,22.368689024384494,0.9382259007027545,1.527760511540184
SB83962_component_357a,246.682592,-8.299887,34.11399841308594,87.92267608642578,246.68256423855954,-8.29985351986001,19.98949502011096,1.0480522612829806,1.7065963086493503
SB83962_component_360a,245.722167,-6.54735,33.86399841308594,149.8406982421875,245.72204598189828,-6.547399839104114,18.5147599020871,1.1232392943754455,1.829027143326259
SB83962_component_361a,244.49367,-5.443678,32.76900100708008,158.30435180664062,244.4935247275533,-5.443714498826791,21.040258921256996,0.9564543775551314,1.5574428589361855
SB83962_component_363a,241.686181,-8.295125,35.893001556396484,62.422611236572266,241.6863601223844,-8.295209414570627,19.85942936688519,1.1099288747970926,1.8073531164116245
SB83962_component_366a,245.640235,-7.662071,33.632999420166016,158.64622497558594,245.640242082017,-7.662121668465658,17.72865171373355,1.1650431990256576,1.89709854777688
SB83962_component_367a,247.75038,-7.484846,35.5,152.3605194091797,247.75031357928998,-7.484741254904961,22.832728659230686,0.9548225669514068,1.554785699502817
SB83962_component_378a,243.159596,-8.680549,31.267000198364258,138.3495635986328,243.15941629746064,-8.680525143601379,20.768309276557925,0.9245644940193286,1.5055149546360354
SB83962_component_381a,245.78504,-3.393801,32.369998931884766,101.47335052490234,245.78499908789138,-3.3937210500107517,16.03021651435949,1.2400963643065095,2.0193113987505087
SB83962_component_382a,242.100378,-6.765532,30.451000213623047,68.89366912841797,242.10020071299428,-6.765576582137848,14.679432744822181,1.2739266595679024,2.0743989732412453
SB83962_component_383a,242.132419,-6.149225,30.8700008392334,102.55814361572266,242.13227256731147,-6.149228184131814,19.152015345202134,0.9898611916006088,1.6118408576237275
SB83962_component_384a,247.75386,-3.662673,31.35700035095215,102.14006042480469,247.75374085476383,-3.662685114128034,21.574230902033932,0.8925885793375126,1.4534469614857017
SB83962_component_386a,249.253066,-4.787439,31.30900001525879,27.92952537536621,249.2531086742493,-4.787605393555283,19.797072683937195,0.9712261265532,1.5814964421816797
SB83962_component_392a,248.242115,-5.667815,31.395999908447266,115.42646026611328,248.24209953472393,-5.667855557720514,21.141900822734698,0.9119739336676822,1.485013110774124
SB83962_component_394a,244.278859,-4.328659,33.97800064086914,115.5714340209961,244.2783004916535,-4.3284025514070965,6.0064832734114955,3.47399897216104,5.65688758200282
SB83962_component_396a,244.254885,-8.176217,30.3799991607666,125.53718566894531,244.25478006365987,-8.176161657973571,16.14059727762014,1.1559000788078337,1.882210344402199
SB83962_component_398a,244.485063,-7.01594,30.49799919128418,129.77871704101562,244.48499909123905,-7.0159587568970405,22.508031486356607,0.8321200221848649,1.3549829628490944
SB83962_component_402a,244.340535,-8.394726,30.040000915527344,118.73518371582031,244.34047764102397,-8.394698764316589,15.5215277451445,1.1885504298574159,1.935376556275175
SB83962_component_404a,246.145302,-6.753769,30.864999771118164,90.51319885253906,246.14523128613266,-6.753779358877958,56.80889259796262,0.33365842240849874,0.5433128223348803
SB83962_component_406a,244.465273,-2.465139,30.211999893188477,40.8270263671875,244.4653315219992,-2.465464707413768,21.922750678637797,0.8463238253814048,1.3781117313270355
SB83962_component_408a,246.444867,-6.167652,30.71299934387207,131.25213623046875,246.4447453021673,-6.167694314826242,16.49298615952403,1.1436024401798064,1.862185479743252
SB83962_component_409a,244.365987,-8.832078,29.52400016784668,111.83333587646484,244.3659709594613,-8.832129067459018,16.149047996290772,1.122743142750409,1.8282192346340145
SB83962_component_412a,248.533091,-3.306427,32.13100051879883,47.95671463012695,248.5330388868054,-3.30629761479314,20.15051035283434,0.9792426861948115,1.5945502102024594
SB83962_component_415a,243.088865,-3.163058,30.524999618530273,87.71551513671875,243.08890119503363,-3.1632547245786813,22.24271130429025,0.8427913694309819,1.3723596553016677
SB83962_component_422a,247.764202,-7.879204,29.849000930786133,108.54181671142578,247.76410078700826,-7.879155253269092,22.040054020693532,0.8317049424571445,1.354307067612481
SB83962_component_426a,245.51986,-4.955595,28.875999450683594,123.93132781982422,245.51984775393427,-4.95558475719938,21.141207424799077,0.8388018410909485,1.3658633052723113
SB83962_component_428a,243.198475,-9.409728,30.386999130249023,85.83898162841797,243.1984132745324,-9.409780196456051,15.692638493604683,1.1891700992885428,1.9363855952351685
SB83962_component_435a,244.786343,-7.265394,29.086999893188477,137.2028350830078,244.7862442936601,-7.265329689147091,18.327539416897093,0.9746459994921108,1.5870651936163176
SB83962_component_441a,246.978818,-10.063988,29.533000946044922,34.90898513793945,246.978750232293,-10.06408367418608,18.677298259466387,0.9710591002876063,1.5812244648969205
SB83962_component_447a,248.734592,-4.376294,28.783000946044922,59.1026725769043,248.73428134764876,-4.376054692013029,18.695848992312463,0.9454596911627688,1.539539657058644
SB83962_component_452a,247.020868,-3.638249,27.73900032043457,87.22956085205078,247.02076232229226,-3.6381541555948376,18.993951786423025,0.8968661061796336,1.4604122739883203
SB83962_component_456a,246.791382,-4.465083,27.167999267578125,102.90908813476562,246.79127745944325,-4.465089478727019,15.189134634152916,1.0984410702910903,1.7886469454613048
SB83962_component_460a,243.932224,-4.399758,26.983999252319336,95.01407623291016,243.93215143942595,-4.399642002841849,13.488426570406682,1.2285622356073806,2.0005297957822337
SB83962_component_461a,243.498056,-9.070869,26.240999221801758,95.77007293701172,243.497875908635,-9.070955891034485,10.368000482099783,1.5543094843578147,2.5309604554037683
SB83962_component_463a,248.003605,-5.926716,27.768999099731445,116.18828582763672,248.00355782032975,-5.926807707689731,27.088611020526198,0.6295433298609594,1.025117126850457
SB83962_component_466a,241.147637,-5.976911,29.660999298095703,31.321012496948242,241.14746312201348,-5.977182965690636,16.73887918770267,1.0882070649744968,1.771982398910338
SB83962_component_469a,247.476786,-7.200793,26.906999588012695,120.12052917480469,247.47676958459562,-7.20078891954984,15.515780095254227,1.0649857427124738,1.734169949743144
SB83962_component_472a,247.496328,-8.406233,27.993999481201172,108.92607116699219,247.49629539199864,-8.406186113025358,13.647361943662132,1.2597036216383732,2.0512388838783346
SB83962_component_476a,246.939343,-9.662549,25.59600067138672,59.387474060058594,246.93917484816257,-9.662600242727917,13.49141514956568,1.1651095015515713,1.8972065115208254
SB83962_component_478a,245.540018,-3.360415,27.636999130249023,73.89571380615234,245.539888294037,-3.3604173785631644,13.52916948548991,1.2545035219013485,2.042771299442277
SB83962_component_485a,247.572413,-7.639185,27.06999969482422,111.85950469970703,247.57230738243624,-7.639136873109076,13.851359065236965,1.200184464310219,1.9543208408164325
SB83962_component_491a,248.919645,-8.029576,26.14299964904785,38.730369567871094,248.91956319529564,-8.029560151179457,9.437776166865552,1.7011314799842008,2.7700381092774307
SB83962_component_497a,248.376254,-6.640639,24.915000915527344,82.50000762939453,248.3763107274467,-6.640572620170132,18.66291125880343,0.8198485895819677,1.3350007707813945
SB83962_component_498a,245.537575,-4.346917,24.31100082397461,66.0625,245.53736539673744,-4.346941275298081,17.53635907549299,0.8513645173035111,1.386319743985464
SB83962_component_499a,244.942104,-4.969743,24.711999893188477,93.25283813476562,244.94197396214437,-4.96980349785805,14.740476324636695,1.0295525373680952,1.6764722759932622
SB83962_component_503a,248.338494,-9.691805,25.2549991607666,31.21755027770996,248.338564621564,-9.69166636608883,15.200299572642775,1.0203457234888036,1.6614803570200742
SB83962_component_506a,248.59879,-8.203008,24.96500015258789,55.477779388427734,248.59874865017233,-8.203038840353859,15.107902872373154,1.0147978217731404,1.6524464290963754
SB83962_component_509a,244.288905,-9.856655,25.04800033569336,41.26523971557617,244.28884298800105,-9.85671257250823,13.572744061552793,1.1333330091233131,1.8454632476748947
SB83962_component_510a,246.058461,-9.39895,23.788000106811523,75.51746368408203,246.0584266041473,-9.39889240303868,16.40763637641293,0.8903567314841262,1.4498127311626894
SB83962_component_511a,245.780611,-2.401266,24.479000091552734,30.10947036743164,245.7808222058004,-2.4014776736382677,25.46235969295298,0.5904011061358074,0.9613798715728455
SB83962_component_513a,246.327723,-9.923693,25.78700065612793,48.471805572509766,246.32754560738817,-9.923834143143065,13.292151443179273,1.191400253024053,1.9400170669406762
SB83962_component_514a,243.681992,-3.775253,25.95199966430664,107.68464660644531,243.6820106586061,-3.7753332770354415,16.914938237532077,0.9422204977748064,1.534265115241301
SB83962_component_516a,245.139627,-5.307121,24.243999481201172,100.5975112915039,245.13950378562987,-5.3071702032035954,17.671973339652528,0.8425028056214592,1.3718897723098231
SB83962_component_522a,245.367657,-3.242122,24.100000381469727,53.674835205078125,245.36770779029814,-3.242104404929883,11.406219668045999,1.297560019699142,2.1128823644335704
SB83962_component_526a,247.338779,-9.581319,25.28499984741211,63.21249771118164,247.3386378542911,-9.581207796997168,11.210661249824147,1.3851087187023614,2.255442322620241
SB83962_component_528a,242.647983,-5.134147,23.906999588012695,71.57784271240234,242.64774917475305,-5.134055106346323,12.632127833754122,1.162253063328262,1.8925552292252106
SB83962_component_529a,241.786677,-9.840281,22.409000396728516,14.03193473815918,241.78661892359128,-9.840378585972747,14.188100332847096,0.9699522855863907,1.5794221827462753
SB83962_component_530a,243.547189,-6.599499,22.606000900268555,83.41697692871094,243.54714890821654,-6.599565472010272,26.144042954521304,0.5310105254900491,0.8646711964018983
SB83962_component_531a,245.67384,-4.862636,23.79199981689453,77.49836730957031,245.67381816565563,-4.8626221716370654,15.45746290585035,0.9452460523561195,1.5391917782244666
SB83962_component_532a,245.208538,-5.734037,23.187000274658203,101.69737243652344,245.20850882386347,-5.734219516467411,15.56663542895835,0.9147490144310505,1.4895319146180952
SB83962_component_536a,243.205661,-8.511892,22.365999221801758,82.53136444091797,243.20557962169562,-8.511829095213784,14.469604340912092,0.9492569532610821,1.545722930278266
SB83962_component_538a,243.381368,-6.261027,21.64299964904785,97.0538101196289,243.38122368382946,-6.260964391703615,9.92635170544616,1.3389980082156467,2.1803579292050745
SB83962_component_541a,246.556198,-9.882216,23.054000854492188,41.46403121948242,246.5560543024751,-9.88216490259086,15.963776228520146,0.8868758129443401,1.4441445761000442
SB83962_component_546a,241.568591,-8.396433,24.211000442504883,39.36748123168945,241.56866433918148,-8.396511684880586,11.126735943936447,1.3362788401113008,2.175930170761242
SB83962_component_552a,243.637231,-3.328081,22.018999099731445,67.54293823242188,243.63729203229988,-3.3281776846881512,13.023902079839518,1.0382658956825028,1.6906606764048064
SB83962_component_553a,244.717719,-9.900588,21.988000869750977,41.64393997192383,244.71755169779607,-9.900528451713368,9.989785706611546,1.3517043478377833,2.20104830228727
SB83962_component_554a,246.728916,-9.767722,23.246000289916992,45.050392150878906,246.72867040708496,-9.767900297171392,14.708855403572635,0.9705580089160921,1.5804085125665706
SB83962_component_556a,247.430601,-8.196666,22.197999954223633,65.0967788696289,247.43056693969183,-8.196723948287536,10.069523101914614,1.3538080150962086,2.2044738096884564
SB83962_component_559a,241.01733,-6.249418,23.65399932861328,17.029516220092773,241.0171820507585,-6.2495082931971435,11.584274429770401,1.2539721183920916,2.0419059883306043
SB83962_component_562a,244.601977,-3.962954,21.996999740600586,76.91258239746094,244.6019006346139,-3.9628477825875295,31.559371775394993,0.4280428407211391,0.6970037267266
SB83962_component_564a,247.787378,-7.111527,22.200000762939453,82.22222137451172,247.78741648170072,-7.111448071095414,11.488917273737917,1.1866592379647587,1.9322970332187523
SB83962_component_567a,248.49886,-7.653968,22.790000915527344,65.30085754394531,248.49884665228743,-7.653977462076935,11.91392777430034,1.174739351708573,1.912887281781907
SB83962_component_571a,243.63454,-6.169642,20.687000274658203,85.83817291259766,243.63441051273043,-6.169630923604447,13.329928703999972,0.9530634860053092,1.5519212993577798
SB83962_component_577a,244.004981,-4.973735,20.844999313354492,93.05802917480469,244.0048093992822,-4.973762569986134,12.425408749338564,1.0302516963512522,1.6776107517963241
SB83962_component_583a,242.194445,-6.502471,20.83099937438965,52.60353469848633,242.19431811747634,-6.502457685463129,11.961717299997387,1.0694702525030932,1.7414723030107222
SB83962_component_584a,241.825222,-4.075583,20.427000045776367,45.49443054199219,241.82517472625884,-4.075791197026395,16.326350081339207,0.768365085987093,1.2511675876118904
SB83962_component_587a,244.009129,-4.138394,21.04599952697754,65.97492218017578,244.00901496887755,-4.138253510359355,12.00196012952923,1.0768854620269883,1.7535468623326493
SB83962_component_590a,247.635546,-3.805495,19.729999542236328,73.07406616210938,247.6354955324678,-3.8054805147050423,13.363877722453132,0.9066647251974836,1.4763678590898244
SB83962_component_593a,241.960324,-9.16059,20.472000122070312,36.04225158691406,241.9601498861507,-9.160440708993399,11.196563341271439,1.1228653272897966,1.828418193876407
SB83962_component_594a,247.735696,-5.596659,20.12700080871582,97.70388793945312,247.7356098674634,-5.596722453040555,14.911179171299207,0.8289325866791614,1.3497927009995254
SB83962_component_599a,244.469802,-6.086581,19.066999435424805,98.28350067138672,244.46964961503642,-6.086593597097339,29.54946299548049,0.3962642547466039,0.6452570538537723
SB83962_component_600a,242.476208,-6.670709,19.40399932861328,66.22525024414062,242.47605404711723,-6.670729407308792,11.416953821878673,1.0437419618550694,1.699577630893871
SB83962_component_602a,243.247718,-5.979282,19.54199981689453,81.76569366455078,243.24755239121586,-5.979163119166432,14.348320512503742,0.836411649325771,1.3619712355787421
SB83962_component_603a,242.593285,-6.874567,19.68400001525879,68.11072540283203,242.59323136163718,-6.874761111583739,7.873507980058057,1.5353140424458813,2.5000292201537397
SB83962_component_604a,248.998477,-3.77415,21.31100082397461,24.72273826599121,248.99835993675308,-3.774110821595368,16.16362360702533,0.8096871642387792,1.318454409858445
SB83962_component_605a,243.119783,-5.964958,19.274999618530273,81.32910919189453,243.11967123916253,-5.964854870896285,26.178909519269293,0.4521629394509293,0.736279698905819
SB83962_component_606a,242.230089,-4.360262,17.9689998626709,48.82880401611328,242.2300813099847,-4.360432014784615,11.56457148940651,0.9542155676408894,1.5537972919386622
SB83962_component_607a,243.925559,-4.142485,19.773000717163086,63.57878112792969,243.9255155606051,-4.142308149544727,14.468695920336279,0.8392576915076289,1.3666055894762026
SB83962_component_610a,248.225844,-5.870846,20.011999130249023,73.84501647949219,248.22580459093163,-5.870933228820881,17.04014518962663,0.7212225912902605,1.1744030879755378
SB83962_component_612a,247.957394,-7.152808,19.757999420166016,68.36677551269531,247.95730851761238,-7.152775165032173,11.990020915263127,1.0119875394616282,1.6478703047977474
SB83962_component_615a,243.974336,-4.041628,19.514999389648438,71.22262573242188,243.97422639518817,-4.04149029619475,9.989114540723891,1.1997580882492807,1.9536265511912154
SB83962_component_617a,245.129622,-6.20119,18.673999786376953,82.99555969238281,245.1295738328203,-6.201386408113793,14.127620862124374,0.811746557536958,1.3218078237391868
SB83962_component_619a,248.581031,-6.751512,20.47599983215332,60.401180267333984,248.58106930186852,-6.75143645502576,13.416717546844405,0.9372403505198907,1.526155690515319
SB83962_component_632a,242.132255,-6.753165,18.832000732421875,49.688655853271484,242.13212323837433,-6.753105701876787,14.720654635894514,0.7856361813680492,1.2792909825152985
SB83962_component_633a,247.522697,-3.220266,20.663999557495117,50.89655303955078,247.522585793346,-3.2203341925442475,14.593967725810352,0.8695471576156905,1.4159274534333477
SB83962_component_646a,248.757991,-4.080371,19.280000686645508,37.36434555053711,248.7578330859435,-4.080276713086287,13.364561187750187,0.8859403433949034,1.4426213038941638
SB83962_component_650a,243.151053,-10.073599,19.329999923706055,21.03373146057129,243.15105070693824,-10.07387203662536,9.778412052397805,1.2139915272344974,1.9768035771172137
SB83962_component_651a,242.137432,-7.170953,18.091999053955078,56.537498474121094,242.13736895189433,-7.170961633651849,10.661820180410563,1.0420950674132285,1.69689590968682
SB83962_component_653a,246.366417,-7.780515,18.43000030517578,74.918701171875,246.36649186116364,-7.780653635417232,11.449808213206282,0.9885059041792412,1.6096339748222597
SB83962_component_655a,243.870038,-3.600556,17.84000015258789,59.26910400390625,243.87000912132845,-3.6005844131213602,13.152359323058507,0.8329967862477995,1.3564106419531199
SB83962_component_656a,245.834142,-4.974886,17.93600082397461,71.17460632324219,245.83413880659714,-4.974916520255914,12.421932135061505,0.886724280119115,1.443897827564955
SB83962_component_658a,245.728103,-4.576149,18.48900032043457,67.23272705078125,245.72794089859852,-4.576261145253072,7.66624220512939,1.4810953937975369,2.4117422624690623
SB83962_component_664a,244.444541,-8.23127,19.572999954223633,84.36637878417969,244.4445718026644,-8.23122511831902,9.33691568254574,1.287378036768337,2.096302528554803
SB83962_component_671a,248.550995,-4.05672,18.131999969482422,43.90314865112305,248.5508327631396,-4.056691479094955,11.75148244302348,0.9475566655907748,1.5429542661868054
SB83962_component_676a,245.27182,-3.908667,16.844999313354492,47.991451263427734,245.27156770155904,-3.908595616233134,9.726894382385534,1.0635280161055458,1.7317962600538932
SB83962_component_679a,244.827252,-3.544195,16.882999420166016,41.68641662597656,244.82720732847685,-3.544230441082837,11.082356129016027,0.9355556824692003,1.523412460637557
SB83962_component_681a,246.446203,-9.41379,17.509000778198242,54.37577819824219,246.44601844258662,-9.413797352420996,7.914218171905986,1.3586433928120007,2.212347498878912
SB83962_component_682a,245.027085,-6.186925,17.35099983215332,73.21096801757812,245.02714997691788,-6.187148626076622,11.16721549832614,0.9541831565590047,1.553744515340827
SB83962_component_684a,242.930075,-2.684268,18.417999267578125,32.65602493286133,242.9300931723131,-2.6844908133714833,20.627546417645632,0.5483363233312756,0.8928836660778341
SB83962_component_686a,244.989041,-3.284268,17.849000930786133,36.35234451293945,244.98887739453872,-3.2843068208858934,13.091375232332513,0.8372993972756991,1.36341680029944
SB83962_component_688a,241.500289,-6.334078,17.79800033569336,30.792387008666992,241.50001217055248,-6.334102415177374,12.126647655115496,0.9013274316648021,1.4676768750830709
SB83962_component_691a,245.976542,-4.380596,17.136999130249023,62.090579986572266,245.97641095743603,-4.380599830350045,11.581428832141455,0.908708874326049,1.479696450121027
SB83962_component_692a,244.980497,-5.772532,16.618999481201172,74.19196319580078,244.98041938269395,-5.772721902332473,14.847507007462822,0.6873904161872058,1.119312452443898
SB83962_component_695a,245.261847,-6.26758,16.73699951171875,78.21027374267578,245.26180200899339,-6.267765092825853,9.284728103001166,1.1070329579643807,1.802637549106983
SB83962_component_702a,243.87921,-9.970321,17.659000396728516,24.357240676879883,243.8791868155916,-9.970512907508503,8.492006141402067,1.2770501551172073,2.0794851184378604
SB83962_component_703a,245.027874,-7.141504,16.988000869750977,88.47917175292969,245.0277836853738,-7.141518346169032,9.588749023540641,1.088008931338258,1.771659767926449
SB83962_component_706a,246.976222,-8.030006,17.871999740600586,53.19047546386719,246.9761636335363,-8.029989264331398,10.555068572812436,1.0398345125864519,1.693214934352485
SB83962_component_710a,242.12765,-5.809773,15.855999946594238,48.78769302368164,242.12746378006665,-5.809868450849373,8.90400843382332,1.0936043030875442,1.7807709936979228
SB83962_component_711a,247.275532,-7.25501,17.232999801635742,67.58039093017578,247.27557459020383,-7.255078126217043,11.226340739152159,0.9427028081109771,1.53505048546542
SB83962_component_712a,241.631969,-7.260786,17.481000900268555,31.78363800048828,241.63201521123725,-7.260817870222772,11.093123291558596,0.9677531480581383,1.57584121629396
SB83962_component_714a,245.453544,-2.271228,18.267000198364258,16.60636329650879,245.4535332668394,-2.271497136848086,6.003108470647638,1.8687154670206954,3.0429235599658493
SB83962_component_717a,241.503278,-4.651822,17.158000946044922,26.642858505249023,241.50331728119306,-4.652046594973449,11.638445928535463,0.9053652716332895,1.4742518933714734
SB83962_component_718a,245.559199,-3.111626,16.97100067138672,43.073604583740234,245.55915683735216,-3.1115932810049287,10.909070036916203,0.9553705684737839,1.5556780379956305
SB83962_component_719a,247.212944,-9.95547,18.433000564575195,26.408309936523438,247.21275134273685,-9.95522985328994,9.264129377172493,1.2219222200185536,1.9897175238069846
SB83962_component_721a,242.851507,-3.030559,18.551000595092773,46.37750244140625,242.85151139124116,-3.0306628037618344,11.97925403348625,0.9510201134232305,1.5485939728163514
SB83962_component_722a,247.021973,-9.017539,16.05299949645996,58.80219650268555,247.02193988843996,-9.017782488105983,16.813915801731333,0.5863264161828122,0.9547448485977894
SB83962_component_726a,243.265006,-6.551247,16.100000381469727,56.69013977050781,243.26490391979704,-6.551258639619141,8.438030927778444,1.1717552576891854,1.9080281311209317
SB83962_component_727a,245.766188,-3.520361,16.233999252319336,55.4061393737793,245.76606094384255,-3.5203314029569945,11.227287544086069,0.8879792418633092,1.4459413450108467
SB83962_component_731a,244.404882,-4.362925,16.749000549316406,45.637603759765625,244.40475504910506,-4.362665196389832,13.502585268771623,0.7617704217003978,1.2404291634471656
SB83962_component_736a,247.180569,-4.894796,16.02199935913086,65.93415069580078,247.18052670449032,-4.895054046468382,10.038721656026661,0.9801452391273844,1.5960198826224241
SB83962_component_742a,245.329831,-2.542481,17.1299991607666,24.718612670898438,245.32968723043717,-2.5426317273721004,10.883436228325323,0.9665925472536883,1.5739513515211236
SB83962_component_743a,248.305963,-2.795271,16.007999420166016,16.50309181213379,248.30577793759926,-2.7950644846612525,11.550958138019183,0.8510815726235862,1.3858590109054927
SB83962_component_748a,246.441489,-8.515221,15.715999603271484,31.685483932495117,246.44145488602572,-8.515172633562832,8.050704437585097,1.1988373465283757,1.952127261050672
SB83962_component_750a,246.365013,-10.177473,16.180999755859375,18.969518661499023,246.36464756605432,-10.177285125924142,3.0476322314324054,3.260580529058155,5.309367576892376
SB83962_component_751a,247.428669,-7.239098,16.57699966430664,66.30799865722656,247.42850540232735,-7.23917255899074,9.458343719202011,1.0763238746060755,1.7526324012366534
SB83962_component_752a,243.968979,-8.992481,15.854999542236328,60.05681610107422,243.9689147867168,-8.992513421110596,7.185381487647624,1.355091248520735,2.2065633633360493
SB83962_component_753a,244.477238,-9.392097,16.742000579833984,57.33562088012695,244.47727666094676,-9.392125392890627,8.628133615641126,1.191633291963257,1.9403965359882696
SB83962_component_754a,241.928419,-4.053744,15.246000289916992,35.048274993896484,241.92832599432643,-4.0538635002583625,16.344205499393656,0.5728543918075029,0.9328076724489663
SB83962_component_758a,241.96058,-3.632768,16.13800048828125,34.70537567138672,241.96064024182056,-3.633155115796568,9.379179760512706,1.0566642204870413,1.7206195957799915
SB83962_component_759a,246.283802,-8.781724,16.558000564575195,57.895103454589844,246.28378294791696,-8.781702444557757,5.748195403632629,1.769002747420447,2.8805563140931505
SB83962_component_760a,242.882381,-3.682885,15.883000373840332,58.608856201171875,242.88231263193595,-3.682896915102569,11.266784975876263,0.8657344059621068,1.4097189577903564
SB83962_component_761a,246.994575,-4.380859,15.465999603271484,45.22222137451172,246.9943914954308,-4.380866134610417,10.66874829290528,0.8902595951367427,1.4496545591535213
SB83962_component_764a,244.87494,-9.761006,16.2810001373291,41.21772003173828,244.87487087074192,-9.760933288736975,7.739334700210967,1.2919020534731531,2.1036692129215315
SB83962_component_766a,247.899677,-6.458883,16.461999893188477,74.15315246582031,247.89972688687425,-6.4588569522137735,9.714894023642138,1.0406307731886808,1.694511525614855
SB83962_component_767a,247.355647,-6.814066,16.22800064086914,63.88976287841797,247.3555103224015,-6.814029583909564,9.708222996921991,1.0265436245992625,1.6715727117119432
SB83962_component_773a,246.304963,-9.429434,16.086000442504883,46.6260871887207,246.3048192661937,-9.42940747410938,8.554491775536132,1.1547979403936357,1.880415676885344
SB83962_component_777a,242.92343,-7.845739,16.854000091552734,65.8359375,242.92346326697117,-7.845803615540897,9.623666914495391,1.0755102313063987,1.7513075048521107
SB83962_component_778a,246.664077,-6.391607,15.579000473022461,66.01271057128906,246.66400013444692,-6.391614401630695,15.511858239912572,0.616776617323106,1.0043284455073944
SB83962_component_781a,248.342714,-5.642483,16.201000213623047,59.562496185302734,248.3427169896753,-5.642579595039454,9.067111693053016,1.0972990407810983,1.7867873212630467
SB83962_component_782a,244.270097,-10.23977,16.60099983215332,11.840941429138184,244.27005978486164,-10.239982036320372,7.626352164040069,1.336809510698424,2.176794288418871
SB83962_component_783a,247.03355,-6.725835,15.892000198364258,57.37184143066406,247.03345552080256,-6.725897506973372,8.949202607856195,1.0905519501608405,1.7758006936185824
SB83962_component_785a,241.601287,-3.153526,16.55699920654297,15.768571853637695,241.60149900302406,-3.1539314249839685,24.788620796278536,0.4101865365107543,0.667927406797422
SB83962_component_788a,241.568419,-4.668888,15.656999588012695,28.415607452392578,241.56835503210218,-4.669113076327391,10.566470507019512,0.9099776639675569,1.4817624842289057
SB83962_component_791a,243.071329,-6.037486,16.22599983215332,68.17646789550781,243.07136986811147,-6.037255091137573,14.022856112115646,0.7106031474959836,1.1571109125290229
SB83962_component_795a,244.560463,-3.216682,15.303000450134277,39.54263687133789,244.56043777552884,-3.216805748663685,12.544498973982709,0.7491614268410097,1.2198973017473795
SB83962_component_802a,247.106879,-6.115659,14.878999710083008,61.738590240478516,247.10671139824913,-6.115653246982468,10.160047938669951,0.8993528507782642,1.4644615655259214
SB83962_component_807a,247.01015,-6.482853,14.777000427246094,47.362178802490234,247.01008861441875,-6.482834932600443,7.263321555942562,1.2494047478724637,2.03446870876261
SB83962_component_808a,247.098185,-9.245078,15.336999893188477,47.92812728881836,247.0980693657328,-9.245177579357758,11.235292944677315,0.8383167650039871,1.365073431436813
SB83962_component_809a,243.3218,-6.599452,14.694000244140625,52.29181671142578,243.32181889758564,-6.599447724977446,8.557992253383183,1.0544361606375534,1.7169915336546056
SB83962_component_810a,246.405878,-7.855594,15.616999626159668,64.26748657226562,246.40584485661375,-7.855721621449944,6.737292114529759,1.4235225771995321,2.317993544094634
SB83962_component_812a,248.703016,-7.792141,15.39900016784668,35.64583206176758,248.70306213271078,-7.792077114467352,9.868974659089767,0.958236318748902,1.5603444835744422
SB83962_component_814a,245.879265,-10.061734,15.013999938964844,24.98169708251953,245.87912691680626,-10.061746236221886,13.476290337944306,0.6841923093306901,1.1141048138960696
SB83962_component_815a,246.255084,-2.468735,14.414999961853027,18.33969497680664,246.25504615145948,-2.4687660553147266,8.160942736528824,1.0847419915012082,1.7663400451679072
SB83962_component_816a,243.588266,-8.242722,14.472999572753906,51.32269287109375,243.5881658133306,-8.242608422273936,7.94445500068075,1.1187848513591236,1.8217737493023416
SB83962_component_821a,242.206597,-8.478358,14.89799976348877,42.81034469604492,242.20659144697356,-8.478377784251416,13.08644285843322,0.6991308837551334,1.1384300473897029
SB83962_component_822a,248.107362,-6.564376,15.305000305175781,46.804283142089844,248.1073852005201,-6.564279100370801,10.247341049175075,0.9172216337005462,1.493558205170487
SB83962_component_827a,241.617123,-4.686537,14.130000114440918,28.954917907714844,241.6171504098853,-4.686780416559462,7.062138371908898,1.2287345784136325,2.0008104302580487
SB83962_component_828a,241.863547,-6.723038,15.657999992370605,26.584041595458984,241.86336982555463,-6.7228976171724995,9.545002289016477,1.0074242230604324,1.6404396267550834
SB83962_component_829a,242.639509,-7.305214,14.237000465393066,49.95438766479492,242.63947608076555,-7.305343952272154,9.160184360552408,0.9544790977429015,1.554226411283113
SB83962_component_831a,248.917789,-7.236889,14.151000022888184,26.954286575317383,248.9177433378793,-7.236876398912509,7.740311374598233,1.122744244452916,1.8282210285917215
SB83962_component_843a,241.121643,-4.580038,13.699000358581543,12.60257625579834,241.12156287456838,-4.580287327460679,9.460159163268626,0.8892882849624452,1.4480729258521623
SB83962_component_844a,244.785027,-2.974134,14.694999694824219,34.988094329833984,244.7848963572825,-2.9742849340451025,11.723530527047087,0.7697741098295373,1.2534619721355886
SB83962_component_847a,247.488224,-6.88234,13.946999549865723,62.542598724365234,247.4881922609484,-6.882337511035157,20.179935070410767,0.4244369252995864,0.6911320329427516
SB83962_component_849a,246.460765,-8.822784,15.282999992370605,56.394832611083984,246.46070521315937,-8.822697249222772,8.856554689694613,1.0597317387281329,1.7256145903049331
SB83962_component_850a,242.913199,-8.344729,14.791999816894531,59.40562057495117,242.91317602124863,-8.344784348300525,9.94315521286409,0.9135973083599424,1.4876565335877674
SB83962_component_851a,241.211857,-4.597344,15.470999717712402,17.461626052856445,241.21178315276657,-4.597692100074852,10.420662877403434,0.9117487351918809,1.484646408748172
SB83962_component_852a,244.445822,-3.343101,13.727999687194824,42.37036895751953,244.44579095781594,-3.3432368325939654,6.501802340900845,1.2966585722183717,2.11141449207648
SB83962_component_854a,246.863656,-10.278624,14.312000274658203,13.166513442993164,246.86367708353714,-10.278814177243456,6.0971228697700735,1.4415427501054563,2.3473366996781415
SB83962_component_856a,242.840434,-7.168851,13.406999588012695,53.8433723449707,242.84048770641544,-7.1688906542977895,11.417880587959987,0.7211045514884961,1.1742108778182714
SB83962_component_859a,248.140468,-4.093497,13.284000396728516,43.27035903930664,248.1403540147671,-4.093501730371765,7.3820396122869685,1.1051078045404523,1.7995027247778626
SB83962_component_862a,247.894261,-3.766516,14.940999984741211,51.3436393737793,247.8941062805778,-3.7666227447610208,8.481748939410107,1.0817985364965501,1.7615470690624258
SB83962_component_863a,245.994141,-10.328882,14.696000099182129,15.244813919067383,245.99422200899983,-10.329161711453931,9.09112776994031,0.9927354307043368,1.6165211259899186
SB83962_component_867a,244.803277,-3.785911,14.168999671936035,42.04450607299805,244.80305431571895,-3.785809626020655,8.376633034468425,1.0387758335212598,1.691491033883543
SB83962_component_868a,242.854932,-2.898315,14.147000312805176,29.658281326293945,242.85503861773884,-2.898559069917127,8.967010877474372,0.968877351561494,1.5776718135073555
SB83962_component_869a,243.000015,-6.047582,13.262999534606934,58.171051025390625,242.99991383345665,-6.047413979748243,7.754337594007271,1.0503866350355209,1.7103974870602592
SB83962_component_871a,244.372002,-6.822367,14.741999626159668,74.45454406738281,244.37194319299766,-6.8227392757780425,7.49466904261854,1.2079697913951695,1.9669980812133374
SB83962_component_873a,243.370513,-3.867009,14.12600040435791,51.74359130859375,243.37062915605762,-3.8670719093130796,10.313068018646913,0.8411694079499795,1.3697185336911275
SB83962_component_874a,242.093587,-5.782447,13.753999710083008,45.84666442871094,242.0934793686257,-5.782542746812757,7.875133010999284,1.0725640851874383,1.746510146669605
SB83962_component_875a,244.90994,-10.224291,14.104000091552734,16.972322463989258,244.91000465246458,-10.224303210882805,5.95118049382547,1.4554299824412193,2.3699499798713988
SB83962_component_877a,241.949812,-5.664844,13.501999855041504,44.124183654785156,241.94963892277988,-5.6649020446750935,12.746211774388492,0.6505326620020024,1.0592951140331475
SB83962_component_885a,245.160019,-4.510504,13.673999786376953,49.01074981689453,245.15985590139718,-4.510612920952209,9.085480248472516,0.9242720445963472,1.5050387445039988
SB83962_component_886a,243.883374,-7.040648,13.123000144958496,56.32189178466797,243.88332554083482,-7.040738955517208,8.43767728848482,0.9551297223286762,1.5552858560812572
SB83962_component_888a,242.862843,-3.137414,13.802000045776367,40.122093200683594,242.86274864126855,-3.137578266087346,9.370556317276156,0.9045421037893214,1.472911487691517
SB83962_component_890a,248.26028,-6.721019,13.262999534606934,47.19928741455078,248.2602779158996,-6.720898832280874,6.279747134740447,1.2970351190160434,2.112027642201411
SB83962_component_892a,244.621285,-4.091109,13.196000099182129,41.23750305175781,244.62124282043496,-4.090986585451478,6.475425396490489,1.2514864255845726,2.037858409477471
SB83962_component_896a,247.519903,-8.481473,13.440999984741211,52.917320251464844,247.51993860158953,-8.4815215661344,9.021624862360449,0.9149533545045802,1.4898646518565684
SB83962_component_898a,248.635963,-9.122059,13.6899995803833,20.28148078918457,248.63590771337292,-9.122161031995384,6.339679898150718,1.3261365414315807,2.159414954748215
SB83962_component_899a,244.666916,-6.111636,13.024999618530273,65.125,244.6667693173464,-6.1116688144127425,7.217851360491607,1.1082096368885637,1.8045535946923605
SB83962_component_900a,244.41303,-5.067694,13.187999725341797,58.353981018066406,244.41293031427983,-5.067725878158473,7.442628120376754,1.0881900419455903,1.771954679454575
SB83962_component_904a,247.973428,-3.135659,12.470999717712402,25.766529083251953,247.97338498599922,-3.13547045651772,11.567613131398106,0.6620787533231672,1.0780961963416829
SB83962_component_912a,244.214538,-3.646187,13.02400016784668,46.514286041259766,244.21446910688633,-3.646179065744621,7.862445263694288,1.0172762271764453,1.656482141502014
SB83962_component_913a,246.152033,-4.54402,13.159000396728516,46.01049041748047,246.15192882386975,-4.54414087999749,5.199012032648947,1.5543693173483824,2.5310578844773084
SB83962_component_916a,247.244058,-6.945118,12.22700023651123,52.93073654174805,247.24399211356834,-6.945225898663121,5.783333976142038,1.2983559883268871,2.114178480259176
SB83962_component_917a,248.311327,-2.861342,12.368000030517578,15.383084297180176,248.3111972215269,-2.8613795215036637,9.792627142519017,0.77562606676318,1.262991008492138
SB83962_component_919a,246.695654,-9.094953,12.48799991607666,45.743587493896484,246.69554332210672,-9.095265342072995,5.980753916383919,1.2822983729920645,2.088031056062435
SB83962_component_920a,244.457885,-8.552043,13.199000358581543,61.67757034301758,244.45793551432146,-8.552094445141195,6.426836079564937,1.2612348281273573,2.053732224562206
SB83962_component_921a,246.154832,-6.924725,12.968999862670898,42.66118621826172,246.15481596201928,-6.9246853621944195,9.383806721998567,0.8487495734534956,1.382061699146842
SB83962_component_922a,243.084713,-3.890007,12.465999603271484,45.4963493347168,243.08462692768276,-3.890027253194137,9.94048749168022,0.7701433380296773,1.254063205019373
SB83962_component_925a,243.063585,-4.918996,12.876999855041504,49.91085433959961,243.06331602469993,-4.918935255242171,7.631657831065371,1.0362103787451376,1.6873135745977081
SB83962_component_927a,241.716431,-5.341142,12.211000442504883,28.53037452697754,241.71640115839244,-5.341418578048656,16.655709183571076,0.45023603914108723,0.7331420300343391
SB83962_component_933a,241.217759,-7.157354,12.937000274658203,13.462018966674805,241.21760956226046,-7.157498782341315,6.460861912131138,1.2296889368128774,2.002364460129885
SB83962_component_934a,247.906033,-3.523864,13.010000228881836,36.544944763183594,247.9059869831843,-3.523715825012925,11.377669468597968,0.7022247443220772,1.143467936451226
SB83962_component_935a,243.495934,-3.058545,12.09000015258789,32.068965911865234,243.4960410640613,-3.0588083402059225,8.957415718123688,0.8288877346282995,1.3497196661450013
SB83962_component_937a,248.219143,-3.793077,12.847000122070312,35.39118576049805,248.21908454441024,-3.793040909654395,9.525274572611462,0.8282784503745925,1.3487275378927122
SB83962_component_946a,244.576928,-8.918986,12.267000198364258,46.820613861083984,244.57691163532158,-8.919047838194558,7.541175224035386,0.998967772363384,1.626669561962521
SB83962_component_947a,246.363711,-5.618963,12.89799976348877,56.81938171386719,246.3637373003411,-5.619228200582514,6.359487823787693,1.2455247501144306,2.0281507128991967
SB83962_component_949a,248.114257,-7.646948,12.975000381469727,46.01063919067383,248.11420244130267,-7.646872781427652,6.720184261279374,1.1857095984430692,1.930750687333025
SB83962_component_955a,242.440995,-4.611568,11.661999702453613,39.13422775268555,242.44077357764604,-4.611679618620506,11.410632609994687,0.6276469762128161,1.0220291986474748
SB83962_component_959a,246.246418,-7.724378,12.71500015258789,52.11065673828125,246.246456398451,-7.724609190126538,6.171037277885476,1.265349032188596,2.06043159035084
SB83962_component_960a,241.282984,-4.614679,11.12600040435791,12.159563064575195,241.28316228941978,-4.61492683073663,8.625032076178684,0.7921920685827173,1.2899662640196556
SB83962_component_967a,246.734198,-8.34367,12.305999755859375,24.71084213256836,246.7341320785851,-8.343525084236093,5.950934336763379,1.2699419846131812,2.0679105262237556
SB83962_component_970a,241.458647,-4.713975,12.791000366210938,20.630645751953125,241.45864242117304,-4.714106132239716,9.882253697171508,0.794878316267446,1.2943404164853578
SB83962_component_971a,245.403382,-7.346711,11.743000030517578,59.308082580566406,245.40339879202836,-7.346758488729636,11.473308971582988,0.6285538781566274,1.0235059527815873
SB83962_component_972a,249.31378,-5.984206,12.24899959564209,11.846227645874023,249.31368423152963,-5.98408389506098,8.44675075793219,0.8905597818717984,1.4501433683406932
SB83962_component_973a,249.11795,-5.274866,12.118000030517578,16.46467399597168,249.11789313686967,-5.275141129013168,8.950062937564889,0.8314899365472045,1.3539569626551267
SB83962_component_974a,243.327246,-7.870698,11.642999649047852,46.571998596191406,243.32720694857107,-7.870760882588204,5.159960848767686,1.3857044618672478,2.256412401235265
SB83962_component_976a,244.413798,-4.21716,12.569999694824219,31.822782516479492,244.41387923344297,-4.217092040827758,10.314207237953726,0.7484306272199256,1.2187073038992018
SB83962_component_979a,247.791139,-5.444879,12.369999885559082,54.49339294433594,247.79095951780963,-5.444901186149994,6.264204131379439,1.2127071312431976,1.9747121304035613
SB83962_component_985a,245.821216,-6.45703,12.027000427246094,54.91781234741211,245.8210753846286,-6.457069543631183,7.830310415344682,0.9432579729219048,1.5359544883019403
SB83962_component_991a,244.117752,-7.058342,11.649999618530273,53.196346282958984,244.11775417636872,-7.05837201375165,12.533034068462593,0.5708497672988282,0.9295434413479864
SB83962_component_993a,246.280974,-4.07896,11.470999717712402,47.597511291503906,246.28078427140227,-4.07895938820595,9.69284125029231,0.7267788938175421,1.1834506953641142
SB83962_component_994a,241.474014,-8.780354,12.809000015258789,15.248809814453125,241.47399413806474,-8.780537281541397,9.297688494931823,0.8460428740327639,1.3776542440888384
SB83962_component_997a,246.773406,-9.178633,12.041999816894531,43.630435943603516,246.77329242200537,-9.178842338910174,6.580490532805448,1.1238089462508856,1.8299547361799315
SB83962_component_998a,243.19299,-2.589696,12.220000267028809,18.10370445251465,243.19314452581273,-2.5899518702129294,6.173825288729337,1.2155393356831514,1.979323951608592
SB83962_component_999a,248.576774,-3.762991,11.151000022888184,21.240001678466797,248.57670472403575,-3.762963871842911,8.785040865980417,0.7795108563751171,1.269316807172726
SB83962_component_1006a,245.959873,-6.686837,11.522000312805176,43.97710037231445,245.9598012850985,-6.6867584079805065,6.738066026025681,1.0501340919425268,1.7099862584162309
SB83962_component_1008a,248.243156,-4.058007,10.793000221252441,32.60725021362305,248.2429625358311,-4.057990338947736,5.936027531599201,1.1166020396737921,1.818219367042717
SB83962_component_1010a,243.547633,-8.278886,11.336000442504883,40.056541442871094,243.54763195335323,-8.278759121520576,7.087818385034327,0.9821988261384355,1.5993638418332556
SB83962_component_1011a,246.604423,-3.855378,11.237000465393066,42.726234436035156,246.60440089381055,-3.855335507209266,8.362197311562328,0.8252435250127563,1.3437856159954247
SB83962_component_1015a,244.283317,-8.867513,11.404999732971191,47.920166015625,244.2832909584596,-8.867561530578579,6.441099808595205,1.087395140947607,1.7706603021043088
SB83962_component_1018a,242.032995,-4.834822,11.79699993133545,37.09748458862305,242.03285649525176,-4.8351073745990565,7.024309351965048,1.0313832750196479,1.6794533583625901
SB83962_component_1019a,245.976321,-8.837152,11.918000221252441,55.175926208496094,245.9762753024239,-8.837138082919761,6.665671598778812,1.0980234451843007,1.787966905455691
SB83962_component_1022a,241.494809,-3.589281,10.717000007629395,12.623085975646973,241.49511648900176,-3.589583832484834,9.647200484213084,0.6822193990422711,1.1108922246580195
SB83962_component_1024a,243.891768,-6.795317,11.305000305175781,54.09090805053711,243.891914963541,-6.795423093041671,13.45943541317367,0.5158172633986373,0.8399312421463685
SB83962_component_1029a,249.100957,-4.476971,10.288999557495117,11.244808197021484,249.10080919603695,-4.476826778059519,7.336531557429698,0.8612604333447328,1.402433762732944
SB83962_component_1030a,245.941608,-8.594017,11.097000122070312,50.212669372558594,245.9415225028012,-8.593931025165146,5.882500319439307,1.158499281573727,1.8864427572403477
SB83962_component_1032a,248.159557,-3.391884,10.281000137329102,22.398693084716797,248.15953542398807,-3.3917783264285863,8.527018173443889,0.7404407529746077,1.2056969890538904
SB83962_component_1038a,249.091346,-8.60063,11.748000144958496,10.958954811096191,249.0912005328029,-8.600708105556928,10.81799891366247,0.66691294475376,1.0859679538441709
SB83962_component_1039a,244.819326,-5.923242,10.833000183105469,46.693965911865234,244.81918804776458,-5.923292105381677,6.446739474423892,1.0319550200337795,1.680384359579468
SB83962_component_1043a,248.103149,-6.131028,10.758999824523926,39.123634338378906,248.10309203928958,-6.131198283100399,7.476733022462784,0.8837148737188067,1.4389974594786301
SB83962_component_1051a,249.137352,-7.392334,11.6899995803833,14.722920417785645,249.13713061089243,-7.392326175420986,4.663561179987047,1.5393910401510607,2.506668000957965
SB83962_component_1058a,241.608663,-6.968182,11.343999862670898,21.40377426147461,241.60826284413122,-6.968111527215827,5.971447471541847,1.1666450257311902,1.8997068829179269
SB83962_component_1060a,248.637,-6.63274,10.569000244140625,26.55527687072754,248.63697904985915,-6.632586951794118,8.25648903149272,0.7861232429763442,1.2800840894752352
SB83962_component_1068a,246.771858,-6.01962,10.35099983215332,44.80952072143555,246.7717272380599,-6.019625213972904,7.996113617364478,0.7949786814550999,1.2945038461778402
SB83962_component_1069a,248.136899,-7.192545,10.586000442504883,35.52349090576172,248.1368949318293,-7.192418109737975,5.19240768223964,1.2520315172008671,2.038746009623579
SB83962_component_1070a,244.178097,-3.482432,10.687999725341797,36.10810852050781,244.17807879281813,-3.4825893806594577,6.82704346810842,0.9614260901294874,1.5655385490467864
SB83962_component_1071a,248.836627,-5.243905,10.404000282287598,21.76569175720215,248.8365845952987,-5.244073701460078,7.590152565419061,0.8417865594845482,1.3707234726332778
SB83962_component_1075a,243.576238,-5.692864,10.291999816894531,47.21100997924805,243.57597381787514,-5.6928656315480195,10.21150526088725,0.6189593699988334,1.0078827316787071
SB83962_component_1077a,245.090235,-4.72793,9.741999626159668,38.50592803955078,245.09021091223903,-4.727962740827483,8.61436701259161,0.6945073962627126,1.1309013897271616
SB83962_component_1085a,242.757919,-4.276036,10.784000396728516,37.4444465637207,242.75777803290197,-4.276087187459995,6.411610707600079,1.0329157201175965,1.6819487159358526
SB83962_component_1087a,242.755477,-6.422623,9.930000305175781,34.59930419921875,242.7553798850607,-6.422638969265644,8.507397072667152,0.716811056993045,1.1672195643811216
SB83962_component_1088a,244.180817,-8.90357,11.086000442504883,46.974578857421875,244.1807707331365,-8.903609339798429,5.27000483296357,1.2918616782469905,2.1036034679062534
SB83962_component_1090a,247.247729,-6.474281,10.579000473022461,44.63713073730469,247.24778061095122,-6.474334699904658,7.304036024976448,0.8894752484477814,1.4483773679164695
SB83962_component_1092a,242.695944,-2.865917,10.694999694824219,19.2702693939209,242.696094927401,-2.866117885138609,9.04598375508147,0.7260676889155925,1.1822926045844857
SB83962_component_1097a,244.822208,-4.43802,9.522000312805176,31.739999771118164,244.8221345205851,-4.438001209167103,5.820695702310403,1.0046283586203677,1.6358869798030529
SB83962_component_1101a,247.005895,-9.6686,11.138999938964844,23.90343475341797,247.00570468797187,-9.668534626249603,14.782271035200003,0.4627614552346678,0.753537796218207
SB83962_component_1103a,247.202076,-6.893927,10.503000259399414,42.69512176513672,247.20200410169556,-6.893913679731082,8.05482744851376,0.8007727250090645,1.3039385792599913
SB83962_component_1108a,243.439385,-10.127643,11.314000129699707,11.700103759765625,243.43941079644517,-10.127926784245735,6.612534857512597,1.0507522832955802,1.710992890547217
SB83962_component_1109a,241.77291,-6.651194,10.98799991607666,19.869802474975586,241.77281614669587,-6.651136369569152,8.02147284264592,0.8412337098099274,1.3698232396498666
SB83962_component_1111a,243.458521,-3.843862,10.131999969482422,41.186988830566406,243.45832824973408,-3.843916214650724,6.582868166169525,0.9452183834461225,1.5391467235440757
SB83962_component_1112a,247.64035,-6.880069,10.638999938964844,45.46581268310547,247.64032103937078,-6.880023310106008,5.075937015640775,1.2871724011208028,2.095967681667894
SB83962_component_1114a,244.249234,-9.445574,10.345999717712402,34.258277893066406,244.24917518383128,-9.445595321038178,5.9246031391012774,1.072421063258845,1.7462772568563674
SB83962_component_1118a,246.639034,-7.857302,10.414999961853027,35.667808532714844,246.63922171925833,-7.857416583070421,8.545994510127546,0.7484258868260212,1.2186995848769375
SB83962_component_1119a,245.310065,-4.667495,9.942999839782715,39.145668029785156,245.30988248510803,-4.6674571195779295,6.198574935630963,0.9850940910176595,1.604078347529181
SB83962_component_1122a,243.699823,-6.164309,9.78600025177002,44.28054428100586,243.6997043126602,-6.164270429105243,6.073996389882568,0.9894248883481657,1.6111304030523497
SB83962_component_1127a,248.248151,-4.265657,9.670999526977539,30.70158576965332,248.24802134572735,-4.265660465670477,5.850245929092979,1.0151947809140747,1.653092817668424
SB83962_component_1129a,248.833356,-4.811012,9.76099967956543,18.31332015991211,248.8332012898643,-4.8110848705676075,8.788236099247477,0.6820947707607123,1.1106892861471085
SB83962_component_1131a,246.859929,-5.055533,10.343999862670898,45.97333526611328,246.85987953853441,-5.055602306936649,7.413791122070658,0.8568411148048225,1.3952375636638976
SB83962_component_1133a,249.153742,-7.335299,8.680999755859375,10.797263145446777,249.153783686229,-7.335350136639085,5.951878922120388,0.8957107645945319,1.4585309730673628
SB83962_component_1134a,244.325128,-3.000141,9.732000350952148,21.342105865478516,244.32521379640022,-3.0003182538711144,8.00084232352621,0.7469964565492796,1.2163719715279884
SB83962_component_1135a,241.593067,-3.197986,10.913000106811523,11.079187393188477,241.59337844529722,-3.198209990151061,5.065646442974629,1.3230048064354527,2.1543153928451497
SB83962_component_1139a,247.26861,-5.876004,10.140000343322754,41.052635192871094,247.2683533176799,-5.875937207317394,7.941326406375265,0.7841462326195023,1.2768648238891682
SB83962_component_1141a,244.178397,-5.473521,10.553000450134277,46.69469451904297,244.17829866256375,-5.473618995013604,7.321176349384067,0.8852118642189811,1.4414350845437707
SB83962_component_1145a,247.98874,-6.253151,9.597999572753906,41.549781799316406,247.98873287569666,-6.253236956505959,8.603209128841229,0.6851290522015882,1.115630159515449
SB83962_component_1146a,247.402888,-2.949398,9.449999809265137,19.484535217285156,247.40285743068654,-2.9493810490314343,6.911327906567291,0.8396966850720576,1.367320424818152
SB83962_component_1149a,246.44687,-9.542425,10.152000427246094,27.966943740844727,246.4468791989563,-9.542529536198732,5.028469170892113,1.2398466500418484,2.0189047764301997
SB83962_component_1150a,242.069819,-9.504555,10.46500015258789,15.526705741882324,242.06941267526227,-9.504375897511329,7.48561406584255,0.858546740803576,1.3980149204245669
SB83962_component_1153a,248.876658,-5.667502,10.338000297546387,19.54253387451172,248.8766424617632,-5.667630565182482,4.814288456340439,1.318732075148943,2.1473578891873824
SB83962_component_1154a,244.437149,-5.364967,10.270000457763672,43.333335876464844,244.43697466959034,-5.3649688407813985,5.184171349703876,1.2165872278291165,1.9810302871934014
SB83962_component_1156a,242.114233,-5.715782,9.300999641418457,29.15673828125,242.1139276330081,-5.71571221341106,5.5388250075583505,1.0312503778849753,1.6792369552614852
SB83962_component_1159a,243.075729,-8.577957,9.138999938964844,38.3991584777832,243.07566674053865,-8.57798374181657,6.409442704177928,0.8756499803041362,1.425864987139628
SB83962_component_1164a,248.18342,-4.050236,9.803000450134277,33.11824417114258,248.18316072456756,-4.050250663766907,5.324807645090002,1.130595457419425,1.8410055542895736
SB83962_component_1167a,241.82985,-3.184631,9.786999702453613,14.499258995056152,241.8299317036046,-3.1849362039823244,8.179439469237153,0.7348152649806287,1.1965367234836188
SB83962_component_1175a,247.776904,-5.380178,9.62399959564209,40.779659271240234,247.77664354880267,-5.380207841880515,10.286065238514777,0.5745905234664567,0.9356347031133274
SB83962_component_1177a,243.539748,-6.542871,9.338000297546387,38.27049255371094,243.53973884449243,-6.542915229828611,13.292352977321194,0.4314238552839619,0.7025092031093709
SB83962_component_1179a,243.477048,-7.106608,9.439000129699707,40.861473083496094,243.47726662337791,-7.106868463851267,5.946783719840226,0.9747561538526427,1.5872445635122758
SB83962_component_1180a,247.351457,-3.009361,9.413000106811523,21.2963809967041,247.35132904803817,-3.0094262364873106,4.895895356041457,1.1807231390144797,1.9226309841765779
SB83962_component_1181a,245.825115,-7.29794,9.020000457763672,41.187217712402344,245.8250546537404,-7.298017163531892,4.068985602801391,1.3613586143456327,2.216768830922782
SB83962_component_1185a,246.754019,-6.193084,9.420999526977539,40.089359283447266,246.75386613354198,-6.193060699458131,6.771374273562549,0.8544217600091415,1.3912980063382276
SB83962_component_1191a,248.245286,-5.468426,8.937999725341797,32.98154830932617,248.2451897681945,-5.468465649837695,6.268837172479861,0.875599459548364,1.4257827216472514
SB83962_component_1197a,246.969454,-4.497738,9.657999992370605,38.63199996948242,246.96926010365382,-4.49768676467815,6.053573890716619,0.9797775640390712,1.595421178748889
SB83962_component_1198a,245.379193,-3.687324,9.527999877929688,25.961851119995117,245.37893145359692,-3.6873032864603204,4.523559056011178,1.2935213933450986,2.106306065633941
SB83962_component_1205a,243.918761,-8.008978,9.413999557495117,37.807228088378906,243.9187526572051,-8.00884086560719,5.494288130920423,1.052240176781003,1.7134157024848367
SB83962_component_1206a,245.205258,-5.462034,9.270000457763672,37.08000183105469,245.20504919161243,-5.462169726529934,6.676172559819014,0.8527158578952949,1.3885201999654389
SB83962_component_1207a,244.076544,-5.819419,8.734000205993652,33.592308044433594,244.0763397752571,-5.819482032220512,6.375326423860893,0.8413232856189374,1.369969100453424
SB83962_component_1210a,244.332022,-9.809211,9.223999977111816,17.241121292114258,244.33195197323195,-9.809172878944759,6.319163419559685,0.8964206323407475,1.4596868864889299
SB83962_component_1216a,245.186139,-7.242667,9.543000221252441,48.9384651184082,245.18621869221735,-7.242644259475753,6.6078033311258695,0.8869108396177963,1.444201611797435
SB83962_component_1219a,244.654948,-4.272491,9.1850004196167,25.02724838256836,244.65479824994506,-4.272381138937738,4.41722105585561,1.2769743804361593,2.0793617307064056
SB83962_component_1220a,246.696523,-9.135726,9.628999710083008,36.61216354370117,246.69640685040324,-9.13587310960632,5.097443572900722,1.1600611537361685,1.88898603238556
SB83962_component_1225a,247.927874,-9.781803,9.859999656677246,14.31059455871582,247.92802331135928,-9.782045390097192,8.086320901956542,0.7488210859229408,1.2193431074806282
SB83962_component_1233a,246.711755,-5.332105,8.779000282287598,40.086761474609375,246.71180915311447,-5.332115419463265,9.548104727861153,0.5646509023616135,0.9194495172084439
SB83962_component_1235a,245.123783,-4.753823,8.663999557495117,36.55696105957031,245.12343814639226,-4.753897367122164,4.1951667119962615,1.2682980796942909,2.065233673007567
SB83962_component_1241a,241.914207,-4.330179,8.041000366210938,20.002487182617188,241.91410989328094,-4.330288241407142,6.148511409890618,0.8031418118459662,1.3077962827353664
SB83962_component_1244a,244.667343,-3.517123,8.60099983215332,26.222558975219727,244.66732540229677,-3.517259621701135,4.505518501378586,1.1723473314367538,1.9089922346388346
SB83962_component_1247a,247.291974,-9.950705,9.045000076293945,13.108695983886719,247.29144191051037,-9.950631583876977,5.177758558658849,1.072800376032082,1.7468949109586902
SB83962_component_1250a,247.360476,-3.188137,9.442000389099121,24.65274429321289,247.36052573207155,-3.188155162533257,6.823522733492824,0.849781962724724,1.3837427906195237
SB83962_component_1251a,246.331005,-3.12812,9.413999557495117,27.446063995361328,246.33083162729147,-3.1281478378682746,5.321371145702903,1.0864325294870627,1.769092833356884
SB83962_component_1252a,243.617555,-5.206508,9.42199993133545,38.145748138427734,243.61731893576402,-5.2065359505539375,4.542650220912076,1.273755101069381,2.0741196158932294
SB83962_component_1255a,245.881509,-6.227136,8.72599983215332,42.359222412109375,245.8814993773095,-6.2272699554227176,5.37423895430174,0.9971267452540907,1.6236717247506658
SB83962_component_1258a,245.37122,-7.679858,9.380999565124512,49.634918212890625,245.37118481781337,-7.679886191081907,5.615997650203193,1.0258274965893697,1.6704066043875743
SB83962_component_1261a,248.42188,-9.591017,9.211000442504883,10.887706756591797,248.42176860798384,-9.590976553919537,4.1720538317646225,1.3558418569425585,2.2077856168526413
SB83962_component_1263a,245.373108,-10.121458,9.376999855041504,13.041725158691406,245.37319423254175,-10.121530941378278,4.463948928404468,1.2900211465243774,2.100606437357492
SB83962_component_1266a,245.612064,-9.954774,8.494999885559082,17.372188568115234,245.61188879053088,-9.954694026317185,5.640469305156965,0.9249117028809396,1.5060803323213334
SB83962_component_1270a,247.074605,-4.749547,8.968000411987305,32.49275588989258,247.07447560191534,-4.74967240038921,6.828502717030123,0.8065332391741012,1.3133187147485972
SB83962_component_1271a,246.031644,-6.431254,9.182000160217285,39.57758712768555,246.03158038176133,-6.431321426574512,6.517938357453966,0.8651256420648443,1.4087276768606867
SB83962_component_1273a,243.125687,-3.746163,8.593999862670898,30.58363151550293,243.12561694676688,-3.746231477464949,6.888952876672733,0.7661155295994297,1.2475045215901779
SB83962_component_1274a,244.147585,-5.722371,8.236000061035156,35.5,244.14750017742864,-5.722408625902519,5.48038119957847,0.9229065128716482,1.5028151803872034
SB83962_component_1279a,243.37503,-6.766767,8.64799976348877,37.599998474121094,243.37487423912125,-6.766828546504256,5.741092028469721,0.9250672328477536,1.5063335896034888
SB83962_component_1280a,241.319049,-7.605182,9.086000442504883,12.567082405090332,241.31929042393125,-7.605356044803768,4.7374068018807085,1.1778343391195294,1.917927005740318
SB83962_component_1281a,244.86877,-5.312794,8.638999938964844,34.28174591064453,244.86856451960492,-5.312794432017433,5.733286070788138,0.9253627139143334,1.5068147363135618
SB83962_component_1287a,247.252134,-6.768971,8.00100040435791,33.337501525878906,247.2520075425517,-6.768915515029972,5.3365776030535965,0.9207327701831581,1.4992755656321248
SB83962_component_1288a,248.030788,-3.993955,8.85099983215332,31.056140899658203,248.0305698610612,-3.993857893021718,5.877306324195399,0.924839016682579,1.505961973721868
SB83962_component_1294a,242.670894,-2.985778,8.718000411987305,18.50955581665039,242.6709919963452,-2.986031412681115,6.857161038163341,0.7807727972986912,1.2713716891680846
SB83962_component_1295a,242.856976,-4.64072,8.793000221252441,32.20879364013672,242.85673003941497,-4.6407314334565815,5.059538405846607,1.0672798856225594,1.7379056182460422
SB83962_component_1306a,243.732213,-3.742636,8.038000106811523,31.896825790405273,243.7322876044119,-3.7426560932108868,4.703128884747661,1.04957448546313,1.7090750229871257
SB83962_component_1313a,241.533623,-7.774608,8.904000282287598,14.8153076171875,241.5333032241781,-7.7743252743727655,5.429871488342489,1.0070423889515856,1.6398178670349368
SB83962_component_1318a,246.800541,-6.211925,8.14900016784668,35.27705764770508,246.80038115071775,-6.211962796913036,5.523752626872549,0.9059875779293997,1.4752652260715917
SB83962_component_1326a,242.370717,-6.831949,8.645999908447266,21.507461547851562,242.370403330222,-6.8319486752637,5.521714409023928,0.9615977167828221,1.5658180173747192
SB83962_component_1327a,243.841555,-7.762359,7.894999980926514,35.24553298950195,243.8414478130057,-7.762466650508427,3.7933421018593383,1.2781512805808417,2.0812781365162696
SB83962_component_1329a,243.111853,-3.555309,8.071999549865723,30.927200317382812,243.11177068070987,-3.5554959211934976,7.386367338122925,0.6711233732703984,1.0928240067623058
SB83962_component_1331a,244.512472,-8.241315,7.6519999504089355,32.01673889160156,244.51246814554548,-8.24135957157111,7.843281486783633,0.5991413509310614,0.975612052595968
SB83962_component_1336a,244.336533,-5.180614,8.427000045776367,40.51442337036133,244.33640029391904,-5.180624240193195,7.087987804357009,0.7301333266164961,1.1889128873213162
SB83962_component_1337a,243.388289,-7.136918,7.531000137329102,33.176212310791016,243.3883705228174,-7.137095766015727,8.138513837393841,0.5682764865657871,0.9253532386621486
SB83962_component_1338a,244.977818,-4.103444,8.010000228881836,27.812501907348633,244.9776328294387,-4.103484617710241,4.844964186718137,1.0152993187093162,1.6532630418281005
SB83962_component_1340a,243.662695,-7.908087,8.583999633789062,37.64912033081055,243.6626149377598,-7.907985569898228,4.328285835412659,1.217940001423971,1.9832330766044852
SB83962_component_1341a,247.681334,-5.90491,7.809000015258789,36.15277862548828,247.68137269265867,-5.904981416593115,6.463178608041616,0.7419957255281923,1.2082290292183284
SB83962_component_1342a,243.13713,-4.418201,8.357000350952148,33.294822692871094,243.13714010062358,-4.418218632317117,5.114251154148422,1.003507230403564,1.6340613902337142
SB83962_component_1345a,246.865626,-7.216749,8.555999755859375,33.421871185302734,246.86569484710296,-7.21698320159844,5.3697870936050105,0.9785112749579153,1.5933592164294355
SB83962_component_1347a,242.330506,-4.782387,8.48900032043457,30.646209716796875,242.3303115918929,-4.78249191131076,7.537489315933587,0.6916429872066757,1.1262371281229644
SB83962_component_1352a,244.260515,-6.341209,7.7789998054504395,39.28787612915039,244.26046881229536,-6.341041853029422,4.600796670639708,1.038347825488012,1.6907940868355795
SB83962_component_1353a,242.800317,-3.123634,8.836999893188477,22.03740692138672,242.80029406793994,-3.1236933955044393,6.387097922888498,0.8496761199634095,1.3835704415178336
SB83962_component_1355a,248.771258,-5.142568,7.890999794006348,17.41942596435547,248.7711795915528,-5.142535353876975,6.123258966659332,0.7914100159753582,1.288692808351276
SB83962_component_1357a,245.669365,-3.020099,7.830999851226807,20.607894897460938,245.66944210787804,-3.0200392186041065,8.438465154971956,0.5699094938591095,0.9280123467254907
SB83962_component_1359a,244.662529,-8.665107,7.563000202178955,35.341121673583984,244.6625206308551,-8.665116529163182,3.2636000526946356,1.4231455461044689,2.3173796053638562
SB83962_component_1362a,244.811821,-8.865349,7.745999813079834,34.123348236083984,244.81185340821332,-8.865251524979039,4.133983143051408,1.1506968340355235,1.8737376387467066
SB83962_component_1365a,247.611112,-8.487799,8.574999809265137,33.893280029296875,247.61122016343958,-8.487673370732859,4.5180054134129115,1.1655730829190893,1.89796138442153
SB83962_component_1368a,247.545822,-9.133771,7.76800012588501,22.91445541381836,247.54567133071453,-9.133461706381865,3.7237194405546394,1.281104065056815,2.086086304270008
SB83962_component_1371a,246.931909,-8.257074,7.758999824523926,23.16119384765625,246.93194838030269,-8.257001120002586,4.75817025140886,1.0014237846977534,1.6306688106056193
SB83962_component_1374a,244.24983,-3.762498,7.998000144958496,27.96503448486328,244.24987560941875,-3.762446219361684,4.593044074361347,1.0693821538868127,1.7413288475945228
SB83962_component_1378a,247.829182,-3.25851,8.274999618530273,20.281862258911133,247.82883192799474,-3.2585831801255187,4.823077574701398,1.0536487897564795,1.7157094179731471
SB83962_component_1383a,243.091657,-9.554692,7.9070000648498535,18.648584365844727,243.09143267178302,-9.55489778225086,3.7676525996245362,1.2888222599039525,2.098654229861273
SB83962_component_1392a,244.034646,-6.897781,8.045000076293945,36.07623291015625,244.0345197052291,-6.897749258040452,8.270280710670619,0.5973899874080154,0.9727602191197684
SB83962_component_1395a,243.683218,-8.855814,7.7230000495910645,32.0456428527832,243.6830981684746,-8.855644611084035,4.770479901331793,0.994205370090219,1.6189147023625454
SB83962_component_1396a,242.543967,-3.165324,7.716000080108643,15.81147575378418,242.5441421898958,-3.165649558720143,5.622722812421262,0.8427479147666805,1.3722888958820951
SB83962_component_1398a,247.874253,-5.176275,7.5320000648498535,30.868852615356445,247.8740529458942,-5.176376424652337,5.4086279231295,0.8552150728521735,1.392589797615759
SB83962_component_1401a,243.189236,-7.038286,7.5970001220703125,28.03321075439453,243.18910495041112,-7.038256177507013,2.75439649105194,1.6938221756196445,2.7581360006630415
SB83962_component_1412a,246.903075,-8.898725,7.390999794006348,27.996212005615234,246.90300155566717,-8.89886617601223,6.545063065268327,0.6934920583346433,1.1292480638157671
SB83962_component_1414a,247.336237,-9.02348,7.565000057220459,26.6373233795166,247.3360010122921,-9.02357560610639,4.33096180246499,1.0726961444155565,1.746725185365246
SB83962_component_1417a,246.301652,-7.348257,7.5929999351501465,31.118852615356445,246.30164375581305,-7.348292365615327,3.5041092592903325,1.3307237084809007,2.1668844700030596
SB83962_component_1421a,246.950386,-7.264133,7.211999893188477,21.592815399169922,246.95040495258706,-7.264033749025771,3.271616495224334,1.3537717895219301,2.2044148217604436
SB83962_component_1422a,242.717525,-8.864162,7.466000080108643,29.278432846069336,242.71736727125818,-8.864105048432194,5.27082351621631,0.869884620798188,1.4164769617382584
SB83962_component_1432a,248.877605,-5.326368,8.223999977111816,15.48775863647461,248.8774298572951,-5.326263628123238,3.607772372827772,1.399897085342819,2.279522965210204
SB83962_component_1438a,243.268726,-6.045634,7.480999946594238,32.95594787597656,243.26866403490095,-6.045439416696297,3.5690915753285988,1.2872239093131768,2.0960515550530467
SB83962_component_1441a,245.021061,-9.187299,7.388999938964844,31.576923370361328,245.0210719272188,-9.187150126049355,4.426661886504758,1.0250887069193695,1.6692035959401261
SB83962_component_1445a,243.079833,-8.878248,7.170000076293945,28.339921951293945,243.07994053046878,-8.878237419109166,4.146486545055492,1.061918134191271,1.7291748082105474
SB83962_component_1447a,244.793424,-3.75924,7.485000133514404,22.34328269958496,244.7932401905785,-3.7592049390884235,5.705409413620218,0.8056698942350083,1.3119128866801155
SB83962_component_1448a,245.246851,-6.087828,7.480000019073486,34.0,245.24687844539642,-6.0880302448598504,6.561738110237812,0.7000593225742804,1.1399418711031726
SB83962_component_1451a,243.646722,-6.020528,7.610000133514404,34.12556076049805,243.64661520373912,-6.0205302596143575,4.40273839108853,1.061485145969324,1.728469751670372
SB83962_component_1453a,242.903123,-4.382233,7.604000091552734,28.05904197692871,242.90308708797,-4.382151828753839,6.612352645272766,0.7062171238951732,1.1499689292870527
SB83962_component_1456a,246.391584,-2.543878,7.269000053405762,10.930827140808105,246.39156346387924,-2.5440677768465894,5.593573443253429,0.7980635298846351,1.2995270603218974
SB83962_component_1457a,242.90309,-9.081762,7.002999782562256,23.819726943969727,242.90295257828242,-9.081613489022399,5.074071729134831,0.8475779463188698,1.3801538796449617
SB83962_component_1458a,248.235468,-4.663802,7.735000133514404,28.542436599731445,248.23543095463148,-4.663861800293222,5.774659309342631,0.822595057847774,1.3394729834537948
SB83962_component_1459a,246.850534,-7.082869,7.6620001792907715,31.792531967163086,246.85044765000285,-7.0830309133400196,4.646262564705951,1.0127227045709843,1.6490674111904562
SB83962_component_1462a,246.855004,-8.849249,7.480999946594238,28.018728256225586,246.8550236784697,-8.849465833400865,3.4046791174885747,1.3493841421625898,2.1972701944706374
SB83962_component_1463a,247.184139,-9.337546,7.006999969482422,19.46388816833496,247.1842318914093,-9.337636342157339,3.608440782497318,1.1925172515161133,1.941835931871117
SB83962_component_1464a,245.804315,-7.249867,7.714000225067139,35.38532257080078,245.804480390304,-7.249972938459656,3.940408376330141,1.2022382771489655,1.9576651677538799
SB83962_component_1465a,247.453873,-7.135375,7.290999889373779,31.025531768798828,247.453705006582,-7.135277653557995,3.4706347648079436,1.2901206191787884,2.10076841369312
SB83962_component_1466a,245.085824,-7.510539,7.015999794006348,36.73298263549805,245.0858621511207,-7.5104739274326935,3.816578131437228,1.1289313867049928,1.8382958640923452
SB83962_component_1468a,246.575919,-7.746885,7.625,28.558053970336914,246.57618737336412,-7.747099029315552,3.8657509115892825,1.2113178539994018,1.9724499002614786
SB83962_component_1470a,241.438825,-5.076051,6.765999794006348,11.605488777160645,241.4386702123698,-5.076301243131464,5.0663585418766655,0.8201403825381817,1.335475911955514
SB83962_component_1471a,245.90403,-4.488593,6.4710001945495605,20.608280181884766,245.9040762132813,-4.488450362040876,5.402367560715746,0.7355961056679983,1.1978082057216104
SB83962_component_1472a,243.338875,-3.936437,7.330999851226807,26.755474090576172,243.33886279789385,-3.9363529285935415,5.035240600875889,0.8941185819546568,1.4559383418443927
SB83962_component_1475a,243.958421,-5.126746,7.247000217437744,35.87623596191406,243.95828454606675,-5.126897658597948,5.082898167687264,0.8755863908820183,1.4257614412793074
SB83962_component_1478a,243.655954,-5.098004,7.110000133514404,27.99212646484375,243.6557737874015,-5.097980497518056,3.8272291022244653,1.1408729573124816,1.8577409252510972
SB83962_component_1491a,246.544278,-4.139203,7.0929999351501465,20.323781967163086,246.54417423094094,-4.139406760362789,3.5699707430633416,1.2201618339160913,1.986850998410072
SB83962_component_1496a,247.940645,-7.40664,7.540999889373779,26.27526092529297,247.94064770876182,-7.406652954681135,5.025180079915172,0.9215723631493612,1.5006427171662824
SB83962_component_1497a,244.364901,-6.349005,7.03000020980835,31.5246639251709,244.36491142372236,-6.349027496888957,4.811632505776668,0.8972532192987853,1.4610426297869572
SB83962_component_1501a,245.265561,-2.52192,6.953999996185303,10.30222225189209,245.26580461022238,-2.522316652927798,6.2532592031661896,0.6829366070680698,1.1120600906267102
SB83962_component_1506a,247.280093,-6.442075,7.210999965667725,30.426158905029297,247.27998489496204,-6.442073125755432,4.726515595291751,0.9369286854469122,1.525648190572111
SB83962_component_1514a,244.911042,-9.882866,7.590000152587891,17.171945571899414,244.91076945708815,-9.882616354596525,4.339909193985078,1.0740222521522822,1.7488845534158397
SB83962_component_1516a,244.556783,-7.380208,6.929999828338623,37.66304397583008,244.55662527507337,-7.379925454068909,4.303986352909214,0.9888137017056539,1.6101351770445078
SB83962_component_1518a,243.4425,-4.862374,6.383999824523926,23.732341766357422,243.4423737122545,-4.862385651958076,3.143733559046349,1.247094238099345,2.030706389271905
SB83962_component_1519a,248.970188,-5.282258,7.564000129699707,12.863945960998535,248.97029522122858,-5.282385750146837,6.014279913831292,0.7723604520807585,1.2576734435496524
SB83962_component_1521a,245.707492,-3.211744,7.425000190734863,18.702770233154297,245.70745156333675,-3.211869827357422,3.787056798844936,1.2040562816544673,1.9606255160998671
SB83962_component_1522a,244.681969,-6.764677,6.265999794006348,32.29896545410156,244.6820558667288,-6.764860091569786,4.183043298377375,0.9199201965088105,1.4979524109724045
SB83962_component_1532a,243.391181,-3.174949,7.011000156402588,20.321739196777344,243.39112576885782,-3.1752297822853315,4.7972617955725125,0.8975087573339611,1.461458735246256
SB83962_component_1535a,245.626718,-2.68811,7.504000186920166,12.16207504272461,245.62675309725938,-2.688709513656037,4.8102490240704245,0.9580262599544319,1.560002434254494
SB83962_component_1541a,243.523134,-3.508222,7.031000137329102,23.996585845947266,243.52312623310607,-3.5083173958426146,4.402778515520419,0.9807140683089066,1.5969461358421344
SB83962_component_1543a,245.187316,-7.001638,6.708000183105469,31.345794677734375,245.18728769381923,-7.0016900589150115,4.673306849136002,0.8814971357713568,1.4353862050264556
SB83962_component_1554a,248.927168,-6.662293,7.448999881744385,14.721343994140625,248.92728689321018,-6.662201880597976,5.33301857339467,0.8577821579762188,1.3967699116792711
SB83962_component_1555a,245.795307,-3.333706,6.568999767303467,20.722396850585938,245.79527966205683,-3.333819544024314,3.7485850622635533,1.0761777621949211,1.7523944790349317
SB83962_component_1559a,242.362662,-4.634315,6.078999996185303,20.129140853881836,242.3623981175007,-4.634377248960498,5.830679384088945,0.6402728984346457,1.0425886240244984
SB83962_component_1560a,242.02842,-9.416069,7.252999782562256,11.422046661376953,242.02853854063446,-9.416180207485898,2.8142744645072773,1.5827173083545159,2.577218346694593
SB83962_component_1563a,246.205704,-5.846041,6.9029998779296875,29.004199981689453,246.20516956624655,-5.846153384713351,3.267188283917461,1.2975253159350228,2.112825854545724
SB83962_component_1568a,245.406669,-3.159913,6.827000141143799,15.103982925415039,245.406523980875,-3.1598916165668056,3.5892108510403635,1.1681082122453592,1.902089463249264
SB83962_component_1572a,243.611273,-9.407114,7.0279998779296875,21.894079208374023,243.61133441319348,-9.407373992446466,2.6499639870283884,1.6287105546817777,2.6521114672998753
SB83962_component_1579a,246.580569,-6.727596,6.742000102996826,23.907800674438477,246.58050145943977,-6.727737258983627,4.827430256815424,0.8576792122439539,1.396602279955964
SB83962_component_1580a,247.707088,-6.262167,6.461999893188477,30.625593185424805,247.7069733300726,-6.262265615535227,3.8111348923170763,1.041273373982677,1.6955579048685259
SB83962_component_1583a,242.502808,-7.358231,6.48199987411499,25.12403106689453,242.50273144305908,-7.358265779322707,4.568765735966458,0.8712890691151075,1.4187638957031825
SB83962_component_1585a,248.048656,-4.389638,6.396999835968018,21.907533645629883,248.0484049109872,-4.389555495852753,6.812782974190402,0.5766388815298698,0.9389701477652319
SB83962_component_1588a,243.859982,-3.157022,6.269000053405762,17.86039924621582,243.86010493662022,-3.157086609164023,4.754327321189219,0.8097693464455284,1.3185882312868755
SB83962_component_1590a,246.395441,-3.475106,6.116000175476074,19.602563858032227,246.39537602896925,-3.4751162581112527,2.978243455689968,1.2611287617442248,2.0535595113258407
SB83962_component_1594a,248.202342,-7.777218,6.408999919891357,22.646642684936523,248.20229888667515,-7.77722170171447,5.8577356353281145,0.671912368904779,1.0941087681114452
SB83962_component_1598a,247.660925,-7.64981,7.171000003814697,28.011716842651367,247.66080234288663,-7.649626115144529,3.7186389421865336,1.1842621447710084,1.928393725581274
SB83962_component_1599a,246.410168,-8.698636,6.910999774932861,23.50680160522461,246.41019040629345,-8.698647341532878,2.9943004518288237,1.4174170103663934,2.308051541959272
SB83962_component_1600a,247.190809,-8.511307,6.599999904632568,25.581396102905273,247.1909714110374,-8.511236192428292,2.99493988710591,1.353343236404649,2.203716987124681
SB83962_component_1604a,246.463123,-5.853773,6.931000232696533,31.220722198486328,246.4631328982712,-5.853785377657,2.9687785637600963,1.4337394834468729,2.3346302473695104
SB83962_component_1612a,247.217149,-9.711662,6.409999847412109,12.326923370361328,247.21707537696912,-9.711704035675492,3.1136953022661804,1.2642531522639706,2.058647113847923
SB83962_component_1620a,244.610635,-4.884937,7.052000045776367,22.82200813293457,244.6105294231403,-4.885055497871361,5.758280337717155,0.752093160947662,1.2246711921240192
SB83962_component_1622a,242.79494,-4.475595,6.968999862670898,26.90733528137207,242.79494676372772,-4.475704300743923,4.312197642468451,0.9924849630664901,1.6161132769140891
SB83962_component_1623a,243.26338,-9.509354,6.72599983215332,16.16826820373535,243.26350146389774,-9.509641676869988,3.049384665250431,1.354555417537944,2.2056908427461206
SB83962_component_1629a,243.406582,-3.810599,6.130000114440918,22.61992645263672,243.40657417976266,-3.8107666826523454,2.9754959327820605,1.2651827416857668,2.0601608111456655
SB83962_component_1632a,247.82353,-7.809815,6.723999977111816,29.884445190429688,247.82341107583483,-7.809607377627399,3.6430721715612338,1.1334753131848931,1.845694968549101
SB83962_component_1635a,243.442584,-8.079029,6.309000015258789,25.439516067504883,243.44272966331224,-8.07905977587824,2.715978350761478,1.4265479107075505,2.322919847093014
SB83962_component_1636a,245.982606,-5.970066,6.820000171661377,29.39655303955078,245.98241597448188,-5.97024647209081,3.8467464754426652,1.0887870794152017,1.772926865651203
SB83962_component_1639a,243.212961,-8.972816,6.97599983215332,26.32452964782715,243.2130328581073,-8.972922359563523,3.2958618768327392,1.2998390977385552,2.1165935020484303
SB83962_component_1641a,245.11074,-4.344247,6.940000057220459,20.47197723388672,245.1106229301322,-4.344274110270546,3.174643980865424,1.3425070742895513,2.186071918315886
SB83962_component_1644a,247.405502,-8.173461,6.925000190734863,19.23611068725586,247.40556051255524,-8.17350866617869,3.965636055275732,1.0724055986962404,1.7462520751298156
SB83962_component_1647a,244.388899,-4.671709,6.526000022888184,24.719697952270508,244.38880210530715,-4.671553809869703,3.3234381905000276,1.2059008526883601,1.963629124062727
SB83962_component_1648a,246.568558,-6.533937,6.189000129699707,25.158536911010742,246.5684167610306,-6.534007246225944,6.887922037422927,0.5518034435844353,0.8985293526950666
SB83962_component_1649a,244.532558,-6.75074,5.823999881744385,30.333332061767578,244.53253437868202,-6.750748324852741,3.754415117896743,0.9526452468688265,1.5512402594966754
SB83962_component_1650a,248.101493,-4.930166,5.935999870300293,21.507246017456055,248.10151387311063,-4.930309323435796,5.129605888083822,0.7106602445733776,1.157203886577279
SB83962_component_1654a,247.384957,-5.375948,6.375,30.649038314819336,247.38485850580804,-5.37596254550114,4.561836535817442,0.8582080963836394,1.3974634886512114
SB83962_component_1662a,243.616774,-5.904718,6.317999839782715,26.77118492126465,243.61654946130287,-5.90453017682551,4.022481036865367,0.9645788667330429,1.5706723740595174
SB83962_component_1663a,243.069332,-9.146331,6.111999988555908,20.305648803710938,243.06927287827926,-9.146360900250146,4.365632201963986,0.8597819787042328,1.4000263205421375
SB83962_component_1667a,247.20065,-4.183686,5.933000087738037,20.111865997314453,247.20049535183128,-4.183688858319027,4.061946575620135,0.8969996737708401,1.4606297688275847
SB83962_component_1675a,247.396199,-5.921671,5.885000228881836,26.99541473388672,247.3960625089023,-5.92161940062813,4.397881857274352,0.8217790454804912,1.3381442293970913
SB83962_component_1676a,243.913394,-2.775588,6.224999904632568,11.401098251342773,243.91331215653,-2.775929217502904,4.269370719681754,0.8954217087211975,1.4580602888232181
SB83962_component_1680a,247.070336,-8.186896,5.7170000076293945,21.573585510253906,247.07035804529863,-8.186723292668322,3.523165003398457,0.9965230461168195,1.622688691024904
SB83962_component_1681a,242.639305,-8.934007,6.335000038146973,21.402027130126953,242.6393143682605,-8.934087122804623,3.417294036503148,1.1384564201153804,1.853805955963174
SB83962_component_1687a,245.81244,-3.270501,5.695000171661377,16.949405670166016,245.81236261527823,-3.2703682008014674,11.452830095660122,0.30537470538032563,0.49725702067468996
SB83962_component_1689a,247.734394,-7.657613,5.908999919891357,24.620834350585938,247.7344016442927,-7.657555237947743,4.081732824989547,0.8890405039184338,1.4476694514924529
SB83962_component_1692a,247.765643,-4.848199,5.988999843597412,23.30350112915039,247.76545924492586,-4.848342464437788,7.402605737123159,0.49684602509911446,0.8090394188580533
SB83962_component_1695a,248.592977,-6.499428,6.34499979019165,17.974504470825195,248.59304736425813,-6.499345331567989,3.3437461829565964,1.1653340756716457,1.897572196876886
SB83962_component_1702a,245.922665,-4.969377,5.934999942779541,23.93145179748535,245.92247186307057,-4.969407827338011,3.8766761803102354,0.9401850274661648,1.5309506563699076
SB83962_component_1703a,243.564457,-3.741894,6.388999938964844,24.859922409057617,243.56433387707764,-3.741832156823921,5.394020617231102,0.7273985304298375,1.1844596808835506
SB83962_component_1704a,247.615693,-7.438435,6.439000129699707,26.281633377075195,247.61555882123113,-7.4383205424566405,5.94136831952294,0.6655552217119015,1.0837571049991266
SB83962_component_1706a,246.899652,-3.689122,6.486999988555908,18.69452476501465,246.8991886611688,-3.6889151063541274,4.61439205906611,0.8633393644443333,1.4058189910002552
SB83962_component_1709a,243.910709,-4.509514,5.953000068664551,22.048147201538086,243.91046865356867,-4.509291650159349,4.8071159153908365,0.7605073758612941,1.2383724822621736
SB83962_component_1714a,243.644306,-9.527803,5.080999851226807,13.371052742004395,243.64422136659843,-9.528076637274378,9.47661820502167,0.3292667943689646,0.5361617131029274
SB83962_component_1716a,247.060468,-6.539517,5.591000080108643,20.479854583740234,247.06027257223556,-6.539514692462015,3.8856712356535654,0.8836404405074361,1.438876256129848
SB83962_component_1717a,246.610463,-9.766152,6.1519999504089355,13.145298957824707,246.61045673290158,-9.766110385705803,2.787695037016373,1.3552618047780864,2.206841088684265
SB83962_component_1722a,247.980262,-8.50224,6.02400016784668,19.30769157409668,247.98033257285152,-8.502389010135053,6.850771506036726,0.5400048121737069,0.8793170466331396
SB83962_component_1724a,247.528228,-7.629494,5.5279998779296875,23.226890563964844,247.5281636260983,-7.62936202681503,2.7491481169484695,1.2348722266305487,2.010804672127204
SB83962_component_1725a,245.984262,-4.345078,6.104000091552734,20.279069900512695,245.98386286852423,-4.3452249964955225,2.6761536022507673,1.4007338762192283,2.2808855539603528
SB83962_component_1726a,248.311441,-4.559852,5.730000019073486,17.73993682861328,248.3114129797628,-4.559895629751107,5.915243438344606,0.5948865341846725,0.9686837200865971
SB83962_component_1729a,242.465649,-5.044442,6.020999908447266,23.247102737426758,242.4651381632758,-5.044511850435271,2.5677143008655348,1.4400383502543903,2.3448870095935845
SB83962_component_1731a,248.667511,-4.051866,6.2870001792907715,13.72707462310791,248.6669592423078,-4.051671028319091,3.706293868550643,1.0417314098166472,1.6963037476975136
SB83962_component_1736a,243.153679,-8.589816,5.5289998054504395,23.628204345703125,243.1536842333866,-8.589813056943395,5.772295493695553,0.5882340455630015,0.9578511376434491
SB83962_component_1739a,242.166657,-3.94851,5.571000099182129,14.358246803283691,242.16700859567803,-3.948718605213066,4.6933644650038495,0.7289555095883818,1.186994988503958
SB83962_component_1740a,242.499673,-6.469612,5.935999870300293,18.320987701416016,242.49957636589113,-6.469758423452528,2.994097360236572,1.2175312077034972,1.9825674171902254
SB83962_component_1741a,242.511643,-3.241943,5.840000152587891,16.0,242.51193531851942,-3.2422777487187053,3.236268312907697,1.1082059432119362,1.804547580092583
SB83962_component_1743a,247.038387,-3.218673,6.150000095367432,18.35820960998535,247.03853459202298,-3.2185482380376267,4.475155439619594,0.8439546983651156,1.374253962425539
SB83962_component_1749a,245.347074,-7.457023,6.460000038146973,32.29999923706055,245.3470232549147,-7.456912628075057,2.6922967514780627,1.4735393258531262,2.3994383362831204
SB83962_component_1753a,246.32525,-8.429229,6.099999904632568,16.758241653442383,246.3252272526681,-8.42922466491028,3.3776439866168184,1.1090933310124893,1.8059925583639054
SB83962_component_1759a,243.313747,-4.484613,5.890999794006348,21.5,243.31363435856494,-4.484619883219034,4.186732773303533,0.8641037759670486,1.4070637208015704
SB83962_component_1761a,242.176114,-8.47486,6.156000137329102,18.54216957092285,242.17607385035697,-8.47489355054987,3.902932701710496,0.9686339695092608,1.5772755022476246
SB83962_component_1766a,242.102072,-7.116206,6.040999889373779,18.36170196533203,242.10206047026878,-7.116283146091941,3.9279797710271214,0.9444777313203988,1.5379406823661232
SB83962_component_1770a,242.102206,-8.576843,5.64900016784668,15.104277610778809,242.10233119709025,-8.576843762859866,3.1201069872968206,1.1118705800201838,1.8105148928693713
SB83962_component_1774a,246.321455,-9.191798,5.923999786376953,21.232973098754883,246.321535147277,-9.191841680812084,3.934770057664385,0.9245870657920491,1.5055517093909527
SB83962_component_1778a,246.523162,-5.414179,5.534999847412109,23.0625,246.52311409012734,-5.414217013768465,3.935986864908009,0.8636069132119024,1.406254654140334
SB83962_component_1780a,247.958026,-9.287775,5.818999767303467,14.332511901855469,247.95791494295673,-9.287918300023565,3.185471887162847,1.1218290981508858,1.8267308497536865
SB83962_component_1781a,247.323367,-3.389059,5.197000026702881,14.23835563659668,247.32328640825855,-3.3890480392490914,14.428006220485207,0.22120683175171474,0.36020223080608765
SB83962_component_1782a,243.298941,-3.265062,5.886000156402588,16.962535858154297,243.29903705464724,-3.2652056380726244,4.279631935352914,0.8446289969179526,1.3753519567371877
SB83962_component_1786a,248.381127,-4.062867,5.572000026702881,14.586387634277344,248.3807498954456,-4.062731015533384,3.936615533904936,0.8692410853250977,1.4154290604995203
SB83962_component_1787a,248.744915,-7.478189,6.138999938964844,12.352112770080566,248.74504505521318,-7.478075188679159,3.5493107993249744,1.062198627693605,1.7296315499145325
SB83962_component_1790a,247.483394,-6.560198,5.429999828338623,26.359222412109375,247.48336196959826,-6.560139861636623,4.428013341871054,0.7530833268933448,1.2262835292280714
SB83962_component_1794a,245.269053,-9.462849,5.625,17.149389266967773,245.26877818228357,-9.462895904445924,3.270767798964763,1.0561484129712249,1.7197796804103243
SB83962_component_1795a,242.106191,-3.450358,5.701000213623047,12.668889999389648,242.10605367435673,-3.4506372373527054,6.156872776507676,0.568647344151103,0.9259571247559202
SB83962_component_1796a,245.614924,-5.266991,5.46999979019165,26.047618865966797,245.61501962319187,-5.266980258044429,4.418019202494955,0.7603470196022577,1.2381113660851946
SB83962_component_1801a,241.754031,-7.811929,6.039999961853027,13.917051315307617,241.7539037519027,-7.812011886923546,5.567237231478889,0.6662685987064533,1.0849187327065912
SB83962_component_1802a,248.116903,-6.319865,5.810999870300293,24.727659225463867,248.11706444349272,-6.319814854410194,5.0085073402553375,0.7125161106219365,1.1602258867816782
SB83962_component_1804a,248.156919,-5.06807,5.59499979019165,20.645755767822266,248.15667679434094,-5.068171612145063,3.523807257687842,0.9750795905641146,1.5877712318076185
SB83962_component_1807a,241.814065,-8.794642,5.558000087738037,10.667945861816406,241.81431710013774,-8.794912465281449,3.5934043639132693,0.9498709281961075,1.546722696603311
SB83962_component_1808a,245.581475,-7.645204,6.193999767303467,33.12299346923828,245.58139442993618,-7.645288487606524,3.8818574837894992,0.9799044619533924,1.5956278130171941
SB83962_component_1811a,245.091021,-5.312285,6.051000118255615,26.656389236450195,245.0908565615034,-5.312188545761899,3.3847028554052545,1.0978898020041965,1.7877492875312158
SB83962_component_1818a,244.916697,-7.108288,5.821000099182129,32.519554138183594,244.91665101001522,-7.108144005860793,3.1012711165601545,1.1526833226425572,1.8769723382451722
SB83962_component_1821a,248.788162,-8.436253,5.730999946594238,10.252235412597656,248.78791649904136,-8.436377442723375,3.603951530778295,0.9765704981786119,1.590198951803493
SB83962_component_1822a,244.568005,-8.49595,5.955999851226807,26.708518981933594,244.56787448305366,-8.496147860346355,2.4700610591751677,1.480809277354954,2.4112763646481294
SB83962_component_1823a,241.896107,-4.900862,5.298999786376953,13.799478530883789,241.89575631684684,-4.901137130009899,3.929392834187817,0.828172090460455,1.3485543466850205
SB83962_component_1824a,247.827188,-8.537668,5.563000202178955,20.992454528808594,247.82711307122267,-8.53788013327112,2.466955062691507,1.3848411966137844,2.2550067029229095
SB83962_component_1830a,245.54635,-8.713382,5.760000228881836,26.666667938232422,245.54607878064024,-8.713231728941823,2.995589520004489,1.1808434788191715,1.9228269395445088
SB83962_component_1833a,244.683652,-5.14639,5.322000026702881,23.86547088623047,244.6835344072972,-5.146375946711403,3.5943477933682706,0.9092994160020703,1.4806580588896279
SB83962_component_1838a,241.620722,-6.94553,6.099999904632568,12.248995780944824,241.6207829249211,-6.945710937519307,3.4161352560850338,1.0965966331158354,1.7856435554672103
SB83962_component_1844a,248.389312,-6.663054,5.053999900817871,17.671327590942383,248.38942473569614,-6.662889835550624,3.815261332917379,0.8135103364075903,1.3246798737514733
SB83962_component_1849a,245.615,-9.74287,5.422999858856201,13.357142448425293,245.61482383052999,-9.742924122591916,2.1515649664549574,1.547879920251355,2.5204908721819583
SB83962_component_1851a,244.725944,-9.291505,5.666999816894531,20.532608032226562,244.72570258545466,-9.291248444092222,3.086654037161964,1.1275021561109866,1.8359685758968556
SB83962_component_1853a,247.519697,-3.75811,5.23199987411499,18.553190231323242,247.51966969297402,-3.758240423353969,3.6354185978660056,0.883823281884499,1.4391739859575399
SB83962_component_1855a,246.651432,-9.491883,5.985000133514404,16.175676345825195,246.65119435297035,-9.491742648774279,3.3327861930921823,1.1028307029627549,1.7957948055352089
SB83962_component_1858a,247.132908,-3.091598,4.877999782562256,12.736291885375977,247.13269026978807,-3.091655157624044,3.570843019517774,0.8389250370687575,1.3660639114908522
SB83962_component_1859a,244.253114,-5.62,5.781000137329102,25.35526466369629,244.2528306480193,-5.619848920044072,2.695701558935687,1.3169925168999168,2.14452527883374
SB83962_component_1860a,245.611355,-9.126117,5.35099983215332,22.965665817260742,245.61110512590756,-9.126016148604384,3.1274123438395147,1.0507561214783196,1.7109991404535783
SB83962_component_1863a,244.634938,-4.723564,5.2789998054504395,17.308195114135742,244.634837765069,-4.723770164181729,3.5401569114763,0.9157591603216864,1.4911767860733087
SB83962_component_1864a,244.948411,-6.398839,5.309000015258789,24.353212356567383,244.94857562206263,-6.398876930812477,3.495159493422432,0.9328200354854027,1.518957868803938
SB83962_component_1866a,246.935752,-8.934612,5.3460001945495605,19.440000534057617,246.93552611422234,-8.934805858549632,2.78887094794328,1.1772066030721164,1.9169048315025465
SB83962_component_1867a,245.530055,-9.219425,5.360000133514404,20.69498062133789,245.53002785195267,-9.219369260764521,2.376267004799059,1.3852293993275793,2.2556388329634087
SB83962_component_1868a,244.088466,-4.945626,5.210999965667725,20.760957717895508,244.08827971537474,-4.945689824630364,4.301630649878392,0.7439437333567814,1.2114010685261973
SB83962_component_1872a,246.710847,-5.018268,5.763000011444092,23.91286277770996,246.71084435069008,-5.0183954837355795,4.406937456862564,0.8030893577102951,1.307710869023077
SB83962_component_1877a,243.733326,-5.544367,5.451000213623047,25.004589080810547,243.73325557480814,-5.544259473874929,3.4878618065462788,0.9597741907587336,1.5628486780617867
SB83962_component_1879a,245.879545,-5.512128,5.867000102996826,24.144033432006836,245.8795953825807,-5.51226190811552,3.9763528957233207,0.9061149852845071,1.475472689888
SB83962_component_1886a,245.48859,-4.090995,4.953000068664551,17.62633514404297,245.48832268011583,-4.090883652671924,2.9620477768161466,1.0269006107727874,1.6721540102869117
SB83962_component_1888a,244.542509,-3.977228,4.691999912261963,16.348432540893555,244.5421253252269,-3.97715236292193,3.852987632064353,0.7478465901396395,1.2177562868916048
SB83962_component_1896a,248.408875,-6.59898,5.034999847412109,17.422143936157227,248.40877814985592,-6.598881121620585,4.188281204177598,0.7382709270331382,1.2021637521353514
SB83962_component_1901a,246.605513,-5.719107,5.679999828338623,21.03703498840332,246.6052078661375,-5.719094459379124,2.7779486812794025,1.255672090817361,2.0446741390926855
SB83962_component_1902a,242.703124,-6.17147,5.401000022888184,21.263778686523438,242.70295931948172,-6.171625657206798,3.2077196737589646,1.0340223090253353,1.6837506304156014
SB83962_component_1910a,247.163789,-5.706049,5.214000225067139,22.7685604095459,247.1637620353986,-5.706129438053355,2.979325322715798,1.074744558910081,1.750060721906773
SB83962_component_1922a,248.217316,-7.865818,5.5329999923706055,18.62963104248047,248.21738936961282,-7.865716230528588,3.5106411504153976,0.9678908135020227,1.5760653838732313
SB83962_component_1923a,248.596624,-5.700725,5.693999767303467,16.315185546875,248.59689373083927,-5.700720933997833,5.424959791249961,0.6445744086638973,1.0495929898849106
SB83962_component_1924a,247.429073,-8.863546,5.230000019073486,14.289617538452148,247.42885902217526,-8.863693953860174,2.7704159871264054,1.1593347220266266,1.8878031470278467
SB83962_component_1925a,244.420602,-4.456689,5.275000095367432,18.0034122467041,244.4203427277472,-4.45655122905682,3.106892803137208,1.0426735102274338,1.697837817269061
SB83962_component_1930a,243.116745,-6.550351,5.236999988555908,15.917933464050293,243.11679027364244,-6.550309695402384,5.467655249557294,0.5882116029400686,0.957814593189638
SB83962_component_1932a,248.358988,-7.271216,5.625999927520752,20.237409591674805,248.3591414835538,-7.271187418420417,3.1438295665740204,1.0989877857047488,1.789537189718484
SB83962_component_1936a,243.552386,-4.152778,5.328999996185303,21.063241958618164,243.55234001976044,-4.15286761293423,3.2671362469440646,1.0016837108680856,1.6310920614865128
SB83962_component_1946a,241.88914,-7.060822,5.178999900817871,14.150273323059082,241.8884996921541,-7.060817029331676,3.0123956285402467,1.0558106329666415,1.7192296562080467
SB83962_component_1956a,247.570084,-8.313402,5.413000106811523,19.541515350341797,247.56999161022424,-8.313439426110925,6.0076442323818515,0.5533322294047772,0.9010187516822098
SB83962_component_1961a,245.521245,-9.924391,5.288000106811523,10.903092384338379,245.52078020558665,-9.924187946617218,2.634843436538334,1.2325052512230439,2.006950406798711
SB83962_component_1966a,243.520623,-8.723365,4.809999942779541,18.937007904052734,243.5204991290563,-8.723262151792843,1.6658221162430533,1.7732443507891382,2.8874631305937912
SB83962_component_1969a,247.008744,-3.045654,5.421000003814697,13.221951484680176,247.00849238084916,-3.045510745924575,3.528501432875224,0.9434985713248176,1.5363462668052135
SB83962_component_1971a,243.74086,-7.354652,5.033999919891357,22.98630142211914,243.74090331225383,-7.354695569362697,2.942804488950042,1.0505190490783787,1.7106131035186198
SB83962_component_1976a,242.200447,-7.896149,5.35699987411499,17.060508728027344,242.20045821301358,-7.896011629279441,3.3876244722606716,0.9711325526247007,1.5813440710386917
SB83962_component_1981a,245.696411,-9.621993,5.107999801635742,14.470254898071289,245.69644082000357,-9.621829019366947,2.5592586704355518,1.2257130947587112,1.9958903961694612
SB83962_component_1982a,243.712053,-5.592442,4.638999938964844,19.995689392089844,243.71189935810654,-5.592221867158377,4.3087508874417475,0.6611882366924585,1.0766461232385556
SB83962_component_1989a,247.603931,-3.755235,5.135000228881836,18.809524536132812,247.60360848057965,-3.755058344926456,3.7289773112989764,0.8456737765361124,1.3770532240361302
SB83962_component_1992a,243.106275,-9.489937,4.539999961853027,11.493670463562012,243.10642847643211,-9.490058407074836,2.6910749565619976,1.0360535232951602,1.6870581589645268
SB83962_component_1994a,246.957381,-6.714706,4.97599983215332,18.777359008789062,246.95726141732777,-6.714476448309912,4.601160843932232,0.6641483211860603,1.0814661779788477
SB83962_component_1998a,245.687939,-9.739263,5.432000160217285,12.721312522888184,245.6880891950392,-9.7394455191596,3.3708240092012165,0.9896367922530406,1.6114754568585457
SB83962_component_2000a,246.336226,-3.900525,5.269999980926514,21.598360061645508,246.33617605577712,-3.9004497999886536,3.3753888404518855,0.9588240986298474,1.5613015951729532
SB83962_component_2003a,246.709952,-3.374001,5.38700008392334,16.993690490722656,246.70992240133666,-3.3740652333045826,3.7011243528216,0.8938516428336765,1.4555036714225749
SB83962_component_2004a,244.083633,-8.25537,5.1539998054504395,18.741817474365234,244.083409229746,-8.25511780061971,3.1834160648015057,0.9942672435333624,1.6190154540078332
SB83962_component_2006a,244.623229,-3.652521,5.3520002365112305,16.366973876953125,244.6232574226242,-3.6523972190772573,4.741772797449796,0.6931504675227539,1.1286918342839254
SB83962_component_2008a,247.502733,-9.687927,5.331999778747559,10.234164237976074,247.50252766352392,-9.687789833659345,3.32410352303888,0.9850714211637706,1.6040414330637542
SB83962_component_2011a,244.072578,-5.662557,5.113999843597412,23.56682014465332,244.07240148659747,-5.662658666839438,2.7276150702088566,1.1514093890789825,1.8748979280297888
SB83962_component_2017a,245.702184,-9.292502,5.10699987411499,18.914813995361328,245.70233360032023,-9.292390209664289,2.088828605045694,1.5014648802316335,2.4449109236529596
SB83962_component_2019a,246.28286,-5.13618,5.179999828338623,19.923076629638672,246.28277436917065,-5.136386912295598,5.232876856202644,0.6079129122774284,0.9898952279373162
SB83962_component_2020a,241.976102,-8.594698,5.144999980926514,12.021027565002441,241.97617802291677,-8.594777429841033,2.4869228475968814,1.2705015600440348,2.0688217110949534
SB83962_component_2022a,244.209209,-7.582217,4.767000198364258,24.321430206298828,244.20907330972085,-7.582059482482434,4.132542780765879,0.7084022783139813,1.153527126337648
SB83962_component_2023a,243.63225,-6.619086,5.061999797821045,19.92913246154785,243.63232560067186,-6.619213349947149,1.9067883174880111,1.6303159538865688,2.6547256197214835
SB83962_component_2027a,244.231268,-5.880029,4.789999961853027,18.710935592651367,244.2313384879892,-5.879896871485244,4.235884247796935,0.6944541276141866,1.1308146497025469
SB83962_component_2030a,248.035372,-4.124211,5.435999870300293,18.68041229248047,248.03513949561366,-4.123893684765747,2.1442685294025927,1.5568701912342282,2.53513018344526
SB83962_component_2031a,246.639305,-6.121594,5.117000102996826,20.971311569213867,246.6393473733946,-6.121605222731556,3.635426432147817,0.8643949134722497,1.4075377946717773
SB83962_component_2039a,243.230776,-7.309411,4.644999980926514,20.283842086791992,243.2307219991603,-7.309419876979195,2.272443796514404,1.2552918326931986,2.044054945627814
SB83962_component_2040a,245.714798,-3.437169,5.256999969482422,16.90353775024414,245.7145425549681,-3.4371311719540847,3.044812617944362,1.0603019038703534,1.7265430189367676
SB83962_component_2051a,247.042074,-3.358707,5.020999908447266,15.593167304992676,247.04207282726648,-3.3586153189031553,4.152754474260625,0.7425164780943947,1.2090769968627213
SB83962_component_2058a,245.591057,-7.925472,4.84499979019165,23.75,245.59114442039325,-7.9254020478649005,2.638248949663931,1.1277948993740452,1.8364452645034968
SB83962_component_2061a,246.993898,-8.49584,4.556000232696533,14.744338035583496,246.9936515698117,-8.49580709999158,2.791683515072998,1.0022352950994327,1.6319902338848755
SB83962_component_2067a,246.221176,-7.316982,5.007999897003174,21.401708602905273,246.22097880775868,-7.317034030487493,2.3423224070610575,1.3130152666476738,2.1380489218334278
SB83962_component_2068a,244.96848,-3.468627,4.48799991607666,13.981307983398438,244.9680461973993,-3.4686058452919237,2.811095808003596,0.9804587575434671,1.5965304004575995
SB83962_component_2078a,241.994498,-5.339838,4.9720001220703125,15.684542655944824,241.99435036111961,-5.339945203457799,3.572103548785243,0.8547895973871933,1.391896974476322
SB83962_component_2084a,248.100023,-6.719211,4.572000026702881,15.711339950561523,248.09998193269962,-6.719247830342601,2.9117967651645214,0.9642669961261027,1.5701645394350026
SB83962_component_2096a,243.219246,-5.212154,4.598999977111816,17.96484375,243.21887645108987,-5.211973855642692,4.442548319956922,0.6357456315756742,1.0352166472679833
SB83962_component_2097a,245.686463,-8.665525,4.7789998054504395,22.023040771484375,245.68659260950724,-8.665607768198239,2.220023478440426,1.3220003885545268,2.152679848596783
SB83962_component_2098a,246.344739,-9.29177,4.497000217437744,15.1414155960083,246.3446919638065,-9.291635505193167,2.6112376658741927,1.0576175391334248,1.7221719325698506
SB83962_component_2101a,242.400859,-8.220007,4.603000164031982,16.617328643798828,242.40111097449557,-8.220050842796992,2.760202449921648,1.024123167525021,1.6676313594905492
SB83962_component_2108a,244.67836,-3.732382,4.682000160217285,14.769716262817383,244.67827003223255,-3.732453117968731,3.0364163209948187,0.946939525549049,1.54194934595903
SB83962_component_2114a,242.211753,-3.42084,4.7270002365112305,11.201422691345215,242.21161822124822,-3.421374407634546,3.8587560971170918,0.7522989103030229,1.225006224167112
SB83962_component_2118a,244.166207,-9.331402,4.235000133514404,14.756097793579102,244.16624930566468,-9.331697789868326,2.321282852821763,1.1204113572473113,1.8244222708000952
SB83962_component_2120a,244.049638,-9.088154,4.7220001220703125,18.664031982421875,244.04984634535018,-9.088220752542606,3.366449020693565,0.8614024233502267,1.4026649722137998
SB83962_component_2121a,247.748769,-7.635076,4.625,18.5,247.74853387924503,-7.634881781350071,3.232982475123464,0.878537945319757,1.4305676060998063
SB83962_component_2124a,248.69928,-7.397259,4.730999946594238,11.710395812988281,248.69947572709634,-7.397312418367646,2.5268631196592666,1.1498028049462514,1.872281846130307
SB83962_component_2126a,247.176812,-5.18691,4.422999858856201,17.906883239746094,247.17660800024169,-5.1871579640565555,5.143008852199438,0.5281433199178763,0.8600023810895598
SB83962_component_2134a,243.841666,-8.817907,4.38700008392334,17.83333396911621,243.8415986145786,-8.817934399820475,2.8215396171554086,0.9548466474106051,1.55482491092795
SB83962_component_2137a,247.242834,-9.376513,4.797999858856201,13.827088356018066,247.24249317450034,-9.376215732394357,12.42772911273548,0.23709401432154917,0.3860721307434507
SB83962_component_2139a,247.055784,-7.805118,4.458000183105469,18.048583984375,247.05555900655526,-7.805499586968059,3.3431752397406505,0.8189041607872234,1.333462909784921
SB83962_component_2143a,246.585712,-6.811149,4.6020002365112305,16.319149017333984,246.5854361685124,-6.811160432992754,4.229064313061539,0.668273876414486,1.0881840274450008
SB83962_component_2155a,247.126284,-9.080048,4.77400016784668,17.234657287597656,247.12615444611623,-9.080246801934317,2.7172956344572325,1.0789409493320081,1.7568939158879062
SB83962_component_2163a,245.718113,-6.517785,4.322000026702881,19.20888900756836,245.718152660808,-6.5178563128738025,2.441166835871331,1.0872750978310137,1.7704648298485588
SB83962_component_2164a,242.840063,-8.5602,4.170000076293945,17.375,242.84039918693153,-8.560276608820763,2.8134865521849566,0.9102136763415303,1.4821467950701661
SB83962_component_2171a,248.728663,-6.493222,4.271999835968018,11.453083038330078,248.7286243956039,-6.493030402624554,2.883154226565328,0.9099457278527839,1.4817104810439528
SB83962_component_2174a,245.109835,-4.031728,4.679999828338623,15.394737243652344,245.10956925073947,-4.031420626031621,2.37323364984076,1.2110371812206582,1.9719928666326823
SB83962_component_2177a,245.275481,-8.607938,4.333000183105469,19.43049430847168,245.27530102239706,-8.608001859930862,2.7471569491246246,0.9686287891275458,1.5772670667710373
SB83962_component_2183a,241.843688,-5.232756,4.495999813079834,12.736543655395508,241.84372301891406,-5.232995266566825,3.2405554113185295,0.8520380110976598,1.3874164278679884
SB83962_component_2185a,243.521855,-9.234863,4.416999816894531,14.24838638305664,243.52156396631923,-9.234969095582766,2.9045481410612544,0.9339012133475436,1.5207184051976712
SB83962_component_2200a,247.552667,-3.834621,4.570000171661377,16.205673217773438,247.55236307140888,-3.8344851264308,2.6835032800184617,1.0458423483644947,1.7029977960861433
SB83962_component_2203a,244.810099,-5.605711,4.245999813079834,20.813724517822266,244.80983003477542,-5.605798256043902,2.443280524206032,1.0672318433749555,1.7378273886334084
SB83962_component_2206a,245.884857,-3.65779,4.381999969482422,15.934544563293457,245.8845579869694,-3.6577999510592396,2.82942696850484,0.9510996436579492,1.5487234759050916
SB83962_component_2211a,245.290572,-9.386039,4.169000148773193,14.628070831298828,245.29018396131707,-9.386063323135364,6.274530071775296,0.40804009778999306,0.6644322524688497
SB83962_component_2224a,245.932919,-5.271434,4.709000110626221,14.854889869689941,245.93311102968616,-5.2718556282247535,2.9644097941743506,0.9755344228915018,1.588511858205412
SB83962_component_2226a,245.051963,-3.976678,4.379000186920166,14.744109153747559,245.05178794534913,-3.976598529599343,5.170506777235907,0.5201085455600019,0.8469189531284453
SB83962_component_2227a,245.804498,-2.818264,4.185999870300293,10.11111068725586,245.80475075309556,-2.81818012693616,3.351974897566108,0.7669209302223047,1.248815996008734
SB83962_component_2229a,243.441126,-4.180666,4.321000099182129,16.429656982421875,243.44126665374526,-4.180867967109053,2.7268082578836297,0.9731545401821181,1.5846365752668679
SB83962_component_2233a,247.369096,-6.50026,4.366000175476074,20.11981773376465,247.36886284470674,-6.500287978336827,1.663346914076047,1.6119555038637434,2.6248283737618814
SB83962_component_2234a,243.680125,-9.377034,4.543000221252441,14.422223091125488,243.6800700401819,-9.377079315405101,3.0746580819588125,0.9073985238187333,1.4775627403610918
SB83962_component_2236a,243.884366,-6.531698,4.321000099182129,22.273195266723633,243.88440727168995,-6.531834547800271,2.6403903358206056,1.0050051313874522,1.6365004978853657
SB83962_component_2243a,242.783393,-8.505647,4.0920000076293945,15.32584285736084,242.783513036042,-8.505553134890974,2.250146504807354,1.116804017966383,1.8185482584742767
SB83962_component_2244a,246.304623,-3.397446,4.620999813079834,16.27112579345703,246.3044742017147,-3.3974025181488683,2.4300272058435906,1.167822806912554,1.901624723364215
SB83962_component_2245a,246.838222,-3.165462,4.418000221252441,12.071039199829102,246.83815915096417,-3.165407473511347,3.1502340700020177,0.8612615252188205,1.4024355406865407
SB83962_component_2251a,244.990263,-8.60929,4.159999847412109,16.313724517822266,244.99054225774182,-8.609521001751641,2.3027061985446404,1.1094479246482132,1.806569961049012
SB83962_component_2256a,245.855738,-5.170982,3.8929998874664307,13.332191467285156,245.8559136184141,-5.170969102527344,6.052801767554165,0.39498452224512737,0.6431732009355936
SB83962_component_2261a,247.855907,-4.275844,4.068999767303467,15.832683563232422,247.85559213687105,-4.276122042314148,2.9111215810745996,0.858379740007633,1.3977429846133231
SB83962_component_2268a,245.248854,-7.580671,4.2179999351501465,23.04918098449707,245.24877562475308,-7.58067069069546,4.95839493237911,0.5224173491073235,0.8506784942857081
SB83962_component_2271a,242.528781,-7.663888,4.13100004196167,15.949807167053223,242.52883878731114,-7.664076366257164,2.1212066163095433,1.1959812298744914,1.9474765023827558
SB83962_component_2277a,244.181752,-7.406605,4.251999855041504,21.474746704101562,244.1816950631077,-7.406476201861142,3.419357324425412,0.7636614914393315,1.2435084875945244
SB83962_component_2282a,247.254848,-7.09471,4.421000003814697,20.095455169677734,247.25482446760194,-7.094585740849112,2.2152903028987456,1.2255809625304763,1.9956752386040522
SB83962_component_2288a,247.376733,-9.324063,4.047999858856201,11.59885311126709,247.376632192008,-9.324031905708097,1.8278030744624219,1.3600761425719694,2.2146805175096693
SB83962_component_2290a,244.64519,-6.556338,3.8289999961853027,19.2412052154541,244.64516108526843,-6.556633981431286,2.3716831889149947,0.9914728544076363,1.6144652093844818
SB83962_component_2291a,244.093751,-3.696668,3.9189999103546143,13.467352867126465,244.09406796232193,-3.6967184576139727,3.2380458781403387,0.7432662162456309,1.2102978332738628
SB83962_component_2292a,243.323697,-8.222993,4.431000232696533,16.290441513061523,243.32342884452382,-8.222730960090342,3.0452851695363146,0.8935645744720868,1.4550362235439553
SB83962_component_2293a,247.815803,-4.237777,4.135000228881836,15.25830364227295,247.8153838417143,-4.237785560091537,2.7987882642671855,0.9073140397079328,1.4774251706263013
SB83962_component_2306a,247.610096,-8.451509,4.329999923706055,16.339622497558594,247.61013541533168,-8.451656630181489,2.344204453855085,1.134343376142632,1.8471084792050858
SB83962_component_2307a,244.95332,-5.222955,3.684000015258789,16.745454788208008,244.95308058893954,-5.223240316253057,2.1389955495281647,1.057698478897525,1.722303730866309
SB83962_component_2309a,246.15177,-7.467437,4.355000019073486,17.995868682861328,246.15173302822186,-7.46760277133659,4.1028464333194234,0.6518610573332558,1.0614582070891834
SB83962_component_2311a,243.199092,-7.527908,4.267000198364258,18.31330680847168,243.19901605816486,-7.528143868551126,2.0803968006832125,1.2595883154126384,2.0510511249406624
SB83962_component_2314a,244.267825,-6.423646,4.041999816894531,20.517765045166016,244.2679349706516,-6.4235648810110835,2.660013287455257,0.9331782777921966,1.5195412128040056
SB83962_component_2316a,247.02449,-5.034908,4.163000106811523,18.83710479736328,247.02442521744663,-5.035259788345,2.963362900392187,0.8627276555736433,1.4048229146219553
SB83962_component_2319a,242.011986,-8.498761,4.533999919891357,12.090666770935059,242.01192886358132,-8.499052776472885,2.9384775033548407,0.9475699407650054,1.542975882821944
SB83962_component_2321a,242.521611,-4.240453,4.031000137329102,12.756328582763672,242.52136562667766,-4.240654844539544,4.234247425283273,0.5846402592500022,0.9519991942982466
SB83962_component_2323a,248.206054,-6.930257,4.364999771118164,15.645159721374512,248.20617767318043,-6.930281404204167,2.989903578070585,0.8965596301760071,1.4599132236682169
SB83962_component_2326a,245.196106,-4.468731,4.169000148773193,16.41338539123535,245.19588915181959,-4.468830137732818,3.524829826594215,0.7263499204292754,1.1827521763799285
SB83962_component_2328a,246.570049,-8.222487,4.074999809265137,14.818181037902832,246.57013608592624,-8.22284113027308,2.142100780188884,1.1682608705632138,1.9023380444807156
SB83962_component_2341a,247.532969,-4.860062,3.8410000801086426,16.700000762939453,247.53297829619308,-4.8603543563559946,2.7013017279802742,0.873219362887011,1.4219070903199345
SB83962_component_2347a,244.438514,-5.696282,4.210000038146973,16.640316009521484,244.4385339175454,-5.696391091414439,2.8751691279776765,0.8992301103199697,1.4642617010527599
SB83962_component_2361a,243.297487,-5.769105,3.693000078201294,15.260331153869629,243.29721378467184,-5.768769382303031,3.7882679969062463,0.5986744986265329,0.9748518534637057
SB83962_component_2364a,241.988727,-7.417769,3.634000062942505,11.391849517822266,241.98819912377368,-7.417609899495373,3.7207400480028854,0.5998017646058407,0.976687437461013
SB83962_component_2365a,248.087856,-8.749741,4.136000156402588,10.97082233428955,248.08824932230695,-8.74975895417936,2.8952753298112786,0.8772892629984377,1.4285343137546034
SB83962_component_2374a,248.031505,-6.657628,3.7850000858306885,12.701342582702637,248.03185523157242,-6.657635002480755,2.864046533317098,0.8115923808344832,1.3215567700455464
SB83962_component_2375a,245.857732,-4.709157,3.88700008392334,13.882143020629883,245.8575504282719,-4.709079251142984,3.484460013036166,0.6850640889791532,1.115524376626846
SB83962_component_2382a,245.470226,-3.946645,3.742000102996826,11.513847351074219,245.47011213969753,-3.9467074051399154,3.197987788867863,0.7185866282712756,1.1701108165649226
SB83962_component_2383a,244.900535,-8.675949,4.142000198364258,16.56800079345703,244.90073264967683,-8.676241829748813,2.7728557575319748,0.9173498079596895,1.4937669177753812
SB83962_component_2390a,243.826866,-8.295969,3.7799999713897705,13.309858322143555,243.82693502150008,-8.295606184999254,2.266335212453103,1.0242825816605488,1.6678909415603451
SB83962_component_2394a,248.165269,-4.664995,3.930000066757202,14.086021423339844,248.16501441122617,-4.664842184172889,2.2197314277669182,1.0872871720265782,1.7704844908696178
SB83962_component_2395a,246.968842,-9.246147,4.073999881744385,12.851734161376953,246.9689395688892,-9.246622529171244,2.365186956294908,1.0578100144305747,1.7224853497950754
SB83962_component_2405a,248.359771,-6.558833,3.8480000495910645,14.63117790222168,248.35988677830665,-6.558939421818853,2.7895679355061422,0.8471303939676991,1.379425107599281
SB83962_component_2410a,242.829653,-4.578618,4.019000053405762,14.940521240234375,242.82941729580455,-4.578467711742533,2.4453155762219554,1.0093347720179402,1.6435506698956088
SB83962_component_2420a,246.766524,-3.817902,3.2239999771118164,10.202530860900879,246.76646093668805,-3.8179004176993963,4.159680632334533,0.47597832830964354,0.7750594966475622
SB83962_component_2427a,245.630438,-8.594664,3.493000030517578,17.292078018188477,245.63054120435706,-8.594774791018732,2.0334982014687673,1.054889414238526,1.7177295893326254
SB83962_component_2430a,247.259906,-7.346319,3.490000009536743,13.320611000061035,247.26008023669414,-7.346195879503731,2.074918815118745,1.0329432374816727,1.6819935238463846
SB83962_component_2440a,244.821677,-5.986149,3.812000036239624,18.239234924316406,244.82169058540518,-5.986262389684273,6.915580405728324,0.3385138158842059,0.5512191041958043
SB83962_component_2451a,242.759144,-6.077245,3.5810000896453857,14.556910514831543,242.75914426155038,-6.077566153126955,2.517848814442089,0.8734274166672676,1.4222458747742057
SB83962_component_2453a,247.498691,-3.838067,3.308000087738037,13.07509994506836,247.49846663063295,-3.838235881617742,2.953670574454215,0.687789582248866,1.119962434656172
SB83962_component_2459a,247.221993,-6.486493,3.697999954223633,15.408333778381348,247.22193320242528,-6.486720885245206,2.9827134312209296,0.7613905968968115,1.2398106755800242
SB83962_component_2460a,247.537482,-5.680566,3.555000066757202,16.232877731323242,247.53730098551955,-5.680695786809263,3.341737329493458,0.6533102026946381,1.0638179235039011
SB83962_component_2465a,242.000558,-8.457323,3.9570000171661377,11.084033966064453,242.0006060369136,-8.457431285149834,3.0596910265440243,0.7942196297191431,1.2932678439873846
SB83962_component_2466a,248.309991,-5.030633,3.884000062942505,13.121622085571289,248.3097315417172,-5.030652195054683,3.4112085677453883,0.6992348925147435,1.138599410094002
SB83962_component_2468a,244.598541,-6.057306,3.9630000591278076,18.961721420288086,244.59868337122708,-6.0573984634125395,3.7019989959186876,0.6574154701943675,1.0705027374391143
SB83962_component_2476a,245.231612,-7.278503,3.9100000858306885,20.797874450683594,245.2317085826236,-7.278564558905068,2.7750818221793097,0.8652729193405936,1.4089674958701262
SB83962_component_2487a,244.052484,-6.471378,3.6710000038146973,16.917051315307617,244.0524191460911,-6.471603974438869,2.3884281360213477,0.9438964306136955,1.5369941211335176
SB83962_component_2488a,247.290127,-5.926936,3.6579999923706055,16.33035659790039,247.29017642393615,-5.92705564006153,2.7473484485527915,0.8176775853876777,1.331465615254415
SB83962_component_2493a,245.612653,-8.372974,3.558000087738037,16.626169204711914,245.61275977219069,-8.37328816189728,1.9401079883784307,1.1262432160345783,1.8339185803321512
SB83962_component_2500a,243.103978,-7.597991,3.9019999504089355,17.265487670898438,243.10413754099142,-7.598187657795032,1.9361712045349126,1.2376437132189084,2.015317623394897
SB83962_component_2513a,243.152668,-5.6475,3.4100000858306885,14.510638236999512,243.15266825344125,-5.647191997470002,2.4162228931635883,0.8667014686637968,1.4112936747180373
SB83962_component_2517a,244.554381,-3.849069,3.6500000953674316,13.035714149475098,244.55400831348305,-3.8491543077044925,4.049025771840388,0.5535979486620184,0.9014514357384322
SB83962_component_2533a,247.141807,-5.027947,3.4000000953674316,15.178571701049805,247.1417126126277,-5.027961083534394,2.9952551892048582,0.6971034585349349,1.1351286887412153
SB83962_component_2544a,244.906667,-8.235278,3.6419999599456787,16.479637145996094,244.9066223113419,-8.235032701233354,1.7834531110162897,1.2540948325902281,2.042105810043028
SB83962_component_2553a,242.547709,-7.262794,3.822000026702881,13.748201370239258,242.54771211411372,-7.26304851719325,1.6347464140622066,1.4357949774602636,2.3379773118483462
SB83962_component_2560a,242.248165,-4.969779,3.177999973297119,11.814126968383789,242.24829881503666,-4.970131037716722,2.6398532700220696,0.7393094174214778,1.2038547783644622
SB83962_component_2571a,245.361043,-8.40587,3.5789999961853027,16.194570541381836,245.36089324272058,-8.40588740416579,2.598710366395927,0.8457771668996457,1.3772215797749365
SB83962_component_2574a,242.189846,-4.556704,3.5230000019073486,10.873456954956055,242.18978455636878,-4.557017869868346,3.8752913140550764,0.5582907417461297,0.9090929471882482
SB83962_component_2587a,245.264424,-6.058081,3.6579999923706055,16.703197479248047,245.26427438248155,-6.058468325975252,1.935698686154311,1.1605345716766922,1.889756922673757
SB83962_component_2590a,246.235879,-5.399135,3.193000078201294,15.88557243347168,246.2358126712119,-5.399320754737058,2.287914248786281,0.8570601914774043,1.395594297249188
SB83962_component_2592a,242.903927,-5.442722,3.6059999465942383,14.540322303771973,242.90369148779894,-5.442920407460421,2.879741873071008,0.7689963740823276,1.2521955458281182
SB83962_component_2602a,246.943104,-4.397089,3.6010000705718994,12.3745698928833,246.94270149440635,-4.397239968906626,1.7953464347743173,1.2317625722770267,2.005741065247143
SB83962_component_2608a,241.99567,-8.395116,3.7139999866485596,10.065040588378906,241.99580711251238,-8.39527648403866,2.087072260721329,1.0928399162949332,1.7795263041658824
SB83962_component_2609a,243.443204,-7.320224,3.378999948501587,15.64351749420166,243.4431825391275,-7.320549774798444,2.0272667950319425,1.0235979690784054,1.6667761523950506
SB83962_component_2614a,243.076044,-8.969596,3.2950000762939453,13.672199249267578,243.07603559718703,-8.96948480515929,2.094737544554286,0.9660018311260802,1.5729894586842137
SB83962_component_2650a,243.394464,-9.089548,3.260999917984009,11.94505500793457,243.394541151023,-9.08948805035681,2.3633919745818552,0.8473584581630949,1.3797964760208528
SB83962_component_2653a,243.596374,-9.130098,3.5869998931884766,13.535849571228027,243.59630041172076,-9.130226189477375,2.3974943541488094,0.9188104121003924,1.4961452930978774
SB83962_component_2662a,242.877256,-4.980999,3.23799991607666,13.435684204101562,242.8767900800662,-4.980923515259493,2.5007765326443363,0.7951591949092903,1.2947977853314143
SB83962_component_2670a,247.878599,-8.018111,3.122999906539917,10.957894325256348,247.878715482974,-8.018045214262958,2.747670097188399,0.6980065874546045,1.1365992990699942
SB83962_component_2680a,247.122169,-6.389967,3.184999942779541,11.70955753326416,247.12217801888985,-6.390003435109056,2.502464427106735,0.78161638274798,1.2727453418636325
SB83962_component_2692a,248.325617,-5.089742,3.569000005722046,11.81788158416748,248.32534996179365,-5.089536296952926,2.528906679234431,0.8666941847818792,1.4112818140060746
SB83962_component_2698a,246.796209,-5.944261,3.196000099182129,14.331838607788086,246.79589340505711,-5.944411621348183,2.710710373801617,0.7240620803019008,1.1790267710157174
SB83962_component_2701a,246.890992,-7.485704,3.4200000762939453,12.808989524841309,246.89101441002208,-7.485662360211419,2.4561653280548645,0.8551073841278523,1.3924144426394864
SB83962_component_2712a,244.803379,-8.94707,3.3380000591278076,14.704846382141113,244.80359485316424,-8.947022068101829,1.567912490564073,1.307424616134545,2.1289453838886936
SB83962_component_2745a,242.641007,-7.009824,2.740000009536743,10.33962345123291,242.6411643711644,-7.009632076330311,2.3565126837883255,0.7140570643363184,1.1627350993638295
SB83962_component_2747a,244.794804,-5.384778,3.4019999504089355,15.05309772491455,244.79465094999915,-5.384808631458193,2.4725725955723212,0.8449624100773432,1.3758948701853915
SB83962_component_2771a,247.620014,-7.995988,3.135999917984009,12.015324592590332,247.62001026569948,-7.9958722753966525,1.8437300063506372,1.044553903279003,1.7008997560283834
SB83962_component_2779a,243.970189,-7.623848,2.867000102996826,14.407035827636719,243.97035155782316,-7.623694865060232,3.2163988804925956,0.5474064920554514,0.8913695749569909
SB83962_component_2781a,248.246308,-5.301916,2.5950000286102295,10.019305229187012,248.24589665982217,-5.302232350379006,4.170186240377383,0.38215016674011515,0.6222743731405611
SB83962_component_2802a,244.339533,-8.875757,3.365999937057495,13.251967430114746,244.33989611968357,-8.875822989895209,2.476168055087108,0.8348070815271957,1.3593584369777696
SB83962_component_2804a,247.456474,-8.47059,3.305000066757202,12.960784912109375,247.45630902730835,-8.470302141350807,1.8209165247918446,1.114637301967788,1.8150200856324308
SB83962_component_2813a,243.841616,-6.37648,3.056999921798706,14.839805603027344,243.84175757157237,-6.376850517728881,2.310853081178383,0.812409943180251,1.3228880480103207
SB83962_component_2854a,243.155598,-6.41,3.013000011444092,10.99635124206543,243.15530703607268,-6.409982704159687,2.8542854363908936,0.6482669324232403,1.0556057123893976
SB83962_component_2885a,246.907294,-4.169994,3.053999900817871,10.715788841247559,246.9071083379563,-4.1699038559270925,2.482237111684482,0.7555755424602423,1.2303417294189847
SB83962_component_3049a,244.166944,-6.882532,2.946000099182129,13.63888931274414,244.16687663372366,-6.882538645514695,2.6878127895319546,0.6731097454464902,1.0960585166704018
SB83962_component_3069a,245.768627,-7.246106,2.9730000495910645,12.491596221923828,245.76843080414386,-7.245994047197436,3.537618050650376,0.516102678081819,0.8403959972571067
SB83962_component_3080a,243.857411,-6.697829,2.7219998836517334,12.961904525756836,243.85729743665885,-6.698011199817941,3.464452018052525,0.4825093004995124,0.785694207761565
SB83962_component_3095a,246.920348,-5.801708,2.6080000400543213,11.747747421264648,246.92026687591758,-5.80162868985078,1.5655869635261606,1.0230162559778058,1.665828919640683
SB83962_component_3096a,247.011091,-4.8763,2.5859999656677246,10.911392211914062,247.0107822186608,-4.876665956000775,2.6080982006596796,0.6089150562235698,0.9915270694230894
SB83962_component_3141a,246.003891,-7.473961,2.690999984741211,13.800000190734863,246.00390887939955,-7.474003409730332,1.9382249526153843,0.852632047731481,1.3883837276524864
SB83962_component_3162a,245.029378,-6.91873,2.7769999504089355,13.099056243896484,245.0290721653778,-6.918807422574391,3.658325125019307,0.46617149015269965,0.7590905279077075
SB83962_component_3172a,247.344607,-8.549317,2.6659998893737793,10.663999557495117,247.34435512976444,-8.54912486766628,3.5576059493891723,0.460208273220594,0.7493803212892427
SB83962_component_3182a,242.966319,-3.536228,2.690000057220459,10.150943756103516,242.96587488389042,-3.536729780600269,2.750175012352198,0.60068127626958,0.9781195906218813
SB83962_component_3263a,243.477157,-7.385186,2.0980000495910645,10.386138916015625,243.47699554961943,-7.38541912378723,2.2127162930969804,0.5822800328071867,0.9481559186490394
SB83962_component_3307a,246.490975,-6.046133,2.316999912261963,10.531817436218262,246.490837531446,-6.046514352680722,3.5755815520124425,0.39795271031324425,0.6480064511346098
SB83962_component_3503a,243.943837,-6.449343,2.368000030517578,11.384614944458008,243.94399450783487,-6.449395426617688,2.651438040100278,0.5484693440291293,0.8931002703830937
